00
0.015825748443603516 0
0.027388811111450195 -1
0.03626132011413574 -2
0.04792666435241699 -3
0.059205055236816406 -5
0.06849169731140137 -7
0.07981562614440918 -9
0.08583450317382812 -10
0.09007000923156738 -11
0.09562373161315918 -12
0.09984302520751953 -14
0.1055605411529541 -15
0.10974884033203125 -17
0.1155240535736084 -18
0.1197052001953125 -20
0.1252450942993164 -21
0.12947750091552734 -24
0.13593673706054688 -25
0.14011621475219727 -26
0.1457216739654541 -28
0.14991068840026855 -29
0.15549302101135254 -30
0.1596846580505371 -32
0.1654052734375 -34
0.17009615898132324 -36
0.17571067810058594 -38
0.17992162704467773 -40
0.18624091148376465 -41
0.19073224067687988 -43
0.19604182243347168 -45
0.2004690170288086 -46
0.20582008361816406 -48
0.2099909782409668 -50
0.21555399894714355 -51
0.2197704315185547 -53
0.22584986686706543 -55
0.23006033897399902 -58
0.23647189140319824 -59
0.24120831489562988 -61
0.24622488021850586 -62
0.25071263313293457 -64
0.2560305595397949 -66
0.2604386806488037 -67
0.26580214500427246 -70
0.2707695960998535 -72
0.2760660648345947 -73
0.28072094917297363 -75
0.28688621520996094 -77
0.2921793460845947 -79
0.29662418365478516 -80
0.30120420455932617 -82
0.30622220039367676 -84
0.3154432773590088 -86
0.3196830749511719 -89
0.32541942596435547 -90
0.32962894439697266 -93
0.3361670970916748 -94
0.3409080505371094 -97
0.34618377685546875 -98
0.35066795349121094 -100
0.3559534549713135 -102
0.3603830337524414 -103
0.3657565116882324 -106
0.3699469566345215 -108
0.3761119842529297 -109
0.3805735111236572 -111
0.38682055473327637 -112
0.3917367458343506 -115
0.3965315818786621 -116
0.40125226974487305 -118
0.4062538146972656 -120
0.41075754165649414 -122
0.41610121726989746 -124
0.4206211566925049 -126
0.4259450435638428 -127
0.4306459426879883 -130
0.4384279251098633 -131
0.44370198249816895 -134
0.4482612609863281 -135
0.45357418060302734 -137
0.4580807685852051 -138
0.4635457992553711 -141
0.46804332733154297 -142
0.4732654094696045 -144
0.47815442085266113 -146
0.48341870307922363 -148
0.48873114585876465 -150
0.4940192699432373 -152
0.49849748611450195 -154
0.5039339065551758 -155
0.5084407329559326 -156
0.5137050151824951 -159
0.5182225704193115 -160
0.5236680507659912 -162
0.528153657913208 -164
0.5333824157714844 -165
0.5385916233062744 -168
0.5439233779907227 -170
0.5484304428100586 -171
0.553685188293457 -173
0.5581769943237305 -175
0.5634589195251465 -176
0.567927360534668 -178
0.5732221603393555 -180
0.5781679153442383 -182
0.5835819244384766 -184
0.5888857841491699 -186
0.5943458080291748 -188
0.5986795425415039 -190
0.6039648056030273 -191
0.6084425449371338 -192
0.6136825084686279 -195
0.6181502342224121 -196
0.6234450340270996 -198
0.6279542446136475 -200
0.6334195137023926 -201
0.6379292011260986 -204
0.644310712814331 -206
0.6486256122589111 -208
0.6539545059204102 -209
0.6584410667419434 -210
0.6637027263641357 -213
0.6682002544403076 -214
0.6734762191772461 -216
0.6779491901397705 -218
0.6836862564086914 -220
0.6882116794586182 -222
0.6943459510803223 -224
0.6986472606658936 -226
0.7042124271392822 -227
0.7086033821105957 -230
0.717656135559082 -232
0.7228119373321533 -234
0.7275509834289551 -236
0.7327113151550293 -237
0.7374675273895264 -240
0.743654727935791 -242
0.748133659362793 -243
0.7533788681030273 -244
0.7578558921813965 -247
0.76332688331604 -248
0.7678220272064209 -250
0.7728040218353271 -252
0.7775545120239258 -253
0.7879657745361328 -259
0.7971949577331543 -260
0.8024744987487793 -262
0.8069088459014893 -264
0.8125271797180176 -266
0.8172128200531006 -268
0.8224689960479736 -270
0.826887845993042 -271
0.8321819305419922 -274
0.8366527557373047 -275
0.8425254821777344 -278
0.8483638763427734 -279
0.8536834716796875 -281
0.8581666946411133 -283
0.8634788990020752 -284
0.8679513931274414 -286
0.8731911182403564 -288
0.8777124881744385 -290
0.8829059600830078 -292
0.8880541324615479 -294
0.8935508728027344 -296
0.8988122940063477 -298
0.9059062004089355 -300
0.9108223915100098 -302
0.9160933494567871 -304
0.9205820560455322 -306
0.9266059398651123 -307
0.9311873912811279 -309
0.9362425804138184 -311
0.9409167766571045 -313
0.9473936557769775 -314
0.9524104595184326 -316
0.9568350315093994 -318
0.9622066020965576 -320
0.9666664600372314 -322
0.971210241317749 -324
0.9762351512908936 -325
0.9807116985321045 -327
0.985985279083252 -329
0.9909312725067139 -331
0.9974067211151123 -332
