00
0.008980512619018555 0
0.014833688735961914 0
0.019264698028564453 1
0.02466726303100586 1
0.029138565063476562 1
0.034361839294433594 2
0.03882312774658203 3
0.044371843338012695 4
0.04883742332458496 5
0.05481982231140137 7
0.059250831604003906 8
0.06449174880981445 9
0.06902837753295898 11
0.07430624961853027 13
0.07876014709472656 14
0.08401608467102051 15
0.08853268623352051 18
0.09352755546569824 19
0.09827208518981934 22
0.10436081886291504 24
0.10885190963745117 26
0.11454319953918457 29
0.11901235580444336 30
0.1244513988494873 33
0.12891554832458496 35
0.13436508178710938 37
0.1388378143310547 39
0.14405417442321777 41
0.14856171607971191 44
0.15459346771240234 47
0.15912437438964844 49
0.16452980041503906 51
0.16900897026062012 53
0.17429184913635254 56
0.1788008213043213 58
0.18407201766967773 60
0.18859624862670898 63
0.1935896873474121 65
0.19831061363220215 67
0.20329976081848145 71
0.20888710021972656 73
0.21419215202331543 76
0.21908020973205566 78
0.2245020866394043 81
0.22896909713745117 83
0.23427557945251465 86
0.2387855052947998 88
0.2440023422241211 90
0.248490571975708 93
0.25362491607666016 96
0.25906848907470703 98
0.2643554210662842 101
0.26883792877197266 103
0.2741127014160156 105
0.2786121368408203 108
0.2840230464935303 110
0.2885725498199463 113
0.2936258316040039 115
0.2984170913696289 119
0.30341577529907227 122
0.3088364601135254 124
0.31407809257507324 126
0.31906819343566895 129
0.32435059547424316 132
0.32884716987609863 134
0.33409929275512695 136
0.3386099338531494 141
0.3474392890930176 143
0.3524661064147949 146
0.3584096431732178 149
0.3635897636413574 151
0.3683485984802246 155
0.37354516983032227 157
0.37828493118286133 160
0.38343381881713867 162
0.3881564140319824 164
0.393200159072876 167
0.39765477180480957 169
0.40312790870666504 172
0.40860724449157715 175
0.41364431381225586 177
0.418414831161499 180
0.42420482635498047 183
0.4287123680114746 185
0.43399596214294434 187
0.438495397567749 191
0.44350266456604004 193
0.4482698440551758 196
0.45434069633483887 199
0.4595365524291992 202
0.4650390148162842 204
0.4694089889526367 207
0.47469377517700195 209
0.4792048931121826 211
0.4844846725463867 215
0.4889349937438965 217
0.4942028522491455 219
0.4986863136291504 221
0.5037062168121338 223
0.5084521770477295 228
0.514697790145874 230
0.5191805362701416 233
0.5252485275268555 235
0.5295524597167969 238
0.5348470211029053 240
0.5392923355102539 242
0.5445892810821533 245
0.5490846633911133 247
0.5543844699859619 251
0.5589139461517334 253
0.5651223659515381 255
0.5694301128387451 259
0.5746948719024658 261
0.5791914463043213 263
0.5846083164215088 266
0.589111328125 268
0.5943715572357178 271
0.5988447666168213 273
0.6040956974029541 275
0.6085829734802246 279
0.614844560623169 281
0.6192989349365234 283
0.6245574951171875 287
0.6294269561767578 290
0.6347744464874268 292
0.6392300128936768 295
0.6448154449462891 297
0.6492781639099121 299
0.654566764831543 302
0.6590573787689209 305
0.6654138565063477 307
0.6696574687957764 311
0.6751015186309814 313
0.6793968677520752 315
0.6846861839294434 317
0.6891906261444092 319
0.6944353580474854 323
0.698930025100708 325
0.7043447494506836 328
0.7088119983673096 331
0.7148618698120117 333
0.7193329334259033 335
0.7246391773223877 338
0.7295081615447998 341
0.7347908020019531 347
0.7474575042724609 349
0.7525777816772461 353
0.7573537826538086 355
0.7630598545074463 358
0.7685658931732178 361
0.7740967273712158 363
0.7785921096801758 366
0.7835886478424072 368
0.7882943153381348 371
0.7943861484527588 374
0.7996561527252197 377
0.805018424987793 379
0.8093719482421875 382
0.815544605255127 385
0.8200280666351318 388
0.825474739074707 390
0.8296780586242676 393
0.8357048034667969 395
0.8400893211364746 398
0.8453872203826904 400
0.8496377468109131 403
0.8562960624694824 405
0.8604981899261475 409
0.8669257164001465 411
0.8714554309844971 415
0.8774492740631104 417
0.8824877738952637 420
0.8872904777526855 422
0.8916871547698975 425
0.89693284034729 427
0.901578426361084 430
0.9068202972412109 432
0.9112119674682617 435
0.917457103729248 437
0.9220595359802246 441
0.9270734786987305 443
0.9315602779388428 446
0.937375545501709 448
0.942084550857544 451
0.9472353458404541 453
0.9515902996063232 456
0.9568564891815186 458
0.9612526893615723 460
0.9675469398498535 463
0.9724631309509277 467
0.9772887229919434 469
0.9816455841064453 471
0.9869043827056885 474
0.991370677947998 477
0.9966728687286377 479
