00
0.008655071258544922 0
0.013055086135864258 0
0.018480777740478516 0
0.02291560173034668 0
0.02945852279663086 1
0.03365659713745117 1
0.03945040702819824 1
0.04360198974609375 1
0.05017709732055664 1
0.05451202392578125 2
0.059737443923950195 2
0.0641026496887207 2
0.0694420337677002 3
0.0743703842163086 3
0.08051633834838867 3
0.0854177474975586 4
0.09018874168395996 5
0.09490537643432617 5
0.09989094734191895 5
0.10432267189025879 6
0.1096200942993164 7
0.1137995719909668 7
0.1193234920501709 7
0.12348699569702148 8
0.12967848777770996 9
0.13411545753479004 9
0.13947105407714844 10
0.1436600685119629 11
0.14925074577331543 11
0.15344977378845215 11
0.1592092514038086 12
0.16343331336975098 13
0.16899657249450684 13
0.1737041473388672 14
0.17925381660461426 15
0.1845536231994629 15
0.18982315063476562 16
0.19430017471313477 17
0.1995859146118164 17
0.20374822616577148 18
0.20928192138671875 18
0.2134873867034912 19
0.22295475006103516 20
0.2285137176513672 21
0.23371362686157227 21
0.23949098587036133 22
0.2437441349029541 23
0.2494668960571289 23
0.2536497116088867 24
0.2592172622680664 25
0.2634086608886719 25
0.2689800262451172 25
0.27320337295532227 27
0.27935099601745605 27
0.2845797538757324 28
0.289813756942749 29
0.29419827461242676 29
0.2995903491973877 30
0.303802490234375 30
0.3093559741973877 31
0.3135404586791992 31
0.31911230087280273 32
0.32332825660705566 33
0.32892465591430664 33
0.33435869216918945 34
0.33964061737060547 35
0.34383463859558105 35
0.3494107723236084 36
0.3536219596862793 37
0.3592984676361084 37
0.3634953498840332 38
0.36922430992126465 39
0.37346816062927246 39
0.3794834613800049 40
0.38503122329711914 41
0.39012885093688965 41
0.39488697052001953 42
0.3998901844024658 43
0.404346227645874 43
0.4096360206604004 44
0.413820743560791 45
0.419403076171875 45
0.4236726760864258 46
0.42923879623413086 46
0.4345238208770752 47
0.43976473808288574 48
0.4442784786224365 48
0.4495680332183838 49
0.45379137992858887 49
0.4595315456390381 50
0.46375298500061035 51
0.4693307876586914 51
0.47354650497436523 52
0.47911739349365234 53
0.48557305335998535 53
0.49042463302612305 54
0.4949963092803955 55
0.4999966621398926 55
0.5044565200805664 56
0.5097169876098633 57
0.5143005847930908 57
0.5196220874786377 58
0.5238125324249268 59
0.5293805599212646 59
0.5335714817047119 60
0.539914608001709 61
0.5444402694702148 61
0.5497190952301025 62
0.5544452667236328 63
0.5615987777709961 63
0.5669558048248291 64
0.5714609622955322 65
0.576589822769165 65
0.581329345703125 66
0.5879204273223877 67
0.5923159122467041 67
0.5975847244262695 68
0.6020433902740479 69
0.6072878837585449 69
0.6117680072784424 70
0.6171672344207764 71
0.6262249946594238 72
0.6306631565093994 72
0.6362338066101074 73
0.64168381690979 74
0.6471059322357178 74
0.6515963077545166 75
0.6565799713134766 75
0.6613445281982422 76
0.6663789749145508 77
0.6710858345031738 77
0.6760687828063965 78
0.6804726123809814 79
0.6863536834716797 79
0.691901445388794 80
0.6973705291748047 81
0.7018561363220215 81
0.7071018218994141 82
0.711550235748291 83
0.7165791988372803 83
0.7213499546051025 84
0.7263875007629395 85
0.7309920787811279 85
0.73604416847229 86
0.741534948348999 87
0.746941089630127 87
0.7514252662658691 88
0.7565827369689941 89
0.7613770961761475 89
0.766387939453125 90
0.7710754871368408 90
0.7760746479034424 91
0.7805054187774658 91
0.7854125499725342 93
0.7917869091033936 93
0.7970371246337891 93
0.8015279769897461 94
0.8065431118011475 95
0.8112804889678955 95
0.8163769245147705 96
0.8209788799285889 97
0.826021671295166 97
0.8304412364959717 98
0.8349688053131104 99
0.84124755859375 99
0.8462674617767334 100
0.8508956432342529 101
0.8559577465057373 101
0.8603720664978027 102
0.8649539947509766 103
0.8699734210968018 103
0.8749589920043945 104
0.8799698352813721 104
0.884453535079956 105
0.8897571563720703 106
0.8964047431945801 107
0.9012155532836914 107
0.9062318801879883 108
0.9106457233428955 108
0.9159023761749268 109
0.9203712940216064 109
0.9249639511108398 110
0.9299757480621338 111
0.9346234798431396 111
0.939882755279541 112
0.9462325572967529 113
0.9506478309631348 113
0.9559640884399414 114
0.9603996276855469 115
0.9649453163146973 115
0.9699585437774658 116
0.9744584560394287 117
0.9797461032867432 117
0.984173059463501 118
0.9902467727661133 119
0.9972236156463623 119
