00
0.008350372314453125 0
0.013510942459106445 1
0.018236637115478516 1
0.023376941680908203 1
0.028108835220336914 2
0.034435272216796875 3
0.03888821601867676 5
0.044114112854003906 6
0.04860496520996094 8
0.05357098579406738 10
0.05876636505126953 12
0.06399822235107422 13
0.06850194931030273 16
0.07351279258728027 18
0.07825088500976562 21
0.08429837226867676 25
0.0887913703918457 29
0.09858226776123047 32
0.10398721694946289 35
0.1084747314453125 38
0.11361837387084961 41
0.11835932731628418 45
0.1236422061920166 47
0.12839293479919434 51
0.13442683219909668 55
0.13894152641296387 58
0.1442115306854248 60
0.14869165420532227 65
0.15412354469299316 67
0.15860891342163086 71
0.1636190414428711 74
0.16835403442382812 77
0.17336440086364746 81
0.17809557914733887 84
0.18410611152648926 88
0.18861150741577148 93
0.19360828399658203 95
0.1983652114868164 99
0.20342135429382324 103
0.20820403099060059 107
0.21341156959533691 110
0.21811532974243164 113
0.22311949729919434 117
0.22754502296447754 121
0.23244142532348633 125
0.23842716217041016 129
0.24346590042114258 132
0.248215913772583 137
0.2533848285675049 140
0.2581043243408203 144
0.26366114616394043 149
0.26967763900756836 155
0.27701401710510254 159
0.28365015983581543 164
0.2911832332611084 170
0.2981274127960205 174
0.30483293533325195 179
0.31084346771240234 185
0.3183553218841553 191
0.32565808296203613 195
0.33210015296936035 201
0.34004878997802734 207
0.34737491607666016 211
0.35317063331604004 215
0.35764622688293457 218
0.36333465576171875 223
0.3680093288421631 226
0.37308454513549805 230
0.37752580642700195 233
0.3830411434173584 238
0.3884754180908203 243
0.39360737800598145 245
0.3984220027923584 250
0.40341758728027344 253
0.4081556797027588 256
0.41321229934692383 261
0.41762733459472656 264
0.42255210876464844 268
0.42734813690185547 271
0.43168020248413086 276
0.4382057189941406 279
0.44324779510498047 283
0.4476814270019531 287
0.45314717292785645 291
0.45757246017456055 294
0.4625058174133301 299
0.4680037498474121 302
0.47304844856262207 307
0.47748422622680664 309
0.48203396797180176 314
0.4870028495788574 317
0.4932284355163574 325
0.5032472610473633 329
0.5076367855072021 332
0.5132503509521484 337
0.5176770687103271 340
0.5231525897979736 345
0.5275635719299316 347
0.5324416160583496 352
0.5372226238250732 355
0.5432982444763184 360
0.5479657649993896 363
0.5530929565429688 367
0.5575230121612549 371
0.5620756149291992 375
0.5676889419555664 378
0.5732252597808838 383
0.5776255130767822 386
0.5825560092926025 390
0.5873503684997559 395
0.5935373306274414 398
0.5983161926269531 401
0.6033725738525391 405
0.6080090999603271 409
0.6130576133728027 413
0.6175031661987305 416
0.6220619678497314 421
0.6272056102752686 424
0.6319277286529541 429
0.6369593143463135 433
0.643399715423584 436
0.6480193138122559 439
0.6530773639678955 443
0.657534122467041 447
0.6624412536621094 457
0.6763734817504883 461
0.6806213855743408 465
0.6863124370574951 468
0.6925702095031738 474
0.6973855495452881 477
0.7029595375061035 482
0.7074005603790283 485
0.71193528175354 489
0.7169475555419922 493
0.7225191593170166 497
0.7279379367828369 500
0.7330021858215332 505
0.7374253273010254 509
0.7435660362243652 512
0.7482943534851074 517
0.7534191608428955 520
0.7581906318664551 523
0.763218879699707 528
0.7676198482513428 531
0.7734370231628418 535
0.7781162261962891 540
0.7842433452606201 545
0.7894387245178223 549
0.7960202693939209 552
0.8002333641052246 557
0.8064751625061035 561
0.8106656074523926 564
0.8163580894470215 567
0.820575475692749 572
0.8261573314666748 575
0.8303921222686768 579
0.83597731590271 583
0.8401827812194824 587
0.8465445041656494 592
0.8507442474365234 595
0.8563048839569092 598
0.8605315685272217 603
0.8660917282104492 605
0.8703019618988037 610
0.8764500617980957 615
0.8806424140930176 617
0.886249303817749 621
0.8904268741607666 628
0.9003453254699707 633
0.9061698913574219 636
0.9103837013244629 641
0.9161033630371094 643
0.9202990531921387 648
0.925983190536499 651
0.9301865100860596 655
0.9356889724731445 659
0.9400935173034668 663
0.9464755058288574 668
0.9506776332855225 671
0.9562351703643799 674
0.9604413509368896 679
0.9660248756408691 681
0.9702439308166504 686
0.9755094051361084 689
0.9804444313049316 694
0.9859762191772461 697
0.9901711940765381 701
0.9966511726379395 706
