00
0.012490510940551758 0
0.018309831619262695 0
0.023219585418701172 0
0.031822919845581055 0
0.0372464656829834 1
0.04168343544006348 1
0.04664421081542969 1
0.051363468170166016 2
0.05744457244873047 2
0.06188821792602539 3
0.06714129447937012 4
0.07161307334899902 4
0.07705116271972656 5
0.0815134048461914 6
0.08766722679138184 6
0.09320068359375 8
0.09847140312194824 8
0.10291814804077148 9
0.10924577713012695 10
0.11345553398132324 11
0.11905860900878906 12
0.12371206283569336 13
0.12929415702819824 14
0.13353490829467773 14
0.13925719261169434 15
0.14348912239074707 17
0.1499800682067871 18
0.15462803840637207 19
0.16095924377441406 20
0.16605329513549805 20
0.17048883438110352 22
0.17538952827453613 22
0.18020367622375488 23
0.18455195426940918 24
0.18979716300964355 25
0.19449138641357422 26
0.1997511386871338 27
0.2041616439819336 28
0.21048641204833984 29
0.21542119979858398 30
0.2202150821685791 31
0.22453880310058594 32
0.23041105270385742 33
0.23497724533081055 34
0.23997831344604492 35
0.24446678161621094 36
0.24976110458374023 38
0.25444531440734863 38
0.260953426361084 40
0.2663297653198242 40
0.27095842361450195 42
0.2760453224182129 43
0.2804563045501709 44
0.2859072685241699 45
0.29033708572387695 46
0.2949211597442627 47
0.2999386787414551 48
0.3044161796569824 49
0.31062793731689453 50
0.316103458404541 51
0.32053685188293457 52
0.3254358768463135 53
0.3309364318847656 54
0.3360438346862793 55
0.34047365188598633 56
0.3450338840484619 57
0.35016846656799316 58
0.3545253276824951 59
0.36089468002319336 60
0.3660006523132324 61
0.3703906536102295 62
0.3754408359527588 63
0.3802468776702881 64
0.38460612297058105 66
0.3898434638977051 66
0.39429759979248047 68
0.3995990753173828 68
0.40381407737731934 70
0.4145355224609375 72
0.4197852611541748 72
0.4244685173034668 74
0.42973947525024414 74
0.4359118938446045 76
0.4403414726257324 76
0.44487428665161133 78
0.4499058723449707 78
0.4543943405151367 80
0.4597008228302002 81
0.46604180335998535 82
0.4704709053039551 83
0.4750492572784424 84
0.48010802268981934 85
0.4845266342163086 86
0.4897725582122803 87
0.4943983554840088 88
0.4996609687805176 89
0.5038273334503174 90
0.5094029903411865 91
0.5148906707763672 92
0.5199253559112549 93
0.5243878364562988 94
0.529639720916748 95
0.5346028804779053 96
0.5398740768432617 97
0.544527530670166 98
0.5497689247131348 99
0.5544345378875732 100
0.559711217880249 101
0.5660507678985596 102
0.5704917907714844 104
0.5753991603851318 104
0.580223798751831 106
0.5845789909362793 107
0.5898106098175049 108
0.5943119525909424 109
0.5995922088623047 110
0.60379958152771 110
0.6093418598175049 112
0.6150157451629639 113
0.6201863288879395 114
0.6250290870666504 116
0.6320738792419434 117
0.639868974685669 118
0.6465897560119629 120
0.6526098251342773 121
0.6604142189025879 123
0.669081449508667 124
0.676445484161377 126
0.6824600696563721 127
0.6896913051605225 128
0.696444034576416 130
0.7024819850921631 131
0.7097065448760986 132
0.7179672718048096 134
0.7243602275848389 136
0.7312345504760742 137
0.736375093460083 138
0.741619348526001 139
0.7466084957122803 140
0.751389741897583 141
0.7563784122467041 142
0.761101484298706 143
0.7671036720275879 144
0.7716124057769775 145
0.7766413688659668 146
0.7813930511474609 147
0.7863855361938477 148
0.7911851406097412 149
0.7963948249816895 150
0.8011918067932129 152
0.8101832866668701 153
0.8148791790008545 154
0.8211941719055176 157
0.8414099216461182 160
0.8512318134307861 162
0.862513542175293 164
0.8693938255310059 165
0.8736040592193604 166
0.8792901039123535 167
0.8834774494171143 169
0.8899459838867188 170
0.8944923877716064 171
0.89974045753479 172
0.9041438102722168 172
0.9094879627227783 174
0.9136760234832764 174
0.9203238487243652 176
0.9248874187469482 177
0.9299056529998779 178
0.9345729351043701 179
0.9398024082183838 180
0.9462840557098389 182
0.952211856842041 182
0.957606315612793 184
0.9621000289916992 185
0.9681525230407715 186
0.9735517501831055 187
0.9792671203613281 188
0.9834713935852051 189
0.9890575408935547 190
0.9932599067687988 191
0.9986398220062256 192
