00
0.0096588134765625 0
0.019480466842651367 0
0.024562597274780273 0
0.03364896774291992 0
0.03906607627868652 0
0.04351949691772461 0
0.05000805854797363 0
0.054190874099731445 0
0.060070037841796875 0
0.06448841094970703 0
0.06992864608764648 0
0.07415914535522461 0
0.07951116561889648 0
0.08384990692138672 0
0.08913755416870117 1
0.0935981273651123 1
0.09986734390258789 1
0.10410785675048828 1
0.10935640335083008 2
0.11379218101501465 2
0.1191871166229248 2
0.12407231330871582 2
0.12935853004455566 2
0.1337885856628418 2
0.13901472091674805 3
0.14351129531860352 3
0.14974665641784668 3
0.15401482582092285 4
0.15930557250976562 4
0.1637272834777832 4
0.16893982887268066 4
0.1734004020690918 4
0.178802490234375 4
0.18328404426574707 5
0.18852496147155762 5
0.19303274154663086 5
0.19919323921203613 6
0.2036278247833252 6
0.20888614654541016 6
0.2133643627166748 6
0.21857643127441406 6
0.22306394577026367 6
0.22870302200317383 7
0.23319172859191895 7
0.23859763145446777 7
0.24309110641479492 8
0.2491300106048584 8
0.2536048889160156 8
0.25882577896118164 8
0.2632601261138916 8
0.2684895992279053 9
0.27296900749206543 9
0.27794909477233887 9
0.2825624942779541 10
0.28760433197021484 10
0.29203224182128906 10
0.29750561714172363 10
0.3030846118927002 11
0.3086283206939697 11
0.3131082057952881 11
0.31809139251708984 11
0.32287025451660156 12
0.3287477493286133 12
0.333240270614624 12
0.33847498893737793 12
0.3429858684539795 13
0.34798336029052734 13
0.3535151481628418 13
0.3589026927947998 14
0.36336684226989746 14
0.3686044216156006 14
0.3731088638305664 14
0.37813448905944824 14
0.3828706741333008 14
0.3878748416900635 15
0.392486572265625 15
0.39760804176330566 16
0.40315961837768555 16
0.40814971923828125 16
0.41292786598205566 16
0.4180920124053955 16
0.4228239059448242 17
0.4289562702178955 18
0.4410219192504883 18
0.4477682113647461 18
0.45515871047973633 18
0.4624826908111572 19
0.4692349433898926 19
0.47518372535705566 20
0.4821631908416748 20
0.4891700744628906 20
0.4950675964355469 20
0.5035982131958008 21
0.510913610458374 21
0.5174188613891602 22
0.5233345031738281 22
0.5300483703613281 22
0.5379188060760498 23
0.54335618019104 23
0.5486650466918945 23
0.5538129806518555 24
0.5590987205505371 24
0.5635581016540527 24
0.5688207149505615 24
0.5732691287994385 24
0.578524112701416 24
0.5830390453338623 25
0.5881671905517578 25
0.5929214954376221 25
0.5980803966522217 26
0.6028571128845215 26
0.6089231967926025 26
0.613384485244751 26
0.6186518669128418 26
0.623138427734375 27
0.6281559467315674 27
0.6329178810119629 27
0.6386380195617676 28
0.6431310176849365 28
0.6481187343597412 28
0.6528506278991699 28
0.6590540409088135 28
0.6635127067565918 29
0.6687664985656738 29
0.6732501983642578 29
0.678231954574585 30
0.6830039024353027 30
0.6880176067352295 30
0.6927461624145508 30
0.6977641582489014 30
0.7021777629852295 31
0.7082335948944092 31
0.7129900455474854 31
0.7181713581085205 32
0.7229094505310059 32
0.7279324531555176 32
0.732536792755127 32
0.7380316257476807 32
0.7428126335144043 33
0.7478187084197998 33
0.7522356510162354 33
0.7586662769317627 34
0.7631540298461914 34
0.7681746482849121 34
0.7729244232177734 34
0.778080940246582 34
0.7828381061553955 35
0.7878677845001221 35
0.7925362586975098 35
0.7976505756378174 36
0.8020706176757812 36
0.8081574440002441 36
0.8129279613494873 36
0.8179354667663574 36
0.822683572769165 36
0.8276963233947754 37
0.8361945152282715 38
0.84200119972229 38
0.8476426601409912 38
0.8520746231079102 38
0.8575067520141602 38
0.8629860877990723 39
0.867950439453125 39
0.8726723194122314 39
0.877690315246582 40
0.8821203708648682 40
0.8869984149932861 40
0.8917956352233887 40
0.8965878486633301 40
0.9017066955566406 41
0.906121015548706 41
0.9124693870544434 41
0.9175980091094971 42
0.9220695495605469 42
0.9266247749328613 42
0.9317500591278076 42
0.9360930919647217 42
0.9413354396820068 43
0.9465014934539795 43
0.9514954090118408 43
0.9561710357666016 44
0.9627964496612549 44
0.9678139686584473 44
0.9722301959991455 44
0.9776787757873535 44
0.9820823669433594 45
0.9875788688659668 45
0.9919698238372803 45
0.9965131282806396 46
