00
0.009211301803588867 0
0.013847589492797852 0
0.019122838973999023 0
0.023306608200073242 0
0.030071020126342773 1
0.03500676155090332 2
0.03979015350341797 2
0.04408407211303711 4
0.04932761192321777 4
0.05373644828796387 6
0.05907320976257324 7
0.06325244903564453 8
0.06937360763549805 10
0.07375144958496094 11
0.07911920547485352 12
0.08449387550354004 14
0.08952975273132324 16
0.09402751922607422 18
0.09930038452148438 19
0.10370182991027832 20
0.10906291007995605 22
0.1132502555847168 24
0.11881446838378906 26
0.12303376197814941 28
0.128800630569458 30
0.1340806484222412 32
0.1393442153930664 34
0.1437537670135498 36
0.14911675453186035 38
0.1533184051513672 41
0.16278433799743652 44
0.16892790794372559 45
0.17311573028564453 48
0.17885875701904297 50
0.18503379821777344 52
0.1898970603942871 54
0.19445323944091797 57
0.19948625564575195 58
0.20396780967712402 61
0.2092282772064209 62
0.21340346336364746 64
0.21899700164794922 67
0.22319531440734863 69
0.22879719734191895 71
0.23409271240234375 74
0.23935222625732422 76
0.24403071403503418 78
0.24930191040039062 80
0.2536935806274414 82
0.2590315341949463 84
0.2632181644439697 86
0.2692852020263672 88
0.2736673355102539 90
0.2790191173553467 93
0.2849712371826172 96
0.28975653648376465 97
0.29411983489990234 100
0.29941272735595703 102
0.30411458015441895 104
0.3094062805175781 106
0.31388425827026367 108
0.31917715072631836 110
0.3235950469970703 112
0.3290083408355713 115
0.3345069885253906 117
0.33952951431274414 119
0.34400224685668945 122
0.349301815032959 123
0.3536875247955322 125
0.35903191566467285 128
0.36321210861206055 130
0.36893606185913086 132
0.3739621639251709 135
0.3797769546508789 136
0.385850191116333 139
0.39053893089294434 141
0.39561986923217773 144
0.40113329887390137 146
0.40682435035705566 149
0.4112875461578369 150
0.41750669479370117 153
0.42186760902404785 156
0.4279651641845703 158
0.43218517303466797 160
0.4387383460998535 163
0.4440135955810547 166
0.44931554794311523 167
0.453737735748291 169
0.4591197967529297 172
0.46503686904907227 174
0.4698359966278076 176
0.4741852283477783 178
0.4794468879699707 181
0.4862227439880371 184
0.4916093349456787 186
0.49685144424438477 188
0.5013668537139893 191
0.5072917938232422 192
0.5117495059967041 194
0.51700758934021 197
0.521477460861206 200
0.5275390148162842 202
0.5325818061828613 204
0.538985013961792 206
0.5432007312774658 209
0.5492141246795654 211
0.5536160469055176 214
0.5626323223114014 217
0.5686619281768799 219
0.5728607177734375 222
0.5790355205535889 224
0.5832216739654541 227
0.589794397354126 228
0.5941612720489502 231
0.5993967056274414 233
0.6040618419647217 236
0.6093101501464844 237
0.6136915683746338 239
0.619070291519165 242
0.623244047164917 244
0.6287972927093506 245
0.633004903793335 248
0.6385929584503174 250
0.6438636779785156 253
0.6491658687591553 255
0.6535990238189697 256
0.6590347290039062 259
0.6632258892059326 261
0.6689262390136719 263
0.6731438636779785 265
0.679344654083252 268
0.6837522983551025 270
0.6891541481018066 272
0.69500732421875 275
0.6997852325439453 276
0.7041378021240234 279
0.709404468536377 281
0.7139091491699219 284
0.7191774845123291 286
0.7234020233154297 288
0.7291369438171387 290
0.7333297729492188 292
0.7388916015625 294
0.7441971302032471 297
0.749434232711792 298
0.7539191246032715 301
0.7591836452484131 303
0.7633798122406006 305
0.7690138816833496 307
0.7732069492340088 309
0.7787904739379883 312
0.7839939594268799 314
0.7892866134643555 317
0.7959311008453369 318
0.8005452156066895 320
0.8057749271392822 323
0.8101983070373535 325
0.8154945373535156 328
0.8199257850646973 329
0.8244493007659912 332
0.8294751644134521 334
0.8339331150054932 336
0.839200496673584 338
0.8456168174743652 340
0.8500630855560303 342
0.8549704551696777 345
0.8597352504730225 346
0.8640825748443604 349
0.8693423271179199 351
0.8737573623657227 353
0.8791384696960449 356
0.8841352462768555 358
0.8894174098968506 360
0.8961706161499023 362
0.9009716510772705 365
0.9061384201049805 367
0.9109151363372803 369
0.9159150123596191 371
0.9205443859100342 373
0.9261698722839355 376
0.931941032409668 379
0.9374635219573975 381
0.9418301582336426 384
0.9484288692474365 385
0.9526627063751221 390
0.9614202976226807 391
0.966928243637085 394
0.9713764190673828 396
0.9768154621124268 398
0.981269121170044 400
0.9871125221252441 403
0.9915986061096191 405
0.9978549480438232 407
