00
0.01644444465637207 0
0.03914141654968262 -1
0.050034523010253906 -3
0.06113314628601074 -5
0.0720064640045166 -9
0.08104133605957031 -14
0.09235763549804688 -17
0.09990167617797852 -20
0.10446619987487793 -22
0.11016702651977539 -25
0.11468672752380371 -27
0.11998820304870605 -31
0.12445473670959473 -33
0.12973475456237793 -35
0.1342475414276123 -39
0.1396331787109375 -41
0.1441969871520996 -46
0.15029096603393555 -49
0.15477418899536133 -51
0.16008687019348145 -59
0.1714920997619629 -62
0.17570972442626953 -66
0.1812300682067871 -69
0.18565893173217773 -73
0.1911156177520752 -75
0.1956164836883545 -79
0.20216846466064453 -83
0.20638680458068848 -87
0.21244359016418457 -90
0.21697425842285156 -95
0.222273588180542 -97
0.22646641731262207 -101
0.23225045204162598 -104
0.2364652156829834 -107
0.24208593368530273 -111
0.24632811546325684 -116
0.2526102066040039 -119
0.2572805881500244 -123
0.2625312805175781 -126
0.2670590877532959 -130
0.27236032485961914 -133
0.27681446075439453 -136
0.28218865394592285 -140
0.28641653060913086 -143
0.2920229434967041 -146
0.2962470054626465 -151
0.30256104469299316 -155
0.3070499897003174 -159
0.3123648166656494 -162
0.31804871559143066 -166
0.3229045867919922 -169
0.32724809646606445 -173
0.3325083255767822 -176
0.3369910717010498 -181
0.3422842025756836 -183
0.34667396545410156 -188
0.35303831100463867 -191
0.358642578125 -195
0.36310529708862305 -198
0.3676788806915283 -203
0.372819185256958 -205
0.3775784969329834 -210
0.38258934020996094 -213
0.3870854377746582 -217
0.3923966884613037 -220
0.3968212604522705 -224
0.4032108783721924 -227
0.40851545333862305 -231
0.4129760265350342 -235
0.4187779426574707 -239
0.42321348190307617 -242
0.4281580448150635 -246
0.43302059173583984 -249
0.43901491165161133 -255
0.44508862495422363 -261
0.4532816410064697 -265
0.460369348526001 -270
0.46637511253356934 -275
0.4732503890991211 -280
0.48037195205688477 -284
0.48635029792785645 -290
0.49369359016418457 -295
0.5007798671722412 -300
0.5088975429534912 -306
0.5149052143096924 -312
0.5229368209838867 -315
0.5286574363708496 -319
0.5331063270568848 -322
0.5380795001983643 -327
0.5429022312164307 -329
0.547264814376831 -334
0.5538210868835449 -339
0.5590357780456543 -341
0.5638518333435059 -349
0.5725584030151367 -351
0.577228307723999 -356
0.5825057029724121 -359
0.5871548652648926 -363
0.5924272537231445 -366
0.597064733505249 -371
0.6024034023284912 -373
0.6087033748626709 -378
0.6131508350372314 -381
0.6186718940734863 -385
0.6239492893218994 -389
0.629025936126709 -393
0.6337847709655762 -395
0.6388428211212158 -399
0.643517017364502 -403
0.6486012935638428 -407
0.6530365943908691 -411
0.6592741012573242 -414
0.6640548706054688 -419
0.6690549850463867 -421
0.6738121509552002 -426
0.6789979934692383 -429
0.683851957321167 -432
0.6888535022735596 -436
0.6935203075408936 -439
0.6986899375915527 -443
0.7031409740447998 -448
0.7095575332641602 -451
0.7140882015228271 -455
0.7191100120544434 -458
0.7243132591247559 -463
0.7296156883239746 -465
0.734180212020874 -470
0.7396299839019775 -473
0.7441670894622803 -477
0.7495856285095215 -480
0.754117488861084 -485
0.7602143287658691 -489
0.7647273540496826 -492
0.770012378692627 -496
0.7745072841644287 -499
0.7797858715057373 -502
0.7843117713928223 -507
0.7896151542663574 -509
0.7941529750823975 -513
0.799588680267334 -517
0.8040969371795654 -521
0.8102054595947266 -525
0.8147180080413818 -528
0.8200292587280273 -533
0.8245158195495605 -537
0.8302888870239258 -540
0.8347816467285156 -543
0.8401675224304199 -547
0.8447015285491943 -550
0.8500125408172607 -555
0.8545181751251221 -559
0.8608882427215576 -562
0.8651318550109863 -566
0.8704264163970947 -569
0.8750624656677246 -573
0.8806872367858887 -577
0.8850080966949463 -581
0.8903048038482666 -584
0.8947935104370117 -587
0.9000716209411621 -591
0.904599666595459 -595
0.9108936786651611 -599
0.9151327610015869 -603
0.9211175441741943 -606
0.9255795478820801 -610
0.9315922260284424 -613
0.9358243942260742 -617
0.9411294460296631 -620
0.9455888271331787 -625
0.9508047103881836 -627
0.9551360607147217 -632
0.9617729187011719 -635
0.9659874439239502 -642
0.9750280380249023 -647
0.9807827472686768 -649
0.9851076602935791 -654
0.9906923770904541 -657
0.995039701461792 -661
