00
0.01260519027709961 0
0.0170443058013916 0
0.02171182632446289 0
0.026798248291015625 1
0.031263113021850586 2
0.03651022911071777 2
0.04086923599243164 4
0.04707169532775879 5
0.052572011947631836 6
0.0570070743560791 8
0.06167268753051758 10
0.06684541702270508 12
0.07122349739074707 14
0.07647514343261719 16
0.08087468147277832 17
0.08624410629272461 20
0.09046125411987305 22
0.09702420234680176 25
0.10161066055297852 28
0.10726594924926758 30
0.1127314567565918 33
0.11718511581420898 36
0.12282228469848633 39
0.12723708152770996 41
0.13213229179382324 44
0.13695240020751953 46
0.14128613471984863 50
0.14786958694458008 52
0.15291094779968262 56
0.15733957290649414 58
0.16272950172424316 62
0.1671619415283203 64
0.17313838005065918 68
0.1782093048095703 72
0.18318915367126465 74
0.18796372413635254 78
0.19313406944274902 81
0.19867229461669922 85
0.20395636558532715 88
0.20889687538146973 91
0.21416497230529785 95
0.21865487098693848 98
0.22397351264953613 102
0.22846388816833496 104
0.23388314247131348 108
0.23838186264038086 110
0.24366426467895508 113
0.24892759323120117 117
0.2542765140533447 121
0.2587440013885498 124
0.26401185989379883 128
0.26848435401916504 130
0.273726224899292 133
0.27826690673828125 137
0.2832791805267334 140
0.2880377769470215 144
0.29321813583374023 146
0.2979767322540283 150
0.3040919303894043 157
0.3138861656188965 161
0.3183705806732178 164
0.32399749755859375 168
0.32848358154296875 170
0.3339266777038574 174
0.3384053707122803 177
0.34363293647766113 180
0.34815239906311035 185
0.3543570041656494 188
0.3588294982910156 190
0.36409521102905273 194
0.36858534812927246 197
0.3738412857055664 200
0.3783607482910156 204
0.38363194465637207 206
0.3881528377532959 210
0.3931427001953125 213
0.39789652824401855 217
0.403963565826416 221
0.40846872329711914 225
0.4143564701080322 228
0.4188232421875 230
0.42407751083374023 234
0.4285624027252197 237
0.4338347911834717 240
0.43836092948913574 244
0.443617582321167 246
0.4481077194213867 251
0.4542198181152344 255
0.45871973037719727 257
0.464005708694458 261
0.46849536895751953 264
0.47391247749328613 268
0.47840404510498047 271
0.4836571216583252 274
0.48816394805908203 278
0.49315428733825684 280
0.4979276657104492 283
0.5038599967956543 288
0.5083630084991455 291
0.513603687286377 295
0.518568754196167 298
0.5238361358642578 300
0.5283191204071045 304
0.5336894989013672 307
0.538198709487915 311
0.5432162284851074 314
0.5479686260223389 316
0.5540244579315186 322
0.5585556030273438 324
0.5638408660888672 327
0.5683426856994629 331
0.5733363628387451 334
0.5780906677246094 338
0.583242654800415 340
0.587977409362793 345
0.5931355953216553 348
0.597869873046875 350
0.6029002666473389 356
0.6085047721862793 358
0.6137328147888184 362
0.6187160015106201 365
0.6239469051361084 369
0.6284010410308838 372
0.633669376373291 374
0.6381871700286865 378
0.6431884765625 381
0.6479635238647461 385
0.6531314849853516 389
0.658644437789917 392
0.6639347076416016 396
0.6683921813964844 398
0.6736726760864258 401
0.678173303604126 405
0.6843562126159668 409
0.689950704574585 413
0.6952757835388184 416
0.6997287273406982 420
0.7050356864929199 427
0.7156221866607666 430
0.7202672958374023 434
0.7260363101959229 436
0.730248212814331 440
0.735973596572876 443
0.74015212059021 447
0.7457413673400879 450
0.7499496936798096 454
0.7553074359893799 458
0.7608017921447754 460
0.7662012577056885 464
0.7704062461853027 467
0.7761507034301758 471
0.7803318500518799 474
0.7859141826629639 476
0.7901449203491211 480
0.7957468032836914 483
0.7999606132507324 488
0.8053104877471924 492
0.810448408126831 494
0.8160359859466553 497
0.8202412128448486 502
0.8281238079071045 506
0.8332552909851074 509
0.8380119800567627 513
0.843186616897583 516
0.8479363918304443 518
0.8529365062713623 522
0.8582971096038818 526
0.8636412620544434 529
0.868157148361206 533
0.8731377124786377 536
0.8778495788574219 540
0.883720874786377 544
0.8885159492492676 546
0.8940169811248779 550
0.8984882831573486 553
0.9037179946899414 556
0.9089558124542236 562
0.9142978191375732 564
0.9188051223754883 568
0.9265315532684326 572
0.9310109615325928 576
0.9362988471984863 579
0.9404876232147217 583
0.9479248523712158 587
0.9536621570587158 590
0.9581646919250488 595
0.9643001556396484 598
0.9688036441802979 600
0.9742355346679688 604
0.9787187576293945 607
0.9840002059936523 611
0.988455057144165 614
0.9937217235565186 616
0.9982118606567383 620
