00
0.014852285385131836 0
0.027592897415161133 -1
0.03658127784729004 -2
0.047762155532836914 -6
0.05681490898132324 -9
0.06834840774536133 -12
0.07987570762634277 -16
0.08587265014648438 -18
0.09010577201843262 -20
0.09570932388305664 -22
0.09988903999328613 -25
0.10548877716064453 -27
0.10966634750366211 -30
0.11522340774536133 -32
0.11941218376159668 -35
0.12495779991149902 -38
0.12939786911010742 -41
0.1357433795928955 -43
0.13994717597961426 -48
0.1473386287689209 -51
0.15276551246643066 -53
0.157470703125 -56
0.16247010231018066 -60
0.1677703857421875 -63
0.17275667190551758 -66
0.17751169204711914 -69
0.18367862701416016 -73
0.1881546974182129 -75
0.1934056282043457 -78
0.1979379653930664 -82
0.2033393383026123 -84
0.20782923698425293 -88
0.21283555030822754 -90
0.21755623817443848 -93
0.22259068489074707 -97
0.22730517387390137 -99
0.23331618309020996 -103
0.23785758018493652 -107
0.24325180053710938 -110
0.24776148796081543 -114
0.25278234481811523 -116
0.2575085163116455 -118
0.2625563144683838 -122
0.2677745819091797 -126
0.27277064323425293 -129
0.27754998207092285 -132
0.28360891342163086 -137
0.2881596088409424 -140
0.2934114933013916 -142
0.29791879653930664 -146
0.30371689796447754 -150
0.308255672454834 -152
0.31354379653930664 -155
0.31802821159362793 -159
0.32330894470214844 -162
0.327836275100708 -166
0.3332688808441162 -170
0.33853864669799805 -172
0.3438427448272705 -176
0.3483283519744873 -179
0.3535938262939453 -185
0.36273932456970215 -188
0.3674614429473877 -192
0.3733394145965576 -194
0.37783074378967285 -198
0.38301682472229004 -202
0.38855838775634766 -205
0.3938474655151367 -209
0.3983163833618164 -212
0.40358972549438477 -215
0.4080619812011719 -218
0.4133474826812744 -220
0.41786623001098633 -224
0.4230172634124756 -227
0.42776918411254883 -231
0.4327733516693115 -235
0.4383425712585449 -238
0.44362783432006836 -242
0.44812989234924316 -244
0.4533829689025879 -247
0.4579019546508789 -251
0.4633467197418213 -253
0.46789097785949707 -257
0.473602294921875 -261
0.4780850410461426 -264
0.48349690437316895 -268
0.4887735843658447 -272
0.49410176277160645 -274
0.49858713150024414 -277
0.5038692951202393 -281
0.5083272457122803 -284
0.5136263370513916 -287
0.5180878639221191 -290
0.523331880569458 -292
0.5278120040893555 -296
0.5328319072723389 -300
0.5382764339447021 -303
0.5437173843383789 -307
0.5482058525085449 -310
0.553459882736206 -312
0.5579297542572021 -316
0.5629844665527344 -319
0.5677459239959717 -323
0.5727286338806152 -326
0.5779821872711182 -330
0.582988977432251 -332
0.5884337425231934 -336
0.5939116477966309 -340
0.5984179973602295 -342
0.603837251663208 -346
0.6082980632781982 -349
0.6136007308959961 -353
0.6180779933929443 -356
0.6233034133911133 -358
0.627781867980957 -362
0.6327598094940186 -365
0.6374883651733398 -369
0.6436333656311035 -372
0.6481173038482666 -375
0.6543216705322266 -379
0.658780574798584 -383
0.664318323135376 -386
0.6686937808990479 -388
0.6739983558654785 -392
0.6790058612823486 -396
0.684455394744873 -399
0.6898584365844727 -403
0.6954998970031738 -405
0.6997053623199463 -409
0.7056167125701904 -412
0.7098360061645508 -416
0.7154397964477539 -418
0.7196516990661621 -422
0.7254149913787842 -425
0.7296342849731445 -429
0.7349975109100342 -432
0.7401218414306641 -436
0.7457270622253418 -438
0.7499420642852783 -442
0.755523681640625 -448
0.7644486427307129 -451
0.7687537670135498 -455
0.7743010520935059 -458
0.7786459922790527 -462
0.7849814891815186 -464
0.7894227504730225 -468
0.795806884765625 -472
0.8000063896179199 -475
0.8056168556213379 -477
0.8098430633544922 -481
0.8154444694519043 -484
0.8196291923522949 -488
0.8250021934509277 -490
0.8294088840484619 -494
0.8347158432006836 -497
0.8389272689819336 -501
0.8457009792327881 -504
0.8499212265014648 -508
0.8556227684020996 -510
0.8598289489746094 -522
0.8760449886322021 -527
0.8882343769073486 -534
0.8947725296020508 -536
0.8990063667297363 -540
0.9048314094543457 -543
0.909308671951294 -546
0.9145402908325195 -549
0.918856143951416 -553
0.9241476058959961 -556
0.9286196231842041 -558
0.933903694152832 -562
0.9383945465087891 -566
0.9447636604309082 -569
0.9492619037628174 -573
0.9544579982757568 -575
0.9587826728820801 -579
0.9644069671630859 -582
0.9687221050262451 -586
0.974029541015625 -588
0.9785079956054688 -592
0.984637975692749 -595
0.9888644218444824 -599
0.9955258369445801 -602
0.9997508525848389 -606
