0 0
6.890296936035156e-05 0
0.010210990905761719 0
0.018345117568969727 0
0.03029322624206543 1
0.04165458679199219 1
0.05038809776306152 2
0.06058192253112793 3
0.07020902633666992 5
0.08127093315124512 6
0.08581042289733887 7
0.09065675735473633 8
0.0954596996307373 10
0.10038375854492188 11
0.10492372512817383 12
0.11001348495483398 14
0.114654541015625 16
0.11988496780395508 18
0.12427401542663574 20
0.12949490547180176 23
0.1347970962524414 24
0.13997864723205566 28
0.14441347122192383 30
0.14997434616088867 32
0.1546330451965332 35
0.1598832607269287 38
0.16424012184143066 40
0.16985106468200684 44
0.17445015907287598 46
0.17959022521972656 50
0.18494057655334473 52
0.1900629997253418 56
0.19452428817749023 59
0.19971752166748047 62
0.20413589477539062 65
0.2089078426361084 68
0.21373987197875977 72
0.2182002067565918 74
0.22347402572631836 77
0.2279202938079834 81
0.2339186668395996 85
0.2383887767791748 87
0.2436206340789795 91
0.24801039695739746 94
0.25324511528015137 96
0.2576913833618164 100
0.2626638412475586 102
0.2673156261444092 106
0.2724919319152832 108
0.27685046195983887 112
0.2820296287536621 114
0.28794193267822266 117
0.29331231117248535 120
0.2977578639984131 122
0.3026740550994873 124
0.3073151111602783 127
0.31229519844055176 130
0.321286678314209 133
0.32594776153564453 134
0.33080601692199707 136
0.3376896381378174 138
0.3429405689239502 140
0.34763574600219727 141
0.35277819633483887 143
0.3604609966278076 144
0.365436315536499 145
0.370363712310791 145
0.37531161308288574 146
0.38022708892822266 146
0.38595104217529297 146
0.3908216953277588 146
0.3960838317871094 146
0.40086817741394043 146
0.40570616722106934 145
0.4105854034423828 144
0.41558027267456055 143
0.4204597473144531 142
0.42523741722106934 142
0.4301626682281494 140
0.4346468448638916 138
0.44071197509765625 137
0.4455578327178955 135
0.4504525661468506 134
0.45525026321411133 131
0.46019887924194336 130
0.4646894931793213 128
0.46991658210754395 126
0.47451329231262207 124
0.47971105575561523 121
0.4841187000274658 118
0.49019336700439453 115
0.4946870803833008 113
0.4998927116394043 110
0.5042595863342285 108
0.5094778537750244 105
0.5137851238250732 102
0.5182070732116699 99
0.5234923362731934 96
0.5279309749603271 93
0.5333051681518555 90
0.5383892059326172 86
0.5437657833099365 82
0.548215389251709 80
0.5535149574279785 76
0.5579566955566406 74
0.5629274845123291 71
0.5676424503326416 67
0.5726923942565918 64
0.5773112773895264 60
0.5825028419494629 58
0.5868542194366455 54
0.5933303833007812 52
0.5977704524993896 48
0.6027297973632812 46
0.6073634624481201 42
0.6122567653656006 40
0.6168222427368164 37
0.6218914985656738 35
0.6265308856964111 33
0.6315405368804932 30
0.6376519203186035 27
0.6436128616333008 24
0.6480536460876465 22
0.6534707546234131 21
0.6579053401947021 19
0.66288161277771 17
0.6674911975860596 15
0.6727294921875 14
0.6773500442504883 12
0.6822450160980225 12
0.6867995262145996 10
0.693190336227417 9
0.697603702545166 8
0.7024867534637451 8
0.7068121433258057 7
0.7118492126464844 7
0.7166385650634766 7
0.7216613292694092 7
0.7262895107269287 7
0.7312765121459961 8
0.7358283996582031 8
0.7416784763336182 9
0.7463526725769043 9
0.7513318061828613 10
0.755866289138794 11
0.7607240676879883 12
0.7655620574951172 14
0.7704465389251709 15
0.775385856628418 17
0.7803020477294922 18
0.7848083972930908 20
0.789973258972168 22
0.7955756187438965 24
0.8004391193389893 26
0.8054170608520508 29
0.8102121353149414 31
0.8146886825561523 33
0.8198988437652588 36
0.8242936134338379 38
0.8294973373413086 42
0.8339228630065918 44
0.838350772857666 48
0.8445158004760742 50
0.8497042655944824 54
0.8541586399078369 56
0.8588957786560059 58
0.8637030124664307 62
0.8681507110595703 65
0.8734378814697266 68
0.8778793811798096 72
0.8828651905059814 74
0.8876166343688965 78
0.89263916015625 82
0.89813232421875 84
0.9034202098846436 87
0.9078783988952637 91
0.9128565788269043 93
0.9174971580505371 97
0.9224891662597656 100
0.9268560409545898 103
0.9319119453430176 106
0.9367654323577881 108
0.9418470859527588 112
0.9476766586303711 115
0.9528210163116455 117
0.9574525356292725 120
0.962552547454834 122
0.9669234752655029 125
0.9720768928527832 127
0.9766840934753418 129
0.9817593097686768 131
0.9864332675933838 133
0.9915153980255127 135
0.9969282150268555 138
1.0020482540130615 139
1.0066452026367188 140
1.0117056369781494 142
1.0165114402770996 143
1.021554946899414 144
1.0261890888214111 145
1.031189203262329 145
1.0358214378356934 146
1.0407686233520508 146
1.0464441776275635 147
1.0515267848968506 147
1.056288480758667 147
1.0612351894378662 147
1.066082239151001 146
1.0708794593811035 146
1.0758705139160156 145
1.080791711807251 145
1.0856044292449951 144
1.0904924869537354 142
1.0952911376953125 141
1.1009304523468018 140
1.1057395935058594 138
1.1107087135314941 137
1.1155600547790527 134
1.1204450130462646 133
1.1252632141113281 131
1.1301705837249756 129
1.1348152160644531 127
1.1399495601654053 124
1.1444294452667236 122
1.1503984928131104 120
1.1551828384399414 118
1.1600494384765625 114
1.1645095348358154 112
1.1696979999542236 108
1.1741256713867188 106
1.1788794994354248 104
1.1837224960327148 100
1.1881756782531738 98
1.193619728088379 94
1.199676275253296 90
1.2041041851043701 88
1.2088470458984375 85
1.2136857509613037 81
1.2181296348571777 78
1.2234642505645752 76
1.2279057502746582 72
1.2328898906707764 69
1.237480878829956 65
1.2425222396850586 63
1.246851921081543 59
1.253413438796997 56
1.257826328277588 53
1.2628259658813477 50
1.2674663066864014 47
1.2725164890289307 45
1.2768731117248535 41
1.2820250988006592 39
1.286597490310669 37
1.2916462421417236 34
1.2963502407073975 31
1.3024969100952148 29
1.3068246841430664 26
1.3119137287139893 23
1.3208839893341064 20
1.3259193897247314 19
1.3307621479034424 18
1.3357129096984863 16
1.3415038585662842 14
1.3463664054870605 12
1.352268934249878 11
1.3568360805511475 10
1.3618803024291992 10
1.3664944171905518 9
1.37147855758667 8
1.3762495517730713 8
1.3812906742095947 8
1.3858284950256348 8
1.3906729221343994 8
1.3954613208770752 8
1.4003403186798096 8
1.405799150466919 8
1.4106616973876953 9
1.4154386520385742 10
1.420292615890503 11
1.424746036529541 12
1.4299705028533936 13
1.4346210956573486 14
1.4398205280303955 16
1.4441614151000977 17
1.448899745941162 19
1.4551630020141602 21
1.460080862045288 23
1.4645185470581055 25
1.469644546508789 28
1.473933458328247 30
1.478360891342163 32
1.4836163520812988 34
1.4880290031433105 37
1.493436336517334 39
1.4978280067443848 42
1.5037751197814941 46
1.5082242488861084 48
1.514253854751587 53
1.5207886695861816 56
1.5271780490875244 60
1.5341436862945557 66
1.5406174659729004 69
1.5467827320098877 73
1.5552752017974854 78
1.5621130466461182 84
1.5682878494262695 88
1.5752325057983398 92
1.581892490386963 95
1.5882694721221924 100
1.5952980518341064 104
1.6022446155548096 109
1.609682559967041 112
1.6142606735229492 114
1.6195125579833984 117
1.6238090991973877 120
1.6282501220703125 122
1.6335208415985107 125
1.6379656791687012 127
1.642897367477417 128
1.6475093364715576 131
1.6525537967681885 134
1.6580333709716797 135
1.6632134914398193 136
1.6676592826843262 138
1.6731741428375244 140
1.6800625324249268 142
1.6846039295196533 143
1.6898193359375 144
1.6942317485809326 145
1.6994638442993164 146
1.7038357257843018 146
1.710031270980835 147
1.7146713733673096 147
1.71988844871521 147
1.724242925643921 147
1.7295024394989014 147
1.7341334819793701 146
1.7389099597930908 146
1.7437427043914795 145
1.7482032775878906 144
1.7534561157226562 143
1.7596030235290527 142
1.763916254043579 141
1.7683675289154053 140
1.7736356258392334 138
1.7780876159667969 136
1.783308982849121 135
1.7877483367919922 133
1.7928175926208496 131
1.7974863052368164 128
1.8025283813476562 127
1.806912899017334 124
1.8129167556762695 122
1.817622423171997 119
1.8225743770599365 117
1.8272814750671387 114
1.8321490287780762 111
1.8366684913635254 109
1.8417303562164307 106
1.846510887145996 103
1.8515517711639404 100
1.856412410736084 96
1.8622825145721436 93
1.866825819015503 89
1.8718774318695068 87
1.8765089511871338 84
1.881549596786499 80
1.886192798614502 78
1.897181510925293 70
1.9021384716033936 67
1.9067003726959229 63
1.9132623672485352 61
1.9177298545837402 57
1.9227514266967773 54
1.9273667335510254 51
1.932269811630249 48
1.9368033409118652 45
1.9419069290161133 43
1.9465737342834473 40
1.9516282081604004 37
1.9563148021697998 34
1.9622232913970947 32
1.966780185699463 29
1.9718544483184814 27
1.9766907691955566 26
1.9817850589752197 23
1.9864387512207031 21
1.9914779663085938 19
1.9961426258087158 18
2.0008766651153564 16
2.0056724548339844 14
2.010510206222534 13
2.016134023666382 12
2.020887851715088 11
2.025737762451172 10
2.03070068359375 9
2.035665273666382 8
2.0405373573303223 8
2.0453851222991943 8
2.0502467155456543 8
2.054664373397827 8
2.059927463531494 8
2.0654983520507812 8
2.070354461669922 8
2.074808359146118 9
2.0799529552459717 10
2.0844008922576904 10
2.0895702838897705 12
2.094151735305786 12
2.0989160537719727 14
2.103896141052246 15
2.108307123184204 17
2.1145377159118652 18
2.1197564601898193 20
2.1241259574890137 22
2.1294612884521484 24
2.1337831020355225 26
2.1382229328155518 28
2.1434905529022217 30
2.148008108139038 33
2.1533586978912354 35
2.1578383445739746 38
2.1627888679504395 42
2.168276786804199 44
2.1735458374023438 48
2.177964448928833 50
2.1828842163085938 52
2.1875052452087402 56
2.1925363540649414 58
2.1968696117401123 62
2.2019031047821045 65
2.2065203189849854 68
2.2115015983581543 72
2.217338800430298 76
2.222182273864746 78
2.22672438621521 81
2.2318038940429688 84
2.2366068363189697 87
2.2416293621063232 91
2.2462830543518066 94
2.2513256072998047 97
2.255894184112549 100
2.2607672214508057 102
2.2664246559143066 106
2.2714853286743164 109
2.276297092437744 112
2.2813308238983154 115
2.28590989112854 117
2.290761947631836 119
2.2955658435821533 122
2.3004374504089355 124
2.3052456378936768 127
2.3100874423980713 130
2.3198046684265137 133
2.324410915374756 134
2.3295435905456543 137
2.3341729640960693 139
2.340207099914551 140
2.3452203273773193 141
2.3501040935516357 142
2.3545889854431152 143
2.3597986698150635 144
2.3644161224365234 145
2.3703906536102295 146
2.3749420642852783 146
2.380017042160034 147
2.384523868560791 147
2.3897643089294434 147
2.3944995403289795 146
2.3996920585632324 146
2.4039814472198486 146
2.408848285675049 145
2.4136741161346436 144
2.41972279548645 143
2.42411732673645 142
2.428926467895508 142
2.433793783187866 140
2.438230514526367 139
2.4435057640075684 137
2.447969913482666 135
2.4533236026763916 134
2.4577724933624268 131
2.4627907276153564 130
2.4674391746520996 127
2.4735915660858154 124
2.4780185222625732 122
2.4832184314727783 120
2.487678050994873 117
2.4928736686706543 115
2.497440814971924 112
2.502488136291504 110
2.506838083267212 106
2.511885166168213 104
2.5166735649108887 100
2.522712469100952 98
2.5273473262786865 94
2.532264232635498 91
2.5367960929870605 87
2.541867256164551 85
2.5464882850646973 82
2.55155348777771 78
2.5561578273773193 76
2.560899257659912 73
2.56569504737854 69
2.5716464519500732 66
2.576470375061035 63
2.581550121307373 59
2.5861830711364746 56
2.5909423828125 54
2.595752239227295 50
2.6006360054016113 48
2.6054491996765137 44
2.610344648361206 42
2.6149439811706543 40
2.6200993061065674 36
2.6258482933044434 34
2.630707025527954 32
2.63572359085083 29
2.640650987625122 27
2.6455249786376953 24
2.6503918170928955 23
2.6552062034606934 21
2.6600828170776367 19
2.6645426750183105 18
2.6697580814361572 16
2.67539381980896 14
2.680241346359253 13
2.6846909523010254 12
2.689913272857666 11
2.694519519805908 10
2.6997251510620117 9
2.704103708267212 9
2.7088119983673096 8
2.714500665664673 8
2.7201180458068848 8
2.7256417274475098 8
2.730525016784668 8
2.7353627681732178 9
2.7401669025421143 10
2.7446212768554688 10
2.749823570251465 11
2.754455804824829 12
2.7596967220306396 13
2.7641167640686035 14
2.7688546180725098 16
2.7746658325195312 17
2.7799103260040283 19
2.78428053855896 21
2.7895517349243164 23
2.7938883304595947 25
2.798325300216675 26
2.803584098815918 29
2.807999849319458 31
2.8133533000946045 33
2.8178038597106934 36
2.822810411453247 39
2.828305721282959 42
2.8335795402526855 45
2.8379781246185303 47
2.842907190322876 50
2.847463607788086 53
2.852262496948242 56
2.856794834136963 58
2.861846923828125 62
2.866492986679077 65
2.8715226650238037 68
2.877322196960449 72
2.8826942443847656 75
2.887315034866333 79
2.892484188079834 82
2.8968679904937744 85
2.9019153118133545 88
2.9065887928009033 91
2.9116504192352295 94
2.9163320064544678 97
2.9213435649871826 101
2.92675518989563 103
2.931844472885132 107
2.936664581298828 109
2.9417452812194824 113
2.9464221000671387 115
2.9514710903167725 118
2.956125497817993 120
2.960907220840454 122
2.965726137161255 125
2.9706971645355225 127
2.975564956665039 130
2.9815330505371094 132
2.9862873554229736 134
2.9913220405578613 136
2.9961066246032715 138
