00
0.014204740524291992 0
0.025248289108276367 0
0.03565192222595215 0
0.047088623046875 -1
0.05588793754577637 -2
0.06634664535522461 -4
0.07895255088806152 -6
0.08766293525695801 -8
0.09692621231079102 -9
0.1011648178100586 -10
0.10693764686584473 -11
0.11207699775695801 -13
0.11738395690917969 -14
0.12177443504333496 -14
0.12719464302062988 -16
0.1313788890838623 -18
0.13811755180358887 -18
0.14270687103271484 -20
0.14771461486816406 -21
0.15237140655517578 -22
0.15764474868774414 -24
0.16213059425354004 -25
0.16742730140686035 -26
0.17182183265686035 -27
0.17718291282653809 -29
0.1814131736755371 -30
0.1878337860107422 -32
0.192626953125 -33
0.197648286819458 -34
0.2021317481994629 -36
0.20740938186645508 -37
0.21260762214660645 -39
0.2176663875579834 -40
0.22214865684509277 -42
0.22746920585632324 -42
0.23200178146362305 -44
0.23823976516723633 -45
0.24372458457946777 -47
0.24812102317810059 -48
0.25317811965942383 -50
0.25797390937805176 -51
0.2623178958892822 -52
0.2676093578338623 -54
0.2720940113067627 -55
0.2773783206939697 -56
0.2817542552947998 -58
0.28719568252563477 -59
0.29315662384033203 -61
0.29796504974365234 -62
0.30232906341552734 -64
0.3075869083404541 -65
0.3122122287750244 -66
0.3180840015411377 -68
0.32263660430908203 -70
0.32765746116638184 -70
0.33214282989501953 -72
0.3374664783477783 -73
0.34374213218688965 -75
0.3482503890991211 -76
0.3531990051269531 -78
0.3579857349395752 -79
0.3623361587524414 -81
0.367570161819458 -82
0.37221813201904297 -84
0.3775014877319336 -85
0.38189005851745605 -86
0.38728761672973633 -88
0.3936333656311035 -89
0.3980708122253418 -90
0.4026370048522949 -92
0.40763068199157715 -93
0.4121246337890625 -95
0.41806626319885254 -96
0.4226229190826416 -98
0.42764735221862793 -99
0.43232178688049316 -100
0.437579870223999 -102
0.44389843940734863 -103
0.4483351707458496 -104
0.4536318778991699 -106
0.4581160545349121 -107
0.4626615047454834 -109
0.46767210960388184 -110
0.47217273712158203 -112
0.4774434566497803 -113
0.48187708854675293 -114
0.48734545707702637 -118
0.497467041015625 -119
0.5022604465484619 -120
0.5075461864471436 -122
0.5121898651123047 -123
0.5174663066864014 -124
0.5240416526794434 -126
0.52998948097229 -128
0.5352866649627686 -129
0.5397906303405762 -131
0.5461320877075195 -132
0.5506336688995361 -134
0.5561139583587646 -135
0.5603477954864502 -137
0.5657625198364258 -138
0.570096492767334 -140
0.575455904006958 -141
0.5799415111541748 -142
0.5852525234222412 -144
0.58974289894104 -145
0.5959749221801758 -146
0.6002066135406494 -148
0.6054959297180176 -149
0.6099872589111328 -151
0.6154518127441406 -152
0.6206095218658447 -154
0.6258792877197266 -155
0.6302149295806885 -156
0.6357948780059814 -158
0.6401669979095459 -160
0.646662712097168 -160
0.6508705615997314 -162
0.6561813354492188 -164
0.6606414318084717 -165
0.6658971309661865 -166
0.6701920032501221 -168
0.6757686138153076 -169
0.6801035404205322 -171
0.6854667663574219 -172
0.689943790435791 -174
0.6963655948638916 -174
0.700763463973999 -176
0.7060596942901611 -178
0.7102887630462646 -179
0.7161004543304443 -180
0.7203402519226074 -182
0.7265605926513672 -183
0.7307710647583008 -185
0.7362089157104492 -186
0.7406835556030273 -188
0.7471046447753906 -189
0.7513413429260254 -192
0.7654085159301758 -196
0.7786421775817871 -198
0.7840409278869629 -200
0.7887747287750244 -201
0.7941129207611084 -203
0.8000149726867676 -204
0.8053972721099854 -206
0.8098804950714111 -207
0.8151562213897705 -208
0.819648265838623 -210
0.8254554271697998 -212
0.8299226760864258 -212
0.8352043628692627 -214
0.8396964073181152 -215
0.8449761867523193 -217
0.850318431854248 -219
0.8559949398040771 -220
0.8602354526519775 -222
0.8656246662139893 -223
0.8700072765350342 -224
0.87538743019104 -226
0.8798713684082031 -227
0.8851437568664551 -228
0.8896961212158203 -231
0.900017499923706 -233
0.9054720401763916 -234
0.9099221229553223 -236
0.9154789447784424 -237
0.919933557510376 -238
0.9253525733947754 -240
0.9306323528289795 -241
0.9358599185943604 -242
0.9401981830596924 -244
0.9454712867736816 -245
0.9509131908416748 -247
0.9563596248626709 -248
0.9607691764831543 -250
0.9660866260528564 -251
0.9703311920166016 -253
0.9760730266571045 -254
0.9803087711334229 -256
0.9857735633850098 -257
0.9900882244110107 -258
0.9953641891479492 -260
