0 0
7.009506225585938e-05 0
0.009774446487426758 0
0.014581918716430664 0
0.019583702087402344 0
0.024445772171020508 0
0.029451847076416016 0
0.034140825271606445 0
0.039829254150390625 0
0.04448962211608887 0
0.04950881004333496 1
0.054109811782836914 1
0.058834075927734375 1
0.06366419792175293 1
0.0685727596282959 1
0.07337069511413574 2
0.07815241813659668 2
0.08307552337646484 2
0.08909845352172852 2
0.09366989135742188 3
0.09859824180603027 4
0.10341882705688477 4
0.10826373100280762 5
0.11270737648010254 5
0.11787176132202148 6
0.12230587005615234 6
0.12748312950134277 8
0.13202118873596191 8
0.13672685623168945 9
0.14272141456604004 10
0.1479029655456543 11
0.15235018730163574 12
0.1575171947479248 14
0.16179132461547852 14
0.16625595092773438 15
0.17149806022644043 17
0.17593765258789062 18
0.18114376068115234 19
0.18558192253112793 21
0.19162273406982422 23
0.19609951972961426 24
0.2014913558959961 26
0.206024169921875 27
0.211287260055542 28
0.21571755409240723 30
0.22069382667541504 32
0.22535014152526855 34
0.23044228553771973 36
0.23476862907409668 38
0.24077439308166504 40
0.24535751342773438 42
0.2504274845123291 44
0.25477051734924316 46
0.2597928047180176 48
0.2646198272705078 50
0.2696652412414551 52
0.27429628372192383 54
0.27931714057922363 57
0.28398633003234863 59
0.28876185417175293 62
0.29460930824279785 64
0.2996995449066162 66
0.3043363094329834 69
0.30936336517333984 72
0.31409335136413574 74
0.3188450336456299 77
0.32376813888549805 79
0.32862257957458496 81
0.3334522247314453 84
0.33832502365112305 88
0.344052791595459 90
0.34880709648132324 92
0.3535890579223633 96
0.3584897518157959 98
0.363278865814209 102
0.3681008815765381 104
0.3725757598876953 107
0.37781763076782227 114
0.38832902908325195 118
0.3946506977081299 122
0.3997840881347656 124
0.40563416481018066 128
0.4108457565307617 130
0.41554832458496094 134
0.4204287528991699 137
0.4247403144836426 141
0.43048882484436035 144
0.4347858428955078 148
0.43982791900634766 150
0.44582366943359375 154
0.4507901668548584 157
0.45537352561950684 162
0.4613206386566162 164
0.4657261371612549 168
0.47069835662841797 171
0.4752943515777588 176
0.48017168045043945 178
0.4846668243408203 181
0.48965907096862793 186
0.49531126022338867 190
0.5002062320709229 192
0.5051240921020508 197
0.5100188255310059 200
0.5145435333251953 203
0.5195419788360596 207
0.5243008136749268 210
0.5293583869934082 214
0.5339722633361816 217
0.5387225151062012 220
0.5435049533843994 224
0.5494799613952637 229
0.5541133880615234 232
0.5588407516479492 236
0.563779354095459 239
0.5686202049255371 242
0.5734543800354004 246
0.5782332420349121 250
0.5828232765197754 252
0.5879039764404297 257
0.5923793315887451 261
0.5983381271362305 264
0.6030666828155518 267
0.6079616546630859 271
0.6124253273010254 274
0.6176118850708008 278
0.6221272945404053 281
0.6273491382598877 284
0.6316955089569092 288
0.6361255645751953 291
0.6414098739624023 294
0.6474463939666748 300
0.6519985198974609 303
0.6567537784576416 306
0.661531925201416 310
0.6659646034240723 312
0.6711902618408203 315
0.6756336688995361 319
0.6807682514190674 322
0.685354471206665 326
0.690401554107666 329
0.6947512626647949 333
0.7007913589477539 335
0.7055065631866455 339
0.7104012966156006 342
0.7147238254547119 346
0.7197802066802979 348
0.7243916988372803 351
0.7294301986694336 355
0.7340750694274902 357
0.7390868663787842 361
0.7438242435455322 363
0.7495946884155273 367
0.7542662620544434 370
0.7593181133270264 373
0.763857364654541 375
0.7687063217163086 378
0.7734856605529785 381
0.7783792018890381 384
0.7833878993988037 387
0.7882819175720215 389
0.7928216457366943 391
0.7987732887268066 395
0.8037757873535156 398
0.8085851669311523 400
0.8134479522705078 402
0.8183245658874512 404
0.823112964630127 408
0.8280439376831055 409
0.8325200080871582 411
0.8377516269683838 414
0.8422870635986328 416
0.8474836349487305 418
0.8528203964233398 421
0.8580458164215088 423
0.8628385066986084 424
0.8679897785186768 427
0.8724536895751953 428
0.8776657581329346 431
0.8820462226867676 432
0.8868160247802734 434
0.8916823863983154 436
0.896143913269043 438
0.902357816696167 439
0.9075398445129395 441
0.9120945930480957 442
0.9174127578735352 444
0.9218721389770508 445
0.9267160892486572 446
0.93153977394104 448
0.9359784126281738 449
0.9411628246307373 450
0.9456193447113037 452
0.9516139030456543 453
0.9560692310333252 454
0.9613313674926758 454
0.9657728672027588 456
0.9707467555999756 456
0.9753494262695312 457
0.9801948070526123 458
0.9851033687591553 458
0.990009069442749 459
0.9945662021636963 460
0.999636173248291 460
1.0053808689117432 461
1.0102031230926514 461
1.0147185325622559 461
1.019763469696045 462
1.0243582725524902 462
1.0293912887573242 462
1.0340445041656494 462
1.038811206817627 462
1.0437648296356201 462
1.0486431121826172 462
1.0543606281280518 462
1.0594208240509033 462
1.0641767978668213 462
1.0692284107208252 461
1.0737733840942383 461
1.078648567199707 461
1.0834650993347168 460
1.0882580280303955 460
1.0928189754486084 460
1.0979399681091309 459
1.1036922931671143 459
1.108609914779663 458
1.113455057144165 457
1.1183075904846191 457
1.1230826377868652 456
1.1280186176300049 455
1.1324806213378906 454
1.1377029418945312 453
1.1420621871948242 452
1.1468093395233154 452
1.1516282558441162 450
1.1578881740570068 449
1.1625382900238037 448
1.1677587032318115 447
1.1724989414215088 446
1.1777236461639404 444
1.182126760482788 443
1.1873526573181152 442
1.1917140483856201 440
1.1961486339569092 439
1.2014389038085938 437
1.2075772285461426 435
1.2118749618530273 434
1.2167303562164307 432
1.2217893600463867 430
1.226217269897461 429
1.231492042541504 426
1.2359085083007812 425
1.2410788536071777 423
1.2455458641052246 421
1.2504734992980957 419
1.2559356689453125 417
1.2616400718688965 414
1.2681341171264648 411
1.274043321609497 408
1.28053879737854 405
1.286271095275879 402
1.2926852703094482 399
1.2994530200958252 396
1.306743860244751 392
1.31282377243042 389
1.3194775581359863 386
1.3248248100280762 383
1.3316848278045654 380
1.3381450176239014 375
1.3442676067352295 372
1.3508069515228271 368
1.357816457748413 365
1.3623747825622559 362
1.3675341606140137 359
1.3718411922454834 356
1.3773486614227295 354
1.3855054378509521 348
1.3906183242797852 345
1.395226240158081 342
1.4001579284667969 338
1.406036376953125 334
1.412463665008545 331
1.4177138805389404 327
1.422717809677124 323
1.4288058280944824 319
1.4337644577026367 317
1.4385974407196045 314
1.443474292755127 310
1.44834566116333 307
1.4531078338623047 304
1.45796799659729 300
1.4637231826782227 296
1.468587875366211 293
1.4734055995941162 289
1.478287696838379 286
1.4827167987823486 284
1.4878954887390137 279
1.4923436641693115 277
1.497514247894287 272
1.5017831325531006 270
1.5062129497528076 265
1.5123224258422852 262
1.5174415111541748 258
1.5218768119812012 255
1.5263142585754395 252
1.5315308570861816 248
1.5359556674957275 245
1.5411174297332764 242
1.5455622673034668 238
1.5504810810089111 235
1.555288553237915 230
1.5615630149841309 226
1.5660247802734375 223
1.5712895393371582 220
1.57572340965271 216
1.581129550933838 213
1.5855765342712402 208
1.5905249118804932 206
1.5950982570648193 201
1.5999889373779297 198
1.6045644283294678 196
1.609724760055542 191
1.615403175354004 187
1.6204724311828613 184
1.6247987747192383 180
1.629833698272705 177
1.634493350982666 174
1.6395602226257324 170
1.6443934440612793 167
1.649383783340454 163
1.6540138721466064 160
1.6587648391723633 156
1.6645584106445312 153
1.6697063446044922 149
1.6743721961975098 146
1.6794366836547852 142
1.68418550491333 140
1.6892077922821045 136
1.694044589996338 133
1.6988019943237305 129
1.7037749290466309 126
1.708644151687622 122
1.7143244743347168 120
1.7193896770477295 116
1.7240240573883057 114
1.7287657260894775 111
1.7336323261260986 107
1.7386176586151123 105
1.7434601783752441 101
1.7483265399932861 99
1.753169298171997 95
1.7579975128173828 93
1.7627110481262207 89
1.7686433792114258 87
1.7734730243682861 84
1.7783594131469727 81
1.7832386493682861 78
1.78812837600708 76
1.7926254272460938 74
1.7978737354278564 70
1.8023266792297363 68
1.8075172901153564 65
1.8118083477020264 62
1.8241922855377197 58
1.8292644023895264 55
1.8338139057159424 53
1.8386805057525635 51
1.8435180187225342 48
1.8484253883361816 46
1.8532109260559082 44
1.8581018447875977 42
1.8625855445861816 40
1.868577480316162 38
1.8734240531921387 36
1.8783066272735596 34
1.8833191394805908 32
1.8882060050964355 30
1.8927013874053955 29
1.8979065418243408 27
1.9023830890655518 26
1.9076051712036133 24
1.9120168685913086 22
1.9180326461791992 21
1.9225025177001953 20
1.927731990814209 18
1.9320852756500244 17
1.9368104934692383 16
1.9418094158172607 15
1.9462859630584717 14
1.9523124694824219 13
1.9578604698181152 11
1.9623041152954102 11
1.9685108661651611 10
1.9733498096466064 8
1.978222370147705 8
1.9832053184509277 7
1.9880504608154297 7
1.9924654960632324 6
1.9976627826690674 6
2.002197265625 5
2.0068235397338867 5
2.0116028785705566 4
2.0159826278686523 4
2.022047996520996 4
2.026296854019165 4
2.0315165519714355 4
2.035888671875 3
2.0408313274383545 3
2.0453968048095703 3
2.050184965133667 3
2.054685592651367 4
2.059729814529419 4
2.064551591873169 4
2.070674180984497 4
2.0752527713775635 5
2.080118417739868 5
2.0847954750061035 5
2.089789390563965 6
2.0944137573242188 6
2.0994811058044434 7
2.1041347980499268 7
2.1091208457946777 8
2.113693952560425 9
2.118518352508545 10
2.1243553161621094 10
2.1293563842773438 11
2.1339597702026367 12
2.1387176513671875 13
2.1436097621917725 14
2.1484873294830322 15
2.1533071994781494 16
2.158113718032837 17
2.1625916957855225 18
2.167806625366211 19
2.1733474731445312 21
2.178264617919922 22
2.1832752227783203 24
2.188190221786499 25
2.1926584243774414 26
2.197869062423706 28
2.2023284435272217 29
2.2075014114379883 31
2.2120513916015625 32
2.2168221473693848 34
2.222637176513672 36
2.2278170585632324 38
2.2321884632110596 40
2.237398624420166 42
2.241830587387085 44
2.2467169761657715 45
2.2515506744384766 48
2.2559478282928467 50
2.26117205619812 51
2.2656161785125732 54
2.2705295085906982 56
2.2760608196258545 58
2.2813429832458496 60
2.2857985496520996 63
2.2907633781433105 65
2.295365571975708 68
2.3005571365356445 70
2.305205821990967 73
2.3100645542144775 75
2.31461238861084 77
2.31965708732605 80
2.3253531455993652 84
2.33042049407959 86
2.3347482681274414 89
2.3397557735443115 92
2.3445441722869873 94
2.349616289138794 97
2.3542706966400146 100
2.359273672103882 103
2.3641839027404785 105
2.369218349456787 109
2.3746252059936523 112
2.3797168731689453 120
2.3925890922546387 123
2.3978734016418457 126
2.402468204498291 130
2.408374309539795 133
2.4133872985839844 137
2.4182214736938477 139
2.423207998275757 143
2.428838014602661 146
2.433626890182495 150
2.438490152359009 153
2.4432895183563232 157
2.4481019973754883 160
2.4525773525238037 162
2.4578158855438232 166
2.463520050048828 171
2.468418598175049 173
2.473421573638916 178
2.4792776107788086 182
2.4840357303619385 185
2.4888041019439697 188
2.4936273097991943 192
2.4985029697418213 195
2.5032854080200195 199
2.508206605911255 202
2.512664556503296 205
2.517822265625 209
2.522158145904541 214
2.5280792713165283 216
2.5325326919555664 219
2.5377368927001953 224
2.5423197746276855 227
2.547454833984375 230
2.5517518520355225 234
2.556185007095337 237
2.5614616870880127 241
2.5658912658691406 244
2.5711026191711426 247
2.575533151626587 252
2.581468343734741 256
2.5859973430633545 259
2.5911104679107666 262
2.5955469608306885 266
2.600644111633301 269
2.6052608489990234 274
2.6101222038269043 276
2.6146397590637207 279
2.619704246520996 284
2.6243579387664795 288
2.6305041313171387 291
2.635124683380127 295
2.6399879455566406 298
2.644556760787964 301
2.6495511531829834 305
2.654175043106079 308
2.6591620445251465 312
2.6640045642852783 315
2.6687252521514893 318
2.6735622882843018 322
2.679495334625244 326
2.68416690826416 328
2.689229726791382 332
2.693796157836914 335
2.6986398696899414 338
2.703474760055542 342
2.7083349227905273 344
2.713116407394409 347
2.717994213104248 351
2.7226226329803467 353
2.7278530597686768 357
2.7335526943206787 361
2.7383475303649902 364
2.7431259155273438 366
2.748023509979248 370
2.7525155544281006 372
2.757749080657959 376
2.762321710586548 378
2.767490863800049 382
2.7717671394348145 384
2.776212215423584 387
2.7825241088867188 389
2.7877402305603027 392
2.7922966480255127 395
2.7974767684936523 398
2.8017590045928955 400
2.8062238693237305 402
2.811497926712036 405
2.8159337043762207 407
2.8211212158203125 409
2.825587034225464 412
2.830491065979004 415
2.835960865020752 417
2.8413281440734863 419
2.845808506011963 421
2.85078501701355 423
2.855376958847046 426
2.860572099685669 427
2.8651926517486572 430
2.8700551986694336 431
2.8746113777160645 433
2.8796966075897217 435
2.8855087757110596 438
2.8903982639312744 439
2.8947489261627197 441
2.899789571762085 442
2.904628276824951 444
2.909703016281128 446
2.914376974105835 447
2.9193551540374756 448
2.9239842891693115 450
2.928746223449707 451
2.9344372749328613 452
2.9395320415496826 454
2.9441792964935303 455
2.949204206466675 456
2.953763484954834 457
2.958622455596924 458
2.963618040084839 459
2.96842885017395 459
2.97320294380188 460
2.9780452251434326 461
2.982565402984619 462
2.9885315895080566 462
2.9934639930725098 463
2.998363494873047 463
