00
0.015329122543334961 0
0.02566671371459961 -1
0.03612232208251953 -3
0.04657626152038574 -5
0.05792403221130371 -8
0.06911611557006836 -12
0.07809329032897949 -15
0.08661007881164551 -17
0.0911092758178711 -19
0.09630012512207031 -21
0.10060501098632812 -23
0.10619997978210449 -25
0.11052513122558594 -28
0.1165170669555664 -30
0.12074685096740723 -33
0.12619280815124512 -35
0.1305556297302246 -38
0.1371757984161377 -40
0.14141440391540527 -45
0.1503896713256836 -48
0.15581560134887695 -50
0.1602954864501953 -53
0.1658937931060791 -56
0.17035937309265137 -59
0.17580294609069824 -61
0.18035030364990234 -65
0.18838834762573242 -68
0.19359803199768066 -71
0.19839787483215332 -73
0.20276999473571777 -77
0.20804500579833984 -79
0.21256184577941895 -82
0.21849870681762695 -85
0.22359228134155273 -88
0.22840404510498047 -90
0.23280692100524902 -94
0.23938441276550293 -96
0.24439191818237305 -99
0.24881625175476074 -102
0.2542126178741455 -105
0.25865840911865234 -107
0.2635672092437744 -111
0.26839375495910645 -113
0.27276158332824707 -117
0.2780289649963379 -119
0.28269100189208984 -123
0.2892634868621826 -125
0.29444432258605957 -128
0.29909467697143555 -131
0.3041963577270508 -134
0.30861973762512207 -137
0.31319594383239746 -140
0.31827306747436523 -142
0.3242466449737549 -145
0.3286921977996826 -148
0.33362865447998047 -151
0.3395864963531494 -155
0.34477782249450684 -157
0.3495810031890869 -161
0.35462021827697754 -163
0.3593766689300537 -165
0.3644082546234131 -169
0.3690769672393799 -171
0.3741953372955322 -175
0.37863731384277344 -177
0.38321542739868164 -181
0.38944315910339355 -183
0.3945281505584717 -187
0.3992314338684082 -189
0.4044668674468994 -192
0.40913963317871094 -195
0.4142148494720459 -198
0.41868114471435547 -201
0.4245607852935791 -204
0.4293253421783447 -206
0.434370756149292 -210
0.43975400924682617 -213
0.4451174736022949 -216
0.44964075088500977 -219
0.45465779304504395 -221
0.45946168899536133 -225
0.4646332263946533 -227
0.4693770408630371 -230
0.4743931293487549 -233
0.47905850410461426 -235
0.48424363136291504 -239
0.4886617660522461 -243
0.4951131343841553 -245
0.49965667724609375 -248
0.5046916007995605 -251
0.5094664096832275 -253
0.5145204067230225 -257
0.5192399024963379 -259
0.5244019031524658 -263
0.529066801071167 -265
0.534149169921875 -268
0.5385801792144775 -271
0.5447564125061035 -277
0.5542829036712646 -280
0.5587177276611328 -282
0.5642437934875488 -286
0.5686821937561035 -288
0.5741384029388428 -291
0.5785658359527588 -294
0.5836398601531982 -297
0.5884320735931396 -300
0.5944805145263672 -303
0.5991287231445312 -306
0.6042208671569824 -309
0.6086535453796387 -311
0.6135554313659668 -315
0.6183488368988037 -317
0.6227419376373291 -321
0.6286358833312988 -323
0.6335585117340088 -327
0.6383719444274902 -330
0.6454284191131592 -334
0.6514968872070312 -338
0.6587004661560059 -342
0.6654508113861084 -345
0.6714761257171631 -350
0.6786282062530518 -353
0.6854832172393799 -357
0.6914989948272705 -363
0.7004897594451904 -367
0.7075693607330322 -370
0.7145440578460693 -375
0.7205467224121094 -378
0.7274932861328125 -382
0.7324967384338379 -385
0.7377991676330566 -387
0.7422201633453369 -391
0.7485268115997314 -393
0.7530813217163086 -397
0.7581048011779785 -399
0.7627468109130859 -403
0.7679812908172607 -405
0.7724893093109131 -409
0.7777891159057617 -411
0.7822303771972656 -413
0.787630558013916 -417
0.7918336391448975 -420
0.7982761859893799 -423
0.802692174911499 -426
0.8079705238342285 -429
0.8126139640808105 -432
0.8179078102111816 -434
0.8225493431091309 -438
0.8278944492340088 -440
0.8331573009490967 -443
0.8381555080413818 -446
0.8426916599273682 -451
0.8515446186065674 -454
0.8575983047485352 -457
0.8618159294128418 -460
0.8673880100250244 -462
0.8717148303985596 -466
0.8773529529571533 -468
0.8815650939941406 -474
0.8907411098480225 -479
0.8988175392150879 -482
0.9052493572235107 -486
0.910473108291626 -488
0.9157693386077881 -491
0.9202806949615479 -494
0.9255549907684326 -497
0.9300520420074463 -500
0.9357719421386719 -503
0.940291166305542 -505
0.9457821846008301 -511
0.955651044845581 -515
0.9601490497589111 -519
0.9665651321411133 -521
0.9710617065429688 -525
0.9765245914459229 -527
0.9807462692260742 -530
0.987205982208252 -533
0.9914565086364746 -536
0.9970462322235107 -539
