00
0.009061336517333984 0
0.013280630111694336 0
0.01898050308227539 0
0.02314925193786621 0
0.029915809631347656 2
0.034665822982788086 2
0.03963470458984375 4
0.04410862922668457 5
0.04937171936035156 6
0.05355644226074219 8
0.05912923812866211 9
0.06330132484436035 12
0.06933164596557617 13
0.07354211807250977 16
0.08214926719665527 18
0.089599609375 21
0.09624123573303223 24
0.1022334098815918 27
0.10948610305786133 30
0.11613607406616211 34
0.12211179733276367 37
0.134110689163208 46
0.14479327201843262 48
0.1516730785369873 53
0.1587514877319336 56
0.1660020351409912 60
0.17239713668823242 65
0.17973852157592773 68
0.18670415878295898 70
0.19119954109191895 74
0.19623970985412598 76
0.20098352432250977 80
0.20612454414367676 82
0.21080327033996582 84
0.215803861618042 88
0.22025799751281738 90
0.22520661354064941 94
0.22999072074890137 97
0.23624491691589355 99
0.2409987449645996 102
0.2459704875946045 105
0.25063133239746094 107
0.2557191848754883 111
0.2601470947265625 113
0.26520347595214844 116
0.27065134048461914 119
0.27584171295166016 122
0.280275821685791 126
0.28635239601135254 128
0.2911205291748047 132
0.2962658405303955 134
0.30101871490478516 136
0.30602288246154785 140
0.31067347526550293 142
0.3157634735107422 146
0.32016539573669434 148
0.32526254653930664 152
0.3300457000732422 154
0.3361189365386963 158
0.3408474922180176 161
0.34640049934387207 165
0.35143280029296875 167
0.3567211627960205 170
0.3612380027770996 173
0.3662393093109131 176
0.37098121643066406 179
0.37670254707336426 182
0.3812100887298584 185
0.38731980323791504 188
0.3918187618255615 191
0.3970777988433838 194
0.40157389640808105 197
0.40685105323791504 199
0.4113798141479492 203
0.41638612747192383 205
0.42113399505615234 208
0.42630767822265625 211
0.43106913566589355 214
0.43713998794555664 218
0.4416346549987793 220
0.4471170902252197 224
0.4515964984893799 226
0.456862211227417 229
0.4613468647003174 232
0.4663553237915039 235
0.4711265563964844 238
0.476804256439209 240
0.4812915325164795 244
0.4862954616546631 248
0.49182629585266113 250
0.49712181091308594 254
0.5016021728515625 256
0.5070126056671143 260
0.511460542678833 262
0.5166950225830078 264
0.5212054252624512 268
0.5261940956115723 270
0.5347120761871338 276
0.5410220623016357 280
0.5461957454681396 282
0.5509099960327148 286
0.5562407970428467 288
0.5610008239746094 292
0.5661337375640869 294
0.5708761215209961 296
0.5758881568908691 300
0.5811691284179688 304
0.5861961841583252 307
0.5917093753814697 310
0.5970170497894287 313
0.6014890670776367 316
0.606696367263794 318
0.6111810207366943 322
0.6162021160125732 324
0.6209361553192139 327
0.6261358261108398 330
0.6308591365814209 332
0.6359081268310547 337
0.6414587497711182 339
0.6466994285583496 342
0.6511869430541992 345
0.6562037467956543 348
0.6609413623809814 350
0.6659703254699707 354
0.6704072952270508 356
0.6757364273071289 360
0.6809306144714355 363
0.686133623123169 366
0.691643476486206 369
0.6969153881072998 371
0.701369047164917 375
0.7063510417938232 377
0.7111432552337646 384
0.7216043472290039 389
0.7318994998931885 396
0.7430887222290039 400
0.7489421367645264 402
0.7531328201293945 406
0.7591612339019775 408
0.7633469104766846 412
0.7688848972320557 414
0.7730681896209717 418
0.7786166667938232 420
0.783318042755127 424
0.7888708114624023 427
0.7942225933074951 430
0.799504280090332 433
0.804128885269165 436
0.8094515800476074 439
0.814063549041748 442
0.8193542957305908 445
0.8235774040222168 447
0.8291780948638916 451
0.8333768844604492 453
0.8389978408813477 457
0.8442816734313965 460
0.8495194911956787 463
0.8572835922241211 468
0.8628323078155518 471
0.8682634830474854 474
0.8727996349334717 477
0.8781113624572754 479
0.8823120594024658 483
0.8883564472198486 485
0.8927688598632812 489
0.8990945816040039 491
0.9032974243164062 495
0.9088864326477051 497
0.9130806922912598 501
0.9186117649078369 503
0.9227969646453857 506
0.928236722946167 511
0.9371685981750488 515
0.9416649341583252 518
0.948169469833374 521
0.9523944854736328 524
0.9580988883972168 527
0.9622898101806641 530
0.967888355255127 533
0.9721903800964355 536
0.977471113204956 538
0.9819025993347168 542
0.9880595207214355 544
0.9923336505889893 548
0.9989032745361328 550
