00
0.015644073486328125 0
0.025711536407470703 -1
0.03614044189453125 -1
0.047449588775634766 -1
0.056490421295166016 -2
0.07071185111999512 -3
0.0807960033416748 -4
0.0924534797668457 -5
0.09876370429992676 -5
0.10402750968933105 -6
0.10924410820007324 -7
0.11469411849975586 -7
0.11890459060668945 -7
0.12425422668457031 -8
0.12861323356628418 -9
0.13392424583435059 -9
0.1384739875793457 -9
0.1437678337097168 -10
0.14927887916564941 -11
0.15475678443908691 -11
0.15921735763549805 -12
0.16442465782165527 -13
0.16877341270446777 -13
0.17405939102172852 -14
0.17850303649902344 -14
0.1838059425354004 -15
0.1883246898651123 -15
0.19359374046325684 -16
0.19888687133789062 -17
0.20432615280151367 -17
0.20863604545593262 -18
0.21474719047546387 -19
0.21918678283691406 -19
0.22446250915527344 -20
0.22877240180969238 -21
0.23408031463623047 -21
0.2385854721069336 -22
0.24401497840881348 -23
0.24950766563415527 -23
0.25487852096557617 -24
0.25930285453796387 -25
0.2645442485809326 -25
0.2687849998474121 -26
0.2743544578552246 -27
0.27871108055114746 -27
0.28400421142578125 -28
0.28851962089538574 -28
0.293834924697876 -29
0.29924821853637695 -30
0.30455613136291504 -30
0.3087778091430664 -31
0.3147432804107666 -31
0.31920909881591797 -32
0.32442450523376465 -33
0.3287332057952881 -33
0.33432817459106445 -34
0.33864402770996094 -35
0.34397268295288086 -35
0.3495805263519287 -36
0.3553624153137207 -37
0.35959339141845703 -37
0.36516547203063965 -38
0.3693857192993164 -39
0.3748745918273926 -39
0.37925076484680176 -40
0.3844330310821533 -41
0.388763427734375 -41
0.39432382583618164 -42
0.3996262550354004 -43
0.4052450656890869 -43
0.409487247467041 -44
0.4148740768432617 -45
0.4198336601257324 -45
0.4254300594329834 -46
0.4296247959136963 -47
0.4351801872253418 -47
0.43938112258911133 -48
0.44468069076538086 -48
0.44890427589416504 -49
0.4556403160095215 -49
0.4598536491394043 -51
0.4687197208404541 -51
0.4742558002471924 -52
0.47860264778137207 -53
0.48404502868652344 -53
0.48849034309387207 -54
0.49393558502197266 -55
0.49843382835388184 -56
0.5065715312957764 -56
0.5124912261962891 -57
0.5171699523925781 -58
0.5227901935577393 -58
0.5275306701660156 -59
0.532534122467041 -59
0.5371909141540527 -60
0.5423436164855957 -61
0.5467555522918701 -61
0.5528204441070557 -62
0.5576226711273193 -63
0.5626425743103027 -63
0.5673789978027344 -64
0.5725429058074951 -65
0.5771963596343994 -65
0.5822489261627197 -66
0.5866756439208984 -67
0.5912506580352783 -67
0.5962917804718018 -68
0.6007852554321289 -69
0.6071915626525879 -69
0.6122815608978271 -70
0.6167004108428955 -71
0.6226136684417725 -71
0.6272561550140381 -72
0.6325113773345947 -73
0.6371753215789795 -73
0.6422650814056396 -74
0.6466777324676514 -74
0.6512417793273926 -75
0.6575372219085693 -75
0.6625261306762695 -76
0.6671645641326904 -77
0.6722486019134521 -77
0.676703691482544 -78
0.6812691688537598 -79
0.6862657070159912 -79
0.6909418106079102 -80
0.6961963176727295 -81
0.7006874084472656 -81
0.7072083950042725 -82
0.7122783660888672 -83
0.7167181968688965 -83
0.7212650775909424 -84
0.7268822193145752 -85
0.7322063446044922 -85
0.7366676330566406 -86
0.7416865825653076 -87
0.7464685440063477 -87
0.7511813640594482 -88
0.7574787139892578 -89
0.7626473903656006 -89
0.7673406600952148 -89
0.7723355293273926 -90
0.7767620086669922 -91
0.7816777229309082 -92
0.7864985466003418 -92
0.790841817855835 -93
0.7960803508758545 -93
0.8005466461181641 -94
0.8068141937255859 -95
0.8123576641082764 -95
0.8168139457702637 -96
0.821718692779541 -97
0.8269345760345459 -97
0.8323254585266113 -98
0.8367502689361572 -99
0.841336727142334 -99
0.8464586734771729 -100
0.8508248329162598 -101
0.8578672409057617 -101
0.8629264831542969 -103
0.8724279403686523 -103
0.8768868446350098 -104
0.8823394775390625 -105
0.88677978515625 -105
0.892348051071167 -106
0.8967995643615723 -106
0.9017040729522705 -107
0.9065196514129639 -107
0.9126291275024414 -108
0.9173488616943359 -109
0.9224255084991455 -109
0.9268715381622314 -111
0.932868480682373 -111
0.9376416206359863 -112
0.9426770210266113 -112
0.9474823474884033 -113
0.9525187015533447 -113
0.957190752029419 -114
0.9633841514587402 -115
0.967881441116333 -115
0.9728899002075195 -116
0.9776961803436279 -117
0.9826805591583252 -117
0.987377405166626 -118
0.9926118850708008 -119
0.9972548484802246 -119
