00
0.008082151412963867 0
0.01246500015258789 0
0.01789689064025879 0
0.02208709716796875 1
0.027778148651123047 1
0.03305482864379883 1
0.038611412048339844 2
0.04278564453125 3
0.048383235931396484 3
0.052557945251464844 4
0.05833792686462402 5
0.0625004768371582 6
0.06775450706481934 7
0.07266640663146973 7
0.0779411792755127 9
0.08321404457092285 10
0.08880352973937988 11
0.09299325942993164 12
0.09872293472290039 13
0.10290050506591797 14
0.1084909439086914 15
0.11268758773803711 17
0.11837482452392578 17
0.1225745677947998 19
0.12786269187927246 21
0.13318848609924316 21
0.13877654075622559 23
0.14299249649047852 24
0.14853668212890625 25
0.15274930000305176 27
0.15832924842834473 28
0.16254186630249023 29
0.1678142547607422 31
0.17200422286987305 32
0.17835021018981934 34
0.18360614776611328 35
0.18896484375 37
0.19832968711853027 39
0.20253443717956543 40
0.20804882049560547 41
0.21242713928222656 43
0.21781182289123535 44
0.22204017639160156 46
0.2277364730834961 47
0.23297333717346191 49
0.2387397289276123 50
0.24293899536132812 51
0.24853301048278809 53
0.2527132034301758 54
0.2579469680786133 55
0.2624168395996094 57
0.2676074504852295 58
0.27187132835388184 60
0.27785682678222656 61
0.28298282623291016 63
0.2886474132537842 64
0.2928476333618164 65
0.2985565662384033 67
0.30278801918029785 68
0.3083803653717041 69
0.31256532669067383 71
0.3178863525390625 72
0.3223252296447754 74
0.32755064964294434 75
0.3318619728088379 77
0.33847832679748535 78
0.34269189834594727 80
0.34804725646972656 81
0.3524508476257324 83
0.35790514945983887 84
0.36235570907592773 85
0.3675806522369385 87
0.37192296981811523 88
0.37717390060424805 89
0.3823685646057129 91
0.38867998123168945 92
0.3928797245025635 94
0.39847874641418457 95
0.40269041061401367 97
0.40803980827331543 98
0.4124565124511719 99
0.41788244247436523 101
0.42233729362487793 103
0.4276123046875 103
0.4319157600402832 105
0.4383978843688965 106
0.44262170791625977 108
0.4479024410247803 109
0.45238566398620605 111
0.45767831802368164 112
0.46190333366394043 114
0.4671776294708252 115
0.47162532806396484 117
0.47830653190612793 118
0.48297119140625 120
0.4896879196166992 121
0.4940321445465088 123
0.49927520751953125 124
0.5037398338317871 126
0.5090446472167969 127
0.5132381916046143 128
0.5187811851501465 129
0.5229918956756592 131
0.5285341739654541 132
0.5327532291412354 134
0.5392863750457764 135
0.5437827110290527 137
0.5490481853485107 138
0.5532324314117432 139
0.5587737560272217 141
0.5629863739013672 142
0.5685515403747559 143
0.5727224349975586 145
0.5780367851257324 146
0.582430362701416 148
0.5891270637512207 151
0.5986423492431641 152
0.60284423828125 154
0.6085631847381592 155
0.6127703189849854 157
0.6186165809631348 157
0.6228010654449463 159
0.6283488273620605 161
0.6325521469116211 162
0.637826681137085 163
0.643019437789917 165
0.648597002029419 166
0.6527888774871826 168
0.6585416793823242 169
0.6627256870269775 171
0.6680798530578613 172
0.6724777221679688 173
0.6778171062469482 175
0.6820523738861084 177
0.6880879402160645 178
0.6934695243835449 179
0.6988730430603027 181
0.7030518054962158 182
0.7086362838745117 183
0.7128407955169678 185
0.7185676097869873 186
0.7227873802185059 188
0.7283387184143066 189
0.7325186729431152 191
0.7377903461456299 192
0.7430014610290527 193
0.7487056255340576 195
0.7529177665710449 196
0.7585906982421875 197
0.7628090381622314 199
0.7683711051940918 200
0.7725574970245361 202
0.7780642509460449 203
0.7824399471282959 205
0.7876152992248535 206
0.7936058044433594 207
0.7989647388458252 209
0.8031628131866455 210
0.8087606430053711 211
0.8129706382751465 213
0.8185279369354248 214
0.8227279186248779 216
0.8280880451202393 217
0.8324563503265381 219
0.8380804061889648 221
0.8434648513793945 222
0.8488657474517822 223
0.8530623912811279 225
0.858630895614624 226
0.862858772277832 227
0.8683836460113525 229
0.8726320266723633 230
0.8783321380615234 231
0.8825623989105225 233
0.8883147239685059 235
0.8944659233093262 236
0.8995988368988037 237
0.9039661884307861 239
0.9092090129852295 241
0.9136197566986084 242
0.9190220832824707 243
0.923208475112915 245
0.9288463592529297 246
0.9330506324768066 247
0.9386341571807861 249
0.9438879489898682 251
0.9499063491821289 252
0.9553775787353516 253
0.9597988128662109 255
0.9643473625183105 256
0.9693911075592041 257
0.9738729000091553 259
0.9791545867919922 260
0.9838709831237793 262
0.9968235492706299 265
