00
0.01129293441772461 0
0.02173614501953125 0
0.03303194046020508 0
0.04552483558654785 0
0.05547952651977539 -1
0.06667232513427734 -1
0.07825756072998047 -1
0.08688473701477051 -1
0.09256768226623535 -1
0.09786462783813477 -2
0.10231256484985352 -2
0.10752296447753906 -2
0.11182212829589844 -2
0.11712121963500977 -3
0.12160181999206543 -3
0.1268458366394043 -3
0.13135194778442383 -3
0.13677406311035156 -3
0.14232301712036133 -3
0.14761972427368164 -4
0.1518709659576416 -4
0.15711617469787598 -4
0.1615753173828125 -5
0.16765093803405762 -5
0.17186975479125977 -5
0.17730236053466797 -5
0.1816723346710205 -5
0.1869339942932129 -6
0.19244933128356934 -6
0.19796180725097656 -6
0.20238733291625977 -7
0.20762228965759277 -7
0.21184563636779785 -7
0.21712350845336914 -7
0.22155547142028809 -7
0.22687768936157227 -8
0.23141145706176758 -8
0.23665499687194824 -8
0.2419145107269287 -9
0.24730968475341797 -9
0.25165748596191406 -9
0.2610137462615967 -9
0.2668435573577881 -10
0.2713432312011719 -10
0.27673935890197754 -10
0.2812528610229492 -11
0.2866635322570801 -11
0.2911646366119385 -11
0.2990536689758301 -11
0.30559206008911133 -12
0.3114206790924072 -12
0.31868886947631836 -13
0.3254208564758301 -13
0.33127927780151367 -13
0.3377976417541504 -13
0.34566164016723633 -14
0.3514697551727295 -14
0.35852909088134766 -15
0.36441755294799805 -15
0.3713681697845459 -15
0.3771178722381592 -15
0.38156604766845703 -16
0.38681650161743164 -16
0.3912796974182129 -16
0.3975355625152588 -17
0.4018375873565674 -17
0.40715503692626953 -17
0.4116201400756836 -17
0.41687941551208496 -17
0.4213709831237793 -18
0.4266390800476074 -18
0.431119441986084 -18
0.43657946586608887 -19
0.441087007522583 -19
0.4470524787902832 -19
0.4515054225921631 -19
0.45692968368530273 -19
0.4614269733428955 -20
0.4666919708251953 -20
0.47163963317871094 -20
0.47696352005004883 -21
0.48143792152404785 -21
0.4867286682128906 -21
0.49122095108032227 -21
0.4974391460418701 -22
0.5017673969268799 -22
0.5070281028747559 -22
0.5114972591400146 -23
0.5168373584747314 -23
0.5213072299957275 -23
0.5265762805938721 -23
0.5310437679290771 -23
0.5363264083862305 -23
0.5407874584197998 -24
0.5484662055969238 -24
0.5530261993408203 -25
0.5587213039398193 -25
0.5628879070281982 -25
0.5684807300567627 -25
0.5726795196533203 -25
0.5787858963012695 -26
0.5829782485961914 -26
0.5886750221252441 -26
0.5928683280944824 -27
0.5992419719696045 -27
0.6037259101867676 -27
0.6090335845947266 -27
0.6132042407989502 -28
0.6189765930175781 -28
0.6234066486358643 -28
0.6288032531738281 -28
0.6330010890960693 -29
0.6385626792907715 -29
0.6427624225616455 -29
0.6491227149963379 -29
0.6535406112670898 -30
0.6625504493713379 -30
0.6680223941802979 -31
0.6724190711975098 -31
0.6787335872650146 -31
0.6829261779785156 -31
0.6886148452758789 -31
0.692791223526001 -32
0.6983778476715088 -32
0.7076270580291748 -33
0.7118434906005859 -33
0.7174472808837891 -33
0.7217733860015869 -33
0.7271449565887451 -33
0.731597900390625 -34
0.7370138168334961 -34
0.7415001392364502 -34
0.7467515468597412 -35
0.7520191669464111 -35
0.758652925491333 -35
0.762843132019043 -35
0.7684261798858643 -35
0.7726287841796875 -36
0.7789158821105957 -36
0.7831404209136963 -37
0.7886841297149658 -37
0.7928826808929443 -37
0.798586368560791 -37
0.8038604259490967 -37
0.8091294765472412 -38
0.8138673305511475 -38
0.8208105564117432 -39
0.8258962631225586 -39
0.8306548595428467 -39
0.8383734226226807 -39
0.8448326587677002 -40
0.8496010303497314 -40
0.8559505939483643 -40
0.8607072830200195 -41
0.8657197952270508 -41
0.8703372478485107 -41
0.8754227161407471 -41
0.8798375129699707 -41
0.8855931758880615 -42
0.8900036811828613 -42
0.8958094120025635 -42
0.9008481502532959 -43
0.906909704208374 -43
0.9114010334014893 -43
0.9167900085449219 -43
0.9212579727172852 -43
0.926551342010498 -44
0.9310207366943359 -44
0.9360189437866211 -44
0.9407613277435303 -45
0.9457576274871826 -45
0.9504663944244385 -45
0.9574353694915771 -45
0.9626741409301758 -46
0.968029260635376 -46
0.9724240303039551 -46
0.9779608249664307 -47
0.9823703765869141 -47
0.9876160621643066 -47
0.9918408393859863 -47
0.9971113204956055 -47
