00
0.015802860260009766 0
0.0276031494140625 0
0.03656435012817383 -3
0.05369877815246582 -4
0.058248281478881836 -6
0.06655740737915039 -8
0.07805752754211426 -11
0.08620524406433105 -12
0.09071803092956543 -14
0.09602856636047363 -15
0.10045504570007324 -16
0.10584735870361328 -18
0.11007094383239746 -20
0.11609244346618652 -22
0.12074422836303711 -25
0.12964105606079102 -28
0.13625264167785645 -29
0.1411440372467041 -32
0.14614439010620117 -33
0.1507711410522461 -36
0.15604901313781738 -37
0.1605370044708252 -40
0.16587471961975098 -41
0.17008090019226074 -43
0.17563247680664062 -44
0.17987322807312012 -47
0.18651819229125977 -50
0.19092321395874023 -52
0.19615530967712402 -54
0.20083975791931152 -56
0.20609569549560547 -58
0.2105858325958252 -60
0.21593117713928223 -62
0.2208714485168457 -64
0.22612571716308594 -66
0.2306382656097412 -69
0.23684358596801758 -70
0.24241042137145996 -73
0.24683666229248047 -75
0.2517890930175781 -77
0.25659847259521484 -79
0.26116394996643066 -82
0.2662022113800049 -83
0.27071309089660645 -86
0.27602243423461914 -88
0.28044986724853516 -89
0.2858924865722656 -92
0.29169344902038574 -94
0.29650044441223145 -96
0.3012359142303467 -99
0.30625200271606445 -100
0.3107316493988037 -103
0.3160364627838135 -105
0.32126760482788086 -108
0.32649755477905273 -109
0.3312079906463623 -112
0.33622264862060547 -114
0.34249210357666016 -116
0.3471708297729492 -118
0.3523097038269043 -120
0.35675764083862305 -122
0.36223912239074707 -125
0.36667943000793457 -127
0.37122535705566406 -129
0.3762338161468506 -131
0.38076186180114746 -134
0.3860595226287842 -135
0.3924427032470703 -138
0.3968806266784668 -140
0.40276026725769043 -143
0.40849947929382324 -145
0.41378283500671387 -148
0.41830968856811523 -150
0.4243781566619873 -152
0.4287142753601074 -154
0.43401598930358887 -156
0.4394872188568115 -159
0.44489145278930664 -160
0.4493086338043213 -163
0.454669713973999 -165
0.45890212059020996 -168
0.46462488174438477 -170
0.4688546657562256 -172
0.4743013381958008 -174
0.4786376953125 -176
0.4842054843902588 -178
0.48858022689819336 -180
0.49478721618652344 -182
0.4993000030517578 -185
0.5045626163482666 -187
0.5087850093841553 -189
0.5141632556915283 -191
0.5185568332672119 -196
0.5280897617340088 -197
0.533524751663208 -200
0.5380575656890869 -202
0.54465651512146 -204
0.5488796234130859 -206
0.5545487403869629 -208
0.558781623840332 -212
0.5659477710723877 -214
0.5705785751342773 -216
0.5759027004241943 -218
0.5805492401123047 -220
0.5858912467956543 -222
0.5904605388641357 -225
0.5967345237731934 -227
0.6022531986236572 -229
0.6066715717315674 -231
0.6125843524932861 -234
0.6176397800445557 -236
0.6226565837860107 -238
0.6278316974639893 -240
0.6328778266906738 -242
0.6376452445983887 -245
0.643669843673706 -248
0.6481714248657227 -249
0.6534848213195801 -252
0.6579785346984863 -254
0.6633768081665039 -255
0.6679024696350098 -258
0.6740238666534424 -260
0.6794860363006592 -263
0.6848785877227783 -265
0.6893141269683838 -268
0.6956124305725098 -269
0.6998505592346191 -272
0.7054212093353271 -274
0.7156641483306885 -279
0.7199618816375732 -286
0.7359359264373779 -290
0.7461450099945068 -294
0.7568488121032715 -300
0.7685303688049316 -307
0.7840545177459717 -310
0.7933661937713623 -316
0.8124189376831055 -320
0.8168776035308838 -322
0.8228363990783691 -326
0.828643798828125 -328
0.8351666927337646 -330
0.8393733501434326 -334
0.8479926586151123 -337
0.8547482490539551 -340
0.8625361919403076 -343
0.8683609962463379 -346
0.8754575252532959 -348
0.880828857421875 -351
0.887873649597168 -354
0.8943986892700195 -357
0.9026370048522949 -361
0.9084854125976562 -363
0.9158942699432373 -366
0.922588586807251 -372
0.9357225894927979 -374
0.9407591819763184 -377
0.9478793144226074 -380
0.9533538818359375 -382
0.9578871726989746 -384
0.9632933139801025 -386
0.9678118228912354 -388
0.9739327430725098 -391
0.9794073104858398 -394
0.9851377010345459 -395
0.9893617630004883 -398
0.994659423828125 -400
0.9999701976776123 -402
