00
0.013783454895019531 0
0.0227353572845459 -1
0.0354306697845459 -2
0.044272661209106445 -4
0.05562734603881836 -7
0.06444811820983887 -9
0.07585358619689941 -13
0.08410120010375977 -14
0.0896453857421875 -16
0.09417939186096191 -18
0.09960126876831055 -20
0.10408878326416016 -21
0.1093447208404541 -23
0.11385488510131836 -25
0.11882185935974121 -27
0.1235811710357666 -30
0.12862277030944824 -33
0.13416290283203125 -34
0.1394672393798828 -37
0.14397335052490234 -39
0.14938569068908691 -41
0.1538710594177246 -43
0.15910124778747559 -45
0.16360259056091309 -48
0.16862106323242188 -50
0.17339563369750977 -52
0.1784200668334961 -55
0.1837596893310547 -57
0.18909978866577148 -59
0.19361281394958496 -63
0.1986098289489746 -65
0.2033379077911377 -67
0.20848774909973145 -69
0.21313047409057617 -71
0.21820449829101562 -74
0.2226395606994629 -76
0.22811388969421387 -79
0.23255395889282227 -82
0.23872113227844238 -84
0.24345827102661133 -86
0.24843740463256836 -89
0.25312089920043945 -91
0.2582111358642578 -94
0.2626302242279053 -96
0.26772117614746094 -99
0.2730886936187744 -102
0.27875423431396484 -104
0.28353285789489746 -107
0.28960156440734863 -111
0.29407763481140137 -113
0.29935193061828613 -115
0.3038465976715088 -117
0.3091092109680176 -119
0.31360387802124023 -123
0.31859540939331055 -125
0.32334232330322266 -127
0.3284912109375 -129
0.3331599235534668 -133
0.3392055034637451 -137
0.34828734397888184 -140
0.3527095317840576 -142
0.35832977294921875 -145
0.362774133682251 -147
0.3682222366333008 -150
0.3726379871368408 -152
0.3785533905029297 -155
0.38326525688171387 -158
0.3894789218902588 -161
0.39398670196533203 -163
0.399242639541626 -165
0.4037466049194336 -168
0.4087862968444824 -170
0.41359925270080566 -173
0.41860222816467285 -175
0.42333984375 -177
0.42836785316467285 -180
0.43278980255126953 -183
0.43883490562438965 -185
0.4436149597167969 -189
0.4487888813018799 -191
0.4535386562347412 -193
0.4595906734466553 -197
0.4641714096069336 -199
0.46945905685424805 -201
0.4739258289337158 -204
0.4791545867919922 -206
0.4836747646331787 -209
0.489804744720459 -212
0.4947686195373535 -215
0.500145435333252 -217
0.5045044422149658 -220
0.5099954605102539 -222
0.5144827365875244 -224
0.5198245048522949 -227
0.5243313312530518 -229
0.529604434967041 -232
0.5340969562530518 -234
0.5402982234954834 -237
0.5446360111236572 -240
0.5499618053436279 -242
0.5544412136077881 -244
0.5597472190856934 -247
0.564253568649292 -249
0.5696752071380615 -253
0.5741755962371826 -255
0.5794625282287598 -257
0.5844357013702393 -259
0.5910749435424805 -263
0.5952589511871338 -265
0.6005802154541016 -267
0.6047952175140381 -271
0.6102349758148193 -273
0.6145515441894531 -276
0.6199839115142822 -278
0.6244325637817383 -281
0.6298913955688477 -283
0.6343605518341064 -285
0.6396365165710449 -288
0.6451313495635986 -291
0.6503198146820068 -293
0.6546268463134766 -296
0.6599400043487549 -298
0.6643948554992676 -300
0.6696984767913818 -303
0.6741859912872314 -305
0.6794681549072266 -308
0.6840291023254395 -310
0.6894373893737793 -313
0.6947226524353027 -316
0.7001268863677979 -319
0.7045044898986816 -321
0.7098050117492676 -323
0.7143330574035645 -325
0.7195971012115479 -329
0.7240910530090332 -331
0.7293810844421387 -333
0.7338647842407227 -336
0.7391610145568848 -341
0.749384880065918 -343
0.7538626194000244 -346
0.7592580318450928 -348
0.7637851238250732 -351
0.7691764831542969 -353
0.7736997604370117 -356
0.7787220478057861 -358
0.7834584712982178 -361
0.7892000675201416 -364
0.7945115566253662 -367
0.7998602390289307 -369
0.8043293952941895 -371
0.8097774982452393 -374
0.814274787902832 -376
0.8195605278015137 -379
0.8240251541137695 -381
0.8292543888092041 -383
0.833754301071167 -387
0.8387546539306641 -389
0.8435337543487549 -391
0.8496489524841309 -395
0.8541996479034424 -397
0.859569787979126 -399
0.8640542030334473 -402
0.8694593906402588 -405
0.8739850521087646 -407
0.8794088363647461 -410
0.8839099407196045 -412
0.8896260261535645 -415
0.8941307067871094 -418
0.9004659652709961 -420
0.9046998023986816 -423
0.9102804660797119 -425
0.9145667552947998 -428
0.919842004776001 -430
0.9243464469909668 -433
0.9298336505889893 -435
0.9343607425689697 -437
0.9396188259124756 -440
0.9441018104553223 -443
0.9501709938049316 -445
0.9545533657073975 -449
0.9599504470825195 -451
0.9644083976745605 -453
0.9720773696899414 -457
0.9770793914794922 -459
0.9821126461029053 -461
0.9867656230926514 -465
0.9926517009735107 -467
0.9988024234771729 -469
