0 0
0.00017333030700683594 0
0.005682229995727539 0
0.01042795181274414 0
0.015533208847045898 0
0.02126789093017578 0
0.026113510131835938 0
0.03051924705505371 0
0.03559994697570801 0
0.03988814353942871 0
0.04431724548339844 0
0.049642324447631836 1
0.0541379451751709 1
0.059351205825805664 1
0.06376862525939941 2
0.06983780860900879 3
0.07425904273986816 3
0.07949948310852051 4
0.08393311500549316 5
0.08890676498413086 5
0.09348034858703613 7
0.09835219383239746 8
0.10283517837524414 9
0.10788249969482422 10
0.11253762245178223 11
0.11757612228393555 13
0.12333393096923828 15
0.12822866439819336 16
0.1329045295715332 18
0.1379241943359375 19
0.14253520965576172 21
0.14755773544311523 23
0.1523735523223877 25
0.1573648452758789 27
0.161912202835083 29
0.16674232482910156 32
0.17253684997558594 34
0.17759466171264648 37
0.18223214149475098 39
0.18697118759155273 42
0.1919553279876709 44
0.19680213928222656 46
0.20163416862487793 50
0.2065293788909912 52
0.2112877368927002 54
0.21619510650634766 58
0.22176909446716309 61
0.22668170928955078 64
0.23148655891418457 67
0.23628592491149902 70
0.24074029922485352 73
0.24593210220336914 76
0.2505311965942383 79
0.2556447982788086 82
0.25989294052124023 86
0.2643427848815918 89
0.2696235179901123 93
0.2757134437561035 97
0.28025269508361816 99
0.28552675247192383 102
0.28984642028808594 106
0.2943458557128906 109
0.29959654808044434 113
0.304027795791626 116
0.3093757629394531 119
0.31380677223205566 123
0.3187136650085449 127
0.3242011070251465 130
0.32945942878723145 133
0.3338639736175537 137
0.3388671875 139
0.34344482421875 144
0.34834742546081543 149
0.3573322296142578 153
0.3621511459350586 156
0.36688661575317383 160
0.3736917972564697 164
0.3788583278656006 166
0.38352012634277344 170
0.3885829448699951 172
0.39292454719543457 176
0.3979768753051758 178
0.4026358127593994 181
0.40769267082214355 184
0.41253232955932617 186
0.4175732135772705 189
0.4223482608795166 193
0.42832136154174805 195
0.43337202072143555 198
0.4386146068572998 200
0.4429948329925537 203
0.44812631607055664 204
0.452683687210083 206
0.4577462673187256 208
0.46241331100463867 210
0.4675266742706299 212
0.4721691608428955 213
0.47786998748779297 215
0.482513427734375 217
0.48755788803100586 219
0.49234533309936523 219
0.4973423480987549 221
0.5019018650054932 222
0.506760835647583 223
0.5126733779907227 224
0.5176477432250977 225
0.5223453044891357 226
0.5283055305480957 226
0.5328948497772217 227
0.5379745960235596 227
0.5427908897399902 227
0.5478754043579102 227
0.5526742935180664 227
0.5576739311218262 227
0.5623486042022705 227
0.5673797130584717 227
0.571929931640625 227
0.5778465270996094 226
0.5825047492980957 226
0.587531328201294 225
0.5921909809112549 224
0.5969448089599609 224
0.6017651557922363 223
0.6066195964813232 222
0.6116008758544922 220
0.6164655685424805 219
0.6213240623474121 217
0.6262373924255371 216
0.6318483352661133 215
0.6367251873016357 213
0.6415669918060303 211
0.6463797092437744 210
0.6509780883789062 208
0.6560611724853516 206
0.6605298519134521 204
0.6656951904296875 201
0.6702933311462402 200
0.6755573749542236 197
0.6807520389556885 195
0.6860113143920898 192
0.6904783248901367 190
0.6956562995910645 187
0.6999609470367432 185
0.7043876647949219 182
0.7096569538116455 179
0.7141313552856445 177
0.7193300724029541 174
0.723811149597168 171
0.7299392223358154 167
0.7344036102294922 165
0.7396712303161621 161
0.7440874576568604 158
0.7493033409118652 156
0.7537426948547363 152
0.7587156295776367 149
0.7633106708526611 145
0.7682116031646729 142
0.7727439403533936 139
0.777855396270752 135
0.7835547924041748 131
0.7887868881225586 129
0.7933833599090576 125
0.798321008682251 122
0.8032677173614502 118
0.8082029819488525 115
0.8127541542053223 112
0.8178508281707764 108
0.822502613067627 105
0.8275527954101562 101
0.8333055973052979 97
0.8382034301757812 94
0.8427555561065674 91
0.8478133678436279 87
0.8526291847229004 85
0.8577547073364258 81
0.8624176979064941 78
0.8675148487091064 74
0.8721609115600586 71
0.8769254684448242 68
0.8825716972351074 65
0.887641429901123 62
0.8923277854919434 59
0.8973774909973145 56
0.9019744396209717 53
0.9068667888641357 50
0.9119224548339844 48
0.9167776107788086 46
0.9215984344482422 43
0.9264390468597412 41
0.9322347640991211 38
0.9372706413269043 36
0.9418542385101318 33
0.9467105865478516 31
0.9515526294708252 29
0.9564647674560547 27
0.9612421989440918 25
0.9661409854888916 23
0.970768928527832 22
0.9759533405303955 20
0.9803450107574463 18
0.9864592552185059 17
0.9912354946136475 16
0.9961369037628174 14
1.0005874633789062 13
1.0057783126831055 12
1.0101749897003174 11
1.0148649215698242 11
1.0197231769561768 10
1.0241403579711914 9
1.0294594764709473 9
1.035597324371338 8
1.0404908657073975 8
1.0460336208343506 7
1.0504698753356934 7
1.0560317039489746 7
1.0606606006622314 8
1.0662651062011719 8
1.0707049369812012 9
1.076263427734375 9
1.0807125568389893 9
1.0865797996520996 10
1.0915441513061523 11
1.0964345932006836 12
1.100964069366455 13
1.1064748764038086 14
1.1112182140350342 15
1.1164960861206055 16
1.1216166019439697 18
1.126526117324829 19
1.131692886352539 21
1.1375398635864258 23
1.1421709060668945 24
1.1469299793243408 27
1.1519086360931396 28
1.1574909687042236 31
1.1621403694152832 32
1.1669228076934814 34
1.1722376346588135 37
1.1769793033599854 39
1.1822664737701416 43
1.1879630088806152 45
1.1927871704101562 47
1.1978614330291748 50
1.2025411128997803 52
1.2075424194335938 56
1.2123634815216064 58
1.2173001766204834 60
1.2218916416168213 64
1.2267589569091797 66
1.231602668762207 70
1.2374870777130127 74
1.241999626159668 76
1.246826410293579 79
1.2516357898712158 83
1.2564597129821777 85
1.2609727382659912 88
1.2659893035888672 92
1.2705638408660889 95
1.2757127285003662 99
1.2800073623657227 102
1.2844665050506592 106
1.2907745838165283 109
1.2959861755371094 113
1.3004343509674072 116
1.3055779933929443 120
1.309924602508545 123
1.3144018650054932 125
1.3198647499084473 130
1.324284553527832 132
1.3296911716461182 137
1.3341903686523438 141
1.340341567993164 143
1.345590353012085 149
1.3537540435791016 153
1.3589115142822266 156
1.3635289669036865 159
1.3687677383422852 163
1.3742003440856934 166
1.3797378540039062 170
1.3841814994812012 173
1.3913507461547852 177
1.3977515697479248 181
1.4039738178253174 185
1.4112343788146973 189
1.417656660079956 192
1.423891305923462 196
1.4308056831359863 199
1.4375524520874023 203
1.4457213878631592 206
1.451892614364624 209
1.4589242935180664 211
1.465764045715332 214
1.4718585014343262 217
1.479217290878296 219
1.4848723411560059 220
1.489687204360962 222
1.4959261417388916 223
1.500272512435913 224
1.5049946308135986 225
1.5099682807922363 226
1.5143985748291016 227
1.5196661949157715 228
1.5241079330444336 229
1.529301404953003 229
1.5337378978729248 229
1.5386335849761963 230
1.544170618057251 230
1.5500009059906006 230
1.5565593242645264 230
1.5613934993743896 230
1.5662851333618164 230
1.5712578296661377 229
1.5761065483093262 229
1.580737590789795 229
1.5860109329223633 228
1.5904638767242432 227
1.5964550971984863 226
1.6012804508209229 225
1.6062116622924805 224
1.6106927394866943 223
1.6159234046936035 222
1.6202893257141113 221
1.625563621520996 219
1.6299970149993896 217
1.634462833404541 216
1.6397206783294678 214
1.6459107398986816 212
1.6502799987792969 210
1.6555039882659912 209
1.6598351001739502 206
1.6642887592315674 205
1.6695208549499512 203
1.673957347869873 200
1.6789274215698242 198
1.6835038661956787 195
1.688725471496582 193
1.6942479610443115 190
1.699558973312378 187
1.704026222229004 185
1.7093732357025146 182
1.7138283252716064 179
1.7188222408294678 177
1.723447322845459 173
1.7283103466033936 171
1.732848882675171 168
1.7379064559936523 164
1.7425363063812256 161
1.748708724975586 158
1.7533135414123535 154
1.7582173347473145 151
1.7627389430999756 149
1.7678134441375732 145
1.7724502086639404 142
1.7774739265441895 138
1.7821354866027832 135
1.786940336227417 129
1.7963566780090332 123
1.8058295249938965 118
1.8104708194732666 115
1.815647840499878 111
1.819943904876709 109
1.8243792057037354 106
1.82965087890625 102
1.8340988159179688 99
1.8395066261291504 96
1.8514976501464844 87
1.8563799858093262 84
1.8609504699707031 81
1.8660473823547363 77
1.8706715106964111 75
1.8759379386901855 71
1.8803458213806152 69
1.8856091499328613 66
1.8898844718933105 63
1.8943283557891846 59
1.9006106853485107 57
1.905869722366333 53
1.9102296829223633 51
1.914973258972168 49
1.9198124408721924 46
1.9242618083953857 43
1.9296634197235107 41
1.9341273307800293 39
1.9393806457519531 37
1.943830966949463 34
1.9498698711395264 31
1.954341173171997 30
1.9596364498138428 27
1.9641697406768799 26
1.9695441722869873 23
1.9740099906921387 22
1.9792251586914062 21
1.983715295791626 19
1.9887776374816895 18
1.9933912754058838 17
1.9985854625701904 15
2.004014730453491 14
2.008950710296631 13
2.013535261154175 12
2.018540143966675 12
2.022860527038574 11
2.0279431343078613 10
2.0326621532440186 10
2.037703514099121 9
2.042330026626587 9
2.047290086746216 9
2.0529139041900635 9
2.057903528213501 9
2.062509298324585 9
2.0675127506256104 10
2.0721559524536133 10
2.077631950378418 11
2.0822770595550537 11
2.0872931480407715 12
2.0918710231781006 13
2.0967531204223633 14
2.1026408672332764 15
2.107703924179077 16
2.112487316131592 17
2.1175293922424316 19
2.1221907138824463 20
2.126943826675415 21
2.1317481994628906 23
2.136631727218628 24
2.141432523727417 26
2.1463229656219482 28
2.151866912841797 30
2.156780481338501 32
2.1616034507751465 34
2.166457414627075 36
2.171464204788208 39
2.1762750148773193 41
2.1807477474212646 43
2.1859629154205322 46
2.1903460025787354 48
2.1955513954162598 50
2.199842929840088 53
2.2060036659240723 57
2.210463523864746 59
2.215579032897949 61
2.219841957092285 65
2.22428560256958 67
2.2296979427337646 71
2.2341105937957764 73
2.238999843597412 76
2.2436881065368652 80
2.248591899871826 82
2.2540442943573 86
2.2589221000671387 89
2.2635042667388916 93
2.2685747146606445 96
2.2728958129882812 100
2.277979612350464 103
2.2826168537139893 105
2.2877187728881836 109
2.2925126552581787 112
2.297577142715454 116
2.302342176437378 121
2.3081488609313965 123
2.3127191066741943 126
2.3178229331970215 130
2.3224709033966064 133
2.3275065422058105 137
2.3321564197540283 140
2.3369638919830322 143
2.341768503189087 147
2.3466508388519287 154
2.3566715717315674 157
2.3617823123931885 160
2.3666884899139404 163
2.3716447353363037 167
2.377469062805176 171
2.3823728561401367 173
2.3873724937438965 177
2.391951084136963 179
2.3968515396118164 182
2.4016873836517334 185
2.4074573516845703 189
2.4122354984283447 191
2.4169983863830566 193
2.4218122959136963 196
2.4266602993011475 198
2.4315295219421387 201
2.4364216327667236 203
2.4409847259521484 205
2.446065902709961 208
2.4505417346954346 209
2.4557089805603027 212
2.461326837539673 214
2.4661929607391357 216
2.470860242843628 217
2.4760377407073975 219
2.4805495738983154 221
2.485680341720581 222
2.490208148956299 223
2.4949474334716797 225
2.4996743202209473 226
2.504089832305908 227
2.5102453231811523 228
2.51499342918396 229
2.5198919773101807 230
2.524336099624634 230
2.5297932624816895 231
2.5342519283294678 231
2.5394976139068604 231
2.543947219848633 232
2.5489511489868164 232
2.553651809692383 232
2.55959153175354 231
2.5640227794647217 231
2.568988800048828 231
2.5736565589904785 231
2.5786032676696777 230
2.582939624786377 229
2.5879783630371094 228
2.594163656234741 228
2.5994393825531006 227
2.603912353515625 226
2.609905242919922 224
2.6143486499786377 223
2.619813919067383 222
2.6242518424987793 221
2.629488468170166 219
2.633946418762207 217
2.63889741897583 216
2.643519639968872 214
2.64870548248291 212
2.653806209564209 210
2.658825635910034 207
2.664323568344116 206
2.669576644897461 203
2.674030303955078 201
2.6792240142822266 199
2.6836953163146973 196
2.6886143684387207 194
2.6929659843444824 191
2.698124885559082 189
2.7026736736297607 187
2.7077512741088867 183
2.7137961387634277 180
2.71878719329834 177
2.7234230041503906 174
2.7285408973693848 171
2.732921600341797 168
2.737957715988159 165
2.7426064014434814 163
2.7476627826690674 159
2.7524733543395996 156
2.75791072845459 152
2.763657331466675 148
2.768796682357788 145
2.7738795280456543 141
2.778881549835205 139
2.7834815979003906 135
2.788543224334717 132
2.792888879776001 128
2.797961950302124 125
2.8026294708251953 122
2.8076980113983154 118
2.813410520553589 114
2.8182754516601562 111
2.8228166103363037 108
2.827873945236206 104
2.832679033279419 101
2.837707757949829 97
2.8423492908477783 94
2.8473918437957764 90
2.851933240890503 88
2.856782913208008 85
2.8616254329681396 81
2.867497444152832 77
2.872119188308716 75
2.8769214153289795 71
2.8818957805633545 68
2.8867783546447754 66
2.891810894012451 62
2.896671772003174 60
2.901458740234375 56
2.9064064025878906 54
2.9109790325164795 51
2.9168224334716797 49
2.921640634536743 45
2.92653226852417 43
2.93131685256958 41
2.9362165927886963 39
2.940756320953369 37
2.9459879398345947 34
2.950604200363159 32
2.955840826034546 30
2.960210084915161 27
2.9661707878112793 26
2.970672845840454 25
2.9758994579315186 23
2.980459213256836 21
2.985642194747925 19
2.9899232387542725 19
2.994349956512451 17
2.999652862548828 16
