00
0.012584447860717773 0
0.02386331558227539 0
0.034066200256347656 -1
0.04293107986450195 -2
0.05327153205871582 -3
0.06539297103881836 -4
0.07696008682250977 -5
0.08423066139221191 -6
0.08984565734863281 -7
0.09405875205993652 -8
0.10117673873901367 -9
0.10792660713195801 -10
0.11388254165649414 -12
0.12131667137145996 -13
0.12839436531066895 -14
0.13568997383117676 -15
0.1426701545715332 -17
0.1496715545654297 -18
0.15566015243530273 -19
0.16264581680297852 -21
0.1703808307647705 -22
0.17688608169555664 -23
0.1819744110107422 -24
0.18805766105651855 -25
0.192549467086792 -26
0.19785594940185547 -27
0.2023460865020752 -28
0.2073655128479004 -29
0.21210527420043945 -30
0.21712636947631836 -31
0.22182750701904297 -32
0.22681808471679688 -33
0.231245756149292 -34
0.23767852783203125 -35
0.24218988418579102 -36
0.24737811088562012 -37
0.2521190643310547 -38
0.25714564323425293 -39
0.26191067695617676 -40
0.26735353469848633 -41
0.2721281051635742 -42
0.27714085578918457 -44
0.2872140407562256 -45
0.29195237159729004 -47
0.29726362228393555 -47
0.30198192596435547 -49
0.30716848373413086 -49
0.3119168281555176 -50
0.31691884994506836 -51
0.3213472366333008 -52
0.3262596130371094 -53
0.33103394508361816 -54
0.3370637893676758 -55
0.34183216094970703 -57
0.34683752059936523 -57
0.3512578010559082 -59
0.3566908836364746 -60
0.3611159324645996 -61
0.36698412895202637 -62
0.3733522891998291 -63
0.37901759147644043 -64
0.3832664489746094 -65
0.3898324966430664 -66
0.39403271675109863 -67
0.3992776870727539 -68
0.40371036529541016 -69
0.4089064598083496 -70
0.41319751739501953 -71
0.4187283515930176 -73
0.423062801361084 -73
0.42833781242370605 -75
0.4328134059906006 -75
0.4390542507171631 -77
0.443317174911499 -78
0.44867634773254395 -79
0.4530527591705322 -79
0.4583313465118408 -81
0.4628255367279053 -81
0.46813011169433594 -83
0.4731426239013672 -84
0.47866368293762207 -85
0.4830446243286133 -86
0.48831725120544434 -87
0.49382662773132324 -88
0.49915409088134766 -89
0.5033683776855469 -90
0.5089435577392578 -91
0.5132312774658203 -92
0.5185420513153076 -93
0.5229854583740234 -94
0.5282590389251709 -95
0.5327110290527344 -96
0.538130521774292 -97
0.5433995723724365 -99
0.5487997531890869 -99
0.5531272888183594 -101
0.5583949089050293 -101
0.5628941059112549 -102
0.5681500434875488 -103
0.5726442337036133 -105
0.5784051418304443 -105
0.5829253196716309 -106
0.588200569152832 -107
0.5937988758087158 -109
0.599238395690918 -110
0.6036949157714844 -111
0.6089422702789307 -112
0.6132247447967529 -113
0.6184799671173096 -114
0.622955322265625 -115
0.6281962394714355 -116
0.6326663494110107 -117
0.6381325721740723 -118
0.6433444023132324 -119
0.6487274169921875 -120
0.6530947685241699 -121
0.6585485935211182 -122
0.6630454063415527 -123
0.6683468818664551 -124
0.6728405952453613 -125
0.6785280704498291 -127
0.687891960144043 -128
0.693070650100708 -129
0.6985247135162354 -130
0.7029821872711182 -131
0.7084410190582275 -132
0.712944507598877 -133
0.7184011936187744 -134
0.7229008674621582 -135
0.728158712387085 -137
0.7326295375823975 -137
0.7378740310668945 -139
0.7432575225830078 -140
0.7486824989318848 -141
0.753056526184082 -141
0.7583870887756348 -143
0.76285719871521 -144
0.7684195041656494 -145
0.7728965282440186 -145
0.7783458232879639 -147
0.7828361988067627 -148
0.7880897521972656 -149
0.7925722599029541 -150
0.798814058303833 -151
0.8031196594238281 -152
0.808405876159668 -153
0.8128936290740967 -154
0.8181896209716797 -155
0.8227035999298096 -156
0.8279759883880615 -157
0.8324611186981201 -158
0.8378839492797852 -159
0.8423671722412109 -160
0.848416805267334 -161
0.8529183864593506 -162
0.8582046031951904 -163
0.8626751899719238 -164
0.8679606914520264 -165
0.8724660873413086 -167
0.881019115447998 -168
0.8869965076446533 -169
0.8916537761688232 -170
0.8979966640472412 -171
0.9024958610534668 -173
0.9077403545379639 -173
0.9122347831726074 -175
0.9172406196594238 -175
0.921978235244751 -176
0.9269874095916748 -177
0.931420087814331 -178
0.9372897148132324 -180
0.9432539939880371 -181
0.9498271942138672 -182
0.9540762901306152 -183
0.959803581237793 -184
0.9639973640441895 -185
0.9693553447723389 -186
0.9737586975097656 -187
0.9791176319122314 -188
0.9841015338897705 -189
0.989661693572998 -190
0.9938499927520752 -191
