00
0.008434295654296875 0
0.014433622360229492 0
0.019138336181640625 0
0.024486541748046875 0
0.029250144958496094 1
0.03424239158630371 2
0.03864645957946777 2
0.04390239715576172 3
0.048348188400268555 4
0.05454397201538086 4
0.05926227569580078 6
0.06426215171813965 7
0.0688791275024414 8
0.07397603988647461 9
0.07834982872009277 10
0.08343768119812012 12
0.08825492858886719 13
0.09261441230773926 14
0.09784913063049316 16
0.10429930686950684 17
0.10908126831054688 18
0.11446666717529297 20
0.11919403076171875 21
0.12420797348022461 23
0.12862896919250488 24
0.13400030136108398 26
0.1384282112121582 28
0.14389276504516602 30
0.14834928512573242 32
0.15435409545898438 33
0.15910792350769043 34
0.16414833068847656 36
0.1685786247253418 38
0.1735086441040039 40
0.1783158779144287 41
0.18288207054138184 43
0.18794846534729004 44
0.19247055053710938 46
0.19774556159973145 48
0.20420479774475098 50
0.20864105224609375 52
0.21435213088989258 54
0.2196183204650879 56
0.22461795806884766 57
0.2294003963470459 59
0.23456573486328125 60
0.23938822746276855 63
0.24439644813537598 64
0.24913740158081055 66
0.255173921585083 68
0.2596566677093506 70
0.2650477886199951 71
0.26954221725463867 73
0.27455925941467285 75
0.2793254852294922 77
0.2843341827392578 78
0.2889552116394043 80
0.2940394878387451 82
0.2985048294067383 84
0.30340123176574707 86
0.3092458248138428 87
0.31429362297058105 89
0.3194878101348877 91
0.32489967346191406 93
0.32940125465393066 95
0.3346216678619385 96
0.33938145637512207 98
0.3443772792816162 100
0.3491027355194092 101
0.35414958000183105 104
0.35968995094299316 106
0.3690664768218994 108
0.37427258491516113 111
0.3789513111114502 112
0.3843212127685547 114
0.3889613151550293 116
0.394209623336792 118
0.3986341953277588 119
0.404524564743042 122
0.4112875461578369 124
0.4168577194213867 126
0.4215679168701172 128
0.4271414279937744 130
0.43132638931274414 132
0.4368858337402344 133
0.44109559059143066 135
0.446580171585083 137
0.4509871006011963 139
0.4573173522949219 140
0.4615511894226074 142
0.4671211242675781 144
0.4713280200958252 146
0.4768815040588379 148
0.4811255931854248 150
0.4864161014556885 151
0.4906449317932129 153
0.49632787704467773 155
0.5005533695220947 157
0.5061709880828857 158
0.511559247970581 160
0.5171277523040771 162
0.521324634552002 164
0.5274133682250977 166
0.5316214561462402 168
0.5372567176818848 169
0.5414543151855469 172
0.5470688343048096 173
0.5512783527374268 175
0.5566017627716064 177
0.5618250370025635 179
0.5676026344299316 181
0.5718045234680176 182
0.5774405002593994 184
0.581627607345581 186
0.5872716903686523 187
0.5914747714996338 190
0.5970683097839355 191
0.6012771129608154 193
0.6068589687347412 195
0.6121044158935547 196
0.6175053119659424 199
0.6217005252838135 201
0.6279020309448242 202
0.6323704719543457 204
0.6376223564147949 206
0.64180588722229 208
0.6474201679229736 210
0.6516273021697998 211
0.6572041511535645 213
0.6625471115112305 216
0.6677951812744141 217
0.6722812652587891 219
0.6775681972503662 220
0.6817762851715088 222
0.6875309944152832 224
0.6917073726654053 227
0.7005136013031006 229
0.7060649394989014 230
0.7114181518554688 233
0.7171926498413086 234
0.7213895320892334 236
0.727586030960083 238
0.7317919731140137 240
0.7374143600463867 242
0.7416143417358398 244
0.7473485469818115 245
0.7515537738800049 247
0.7573182582855225 249
0.7626032829284668 252
0.7714855670928955 254
0.7772188186645508 256
0.7814021110534668 258
0.7871260643005371 259
0.7913174629211426 262
0.7970507144927979 263
0.8013312816619873 265
0.8071002960205078 266
0.8112812042236328 270
0.8196227550506592 272
0.826103687286377 274
0.8324503898620605 277
0.8394720554351807 279
0.8458657264709473 281
0.8515307903289795 284
0.8583025932312012 287
0.8663876056671143 289
0.8722708225250244 291
0.87925124168396 293
0.8857567310333252 295
0.8914680480957031 298
0.8984208106994629 300
0.9051904678344727 302
0.9097342491149902 306
0.9176437854766846 307
0.9221792221069336 309
0.9275727272033691 310
0.9328653812408447 312
0.9378864765167236 314
0.942396879196167 316
0.9476511478424072 318
0.9520180225372314 319
0.957378625869751 320
0.9615871906280518 323
0.9680027961730957 325
0.9725325107574463 327
0.9777722358703613 328
0.982407808303833 330
0.9876651763916016 332
0.9920175075531006 334
0.9974348545074463 336
