00
0.0 0.0
0.0 0.0
-0.0009598868616621255 9.214535432081176e-06
-0.003359272323995116 5.528508988460625e-05
-0.0062365744792270295 0.00017504134730325903
-0.009590126183606995 0.00037917421585081674
-0.01365347034021098 0.0007442009317319356
-0.017706140291338435 0.00121311084370151
-0.02174729174720711 0.001772668838055264
-0.026714633408051632 0.002623239331238297
-0.031184872664143222 0.003521891576803272
-0.03586802138835799 0.00457299119066268
-0.040518963017942486 0.005758501346489168
-0.04628756011581355 0.007407173343188002
-0.050876267099540115 0.008814461724746286
-0.055887908482572156 0.010475138820764111
-0.06086674552795135 0.012231720570901935
-0.06581094315704615 0.014083559541711976
-0.0707186790584741 0.01602997319024426
-0.07536680502788486 0.017977504528098535
-0.08087016136557038 0.02036662588347627
-0.0850291305318001 0.022235740738029537
-0.09002683017843024 0.024578607337563
-0.09477816499249685 0.026880609781957065
-0.09972213899168182 0.029334819788561943
-0.1042144844220367 0.03161884821960323
-0.10996190202619417 0.03461076445008867
-0.11398598444451549 0.03675491359502205
-0.11841839756922011 0.03915317697325671
-0.12303754647072904 0.041710101140111575
-0.12764849016957566 0.04428179240762874
-0.13224288191985567 0.046882938734600074
-0.13619630833888408 0.04915472974930399
-0.14075703240172127 0.0518144654113605
-0.14489538711686664 0.0542456611301384
-0.14943036981593608 0.05694905338589751
-0.15354519641942294 0.059419861835495885
-0.1576520959520486 0.06190382411385056
-0.16154607984457578 0.06427606025511054
-0.16866269124845407 0.06873741795355946
-0.17558980293695114 0.0730491652337634
-0.18186767071412624 0.07704091041532532
-0.18589300047043633 0.07965499012419697
-0.19427524108168098 0.08525229802111867
-0.203396520780677 0.09147052600803177
-0.20912168778858758 0.09542743243127927
-0.21641001991212558 0.1004992461599189
-0.22210974747542192 0.10449270974620649
-0.2279794592259255 0.10866152754044771
-0.2332380811238214 0.11244719360889473
-0.23869146679571346 0.11637306953172867
-0.24370825293743906 0.12008303811863137
-0.24870119441797886 0.1238250356439539
-0.25255110936602965 0.12669119112894509
-0.2580933354359268 0.13090051125230914
-0.26171560607049404 0.13366994626962098
-0.26495658505931735 0.1361478618114263
-0.26799193113976655 0.13849949045761567
-0.27083756809018766 0.1407041423134182
-0.273857802775632 0.14307514749319233
-0.27648717742546447 0.14516664652804498
-0.27930436455028496 0.14740753835110137
-0.2815581142501414 0.1492002518095465
-0.28529516605949046 0.15221208449839405
-0.2880907127010503 0.15447991571648745
-0.29069988956650616 0.15659655818670795
-0.29348816537035044 0.15887332288702108
-0.2966399386444326 0.1614637544084275
-0.2994062309474358 0.1637671793265095
-0.3017972843078706 0.1657711419894494
-0.3043791571240069 0.16792100524632592
-0.3067637860347566 0.16993260845892044
-0.30932490300736215 0.1721071564842818
-0.31259980824128214 0.17492401937225718
-0.315321370882959 0.17728012553419567
-0.31785444662502627 0.17948727449765994
-0.3200195898395576 0.18138605413581235
-0.3223585676953642 0.18345056015831507
-0.32469092764356083 0.18552253979116667
-0.3273744485981799 0.18792188444023564
-0.3298718898179643 0.1901692755089402
-0.331822824602434 0.19194760419315055
-0.3341217381775233 0.19405663214487953
-0.3364071079599231 0.19618032880038316
-0.3385103966551085 0.19814740427387126
-0.3406136853502939 0.20011447974735935
-0.34270434268304445 0.20209497493056722
-0.3447886521943318 0.20408214958691984
-0.34669926924634525 0.20590372635524307
-0.3489503712917204 0.20806371295432452
-0.3525755836391737 0.21156453982455214
-0.35670586017212585 0.21557872128234865
-0.3590925996873165 0.2179433467809422
-0.3618203019903915 0.220645775922192
-0.3648694482840218 0.2237055843640475
-0.3670645271850449 0.22592248110164875
-0.3692453741136384 0.22815337984452083
-0.3707551912180493 0.22969784820497072
-0.37260052323455145 0.23158553175663169
-0.37410042560195306 0.23313963056091197
-0.3757614499778489 0.23487173076457296
-0.37774801824907667 0.23695661823334535
-0.3795629146216143 0.23887358213475016
-0.3810428036426464 0.2404467504952987
-0.3825125948739444 0.24202935718731095
-0.3839874425502391 0.24360725279125015
-0.38545216228805174 0.24519455436778323
-0.3870796286633991 0.24695822278615331
-0.38853926191116234 0.2485502029955864
-0.38999379372439014 0.25014684553839633
-0.3914432092108277 0.2517481340673246
-0.39273157853210555 0.2531715016485942
-0.3944968149229431 0.2551342904621965
-0.39577604902585783 0.25656587381267215
-0.39753499591736563 0.25853430091957613
-0.39960629700655825 0.2608672634835306
-0.40135261093694097 0.26284690665816857
-0.40261804409907204 0.26429070362852075
-0.4038788509723461 0.26573854229623345
-0.4054490605668701 0.26755337422291625
-0.40654413673145184 0.268827267079187
-0.4076392128960336 0.2701011599354578
-0.4090419199830802 0.2717435189197093
-0.4102840930885904 0.27320737572806403
-0.4113668904939332 0.2744917217073374
-0.41244968789927605 0.2757760676866107
-0.4135242439640622 0.2770673167249934
-0.4145946628346493 0.27836199747984525
-0.4156692188994354 0.2796532465182279
-0.4165867207885101 0.2807629728795295
-0.41750066711726597 0.2818756293501335
-0.41826228905789586 0.28280284307563686
-0.41932440070403704 0.284104347461578
-0.4200800733475713 0.28503641619779035
-0.42098688051981237 0.2861548986812452
-0.4220406414438085 0.2874631733964911
-0.42279033384244474 0.2884000589714882
-0.4236863627391424 0.2895271945133402
-0.42473172978528967 0.2908421859788342
-0.42547541123614047 0.2917838500234229
-0.42621909268699126 0.29272551406801156
-0.42710789013529754 0.2938583606636756
-0.4279930581909176 0.29499404540282337
-0.42887822624653765 0.29612973014197114
-0.42975610836560196 0.29727105625595013
-0.4304876767981556 0.29822216135093266
-0.43150760672291294 0.2995569788530944
-0.4320879802094075 0.30032159268440334
-0.43281344706752567 0.30127735997353955
-0.43368400729726747 0.302424280720503
-0.4344064122109694 0.30338236444015904
-0.4351288171246713 0.3043404481598151
-0.43570428558301333 0.30510876043246743
-0.43656748827052644 0.3062612288414459
-0.4372837471377472 0.30722391597044385
-0.43785428700021306 0.3079958952189941
-0.43856437048730135 0.3089631463314645
-0.43927445397438963 0.30993039744393486
-0.439981438850279 0.3108999157049667
-0.4406884237261684 0.3118694339659986
-0.4412515269471371 0.31264685435252665
-0.4422325993049299 0.3140104862105689
-0.44279071589587865 0.31479149425518976
-0.44348523426053776 0.3157699816155383
-0.4441797526251969 0.3167484689758869
-0.44473536731692415 0.3175312588641657
-0.44542675119671543 0.3185119635108231
-0.4459773450496554 0.3192982930244238
-0.4466655873658304 0.3202812049164247
-0.4472136623306105 0.3210692921754488
-0.4478987560365856 0.3220544012492289
-0.4484468310013657 0.322842488508253
-0.4489923814665087 0.32363232544385234
-0.4495354018463847 0.3244239039692648
-0.45007588658126796 0.3252172159798968
-0.45075149249987206 0.3262088559931868
-0.4512894360559982 0.32700389336669644
-0.45196186550115586 0.32799769008358354
-0.45236532316825045 0.32859396811371583
-0.4529007200378729 0.32939072271009623
-0.45330226769008974 0.3299882886573815
-0.45383511239153634 0.33078675231904375
-0.4543653994692653 0.33158691687090075
-0.4550250545000851 0.3325892384328382
-0.45594407674490606 0.3339954364733066
-0.45660052120549244 0.33499986364506973
-0.4569924575070919 0.3356037771437137
-0.45764246069709014 0.33661238466212845
-0.45841858776380123 0.33782520331705657
-0.4589334160031552 0.33863540056391594
-0.4597017657478861 0.33985316120673337
-0.46033880680094097 0.34087000532946476
-0.4609725909307499 0.3418888826282662
-0.4616063750605588 0.3429077599270677
-0.4623629999216197 0.3441328399787573
-0.4632411511111897 0.34556491724753496
-0.46399385213082106 0.34679241204934436
-0.46486282076444224 0.3482300797193138
-0.4654802236120774 0.3492589660089214
-0.46597414589018554 0.35008207504060757
-0.46634261038587765 0.35070058898044254
-0.4667090938961493 0.35132027875367977
-0.46719509225961847 0.3521480911029233
-0.467802590213955 0.3531828565394777
-0.46828858857742417 0.3540106688887212
-0.4686530873500261 0.3546315281506538
-0.4691364344206978 0.3554608913425835
-0.46949695254253404 0.356084070499956
-0.469977643371649 0.35691497604311934
-0.4703361656211452 0.357539305583484
-0.47069068513422085 0.35816591670148656
-0.47128155098934693 0.3592102685648242
-0.4716340636793241 0.35983801085411243
-0.47186907213930884 0.36025650571363793
-0.4723364084828689 0.3610949950915329
-0.47280642540283846 0.361931984810584
-0.4731569276605085 0.3625608518440052
-0.4735054158972466 0.36319083718289097
-0.47397006687956406 0.36403081763473866
-0.474316537527366 0.36466191482897065
-0.47466098703888476 0.3652941174170469
-0.4748906200465639 0.36571558580909774
-0.47534988606192224 0.36655852259319943
-0.4756923109105041 0.36719182410230033
-0.47592059414289206 0.3676140251083676
-0.47626099082261303 0.36824841905442224
-0.476486567506414 0.36867207231292387
-0.47682493253211544 0.36930755220067635
-0.4770505092159164 0.369731205459178
-0.47727472915413266 0.37015557834122864
-0.47761105906145707 0.37079213766430463
-0.4778352789996733 0.3712165105463553
-0.4779467094481488 0.37142905462667974
-0.4781695703450998 0.3718541427873287
-0.47839106991901953 0.37227994187430175
-0.4787233192798991 0.37291864050476137
-0.4789448188538188 0.3733444395917344
-0.4792750228284092 0.3739841980723507
-0.4794937929667432 0.3744114059260789
-0.4798219481742442 0.3750522177066712
-0.48004071831257816 0.37547942556039937
-0.4803668213931656 0.37612128408000256
-0.48058422344689056 0.376549189759738
-0.48080299358522455 0.3769763976134662
-0.48101902532846497 0.3774049967380876
-0.4812350570717054 0.377833595862709
-0.481559104686566 0.37847649454964105
-0.48166712055818617 0.3786907941119517
-0.48199116817304677 0.3793336927988838
-0.4820984977835019 0.3795483368895268
-0.4823131570044122 0.3799776250708129
-0.48252644150519935 0.3804075979134875
-0.48274110072610965 0.38083688609477356
-0.48284774297650324 0.3810518725161109
-0.4830610274772904 0.3814818453587855
-0.48337888887270963 0.3821278250114511
-0.4835894173961943 0.3825591539630797
-0.48390521018142135 0.38320614739052267
-0.4840104744431637 0.383421811866337
-0.48421962173768623 0.38385381225164655
-0.4844287690322088 0.3842858126369561
-0.4846379163267313 0.38471781302226565
-0.48474179828883196 0.38493414672023835
-0.4849481767155167 0.38536747669694527
-0.485155940639718 0.38580014409289065
-0.48536093145587633 0.38623413221370095
-0.48546412066921873 0.3864507972020544
-0.48556592122263326 0.38666811811281293
-0.4857709120387916 0.38710210623362323
-0.4858727125922061 0.3873194271443818
-0.4860763136990352 0.38775406896589887
-0.4862799148058643 0.38818871078741596
-0.4863810194623271 0.38840635632348314
-0.4864828200157416 0.3886236772342417
-0.4866864211225707 0.3890583190557588
-0.4867875257790335 0.38927596459182595
-0.4868879335033824 0.38949393252483333
-0.4870887489520801 0.3899298683908481
-0.4873878782447051 0.3905847326856829
-0.4873878782447051 0.3905847326856829
-0.48768491059426683 0.39124055077148845
-0.48768491059426683 0.39124055077148845
-0.4878829321606413 0.39167776282869216
-0.4879812429490835 0.3918966845494151
-0.48817786452596784 0.39233452799086105
-0.48837448610285217 0.392772371432307
-0.4884720958899922 0.3929916066037164
-0.4885690036764501 0.39321115298116827
-0.48876281924936604 0.39365024573607205
-0.48895663482228197 0.3940893384909758
-0.48895663482228197 0.3940893384909758
-0.4891504503951979 0.3945284312458796
-0.48924665518878135 0.3947482865815437
-0.48924665518878135 0.3947482865815437
-0.48934215600449554 0.39496844862442654
-0.4894369518645533 0.3951889151203944
-0.4894369518645533 0.3951889151203944
-0.48953104179838525 0.3954096838121963
-0.48953104179838525 0.3954096838121963
-0.48962442484264956 0.39563075243948737
-0.48962442484264956 0.39563075243948737
-0.48962442484264956 0.39563075243948737
-0.48962442484264956 0.39563075243948737
-0.4897185147764815 0.3958515211312893
-0.4897185147764815 0.3958515211312893
-0.4897185147764815 0.3958515211312893
-0.48981331063653927 0.39607198762725715
-0.48981331063653927 0.39607198762725715
-0.48981331063653927 0.39607198762725715
-0.48981331063653927 0.39607198762725715
-0.48981331063653927 0.39607198762725715
-0.48981331063653927 0.39607198762725715
-0.48981331063653927 0.39607198762725715
-0.48981331063653927 0.39607198762725715
-0.4899074005703712 0.3962927563190591
-0.4899074005703712 0.3962927563190591
-0.4900007836146355 0.3965138249463501
-0.4900007836146355 0.3965138249463501
-0.4900934588132279 0.3967351912457145
-0.4900934588132279 0.3967351912457145
-0.4901854252172914 0.39695685295068867
-0.4902781004158838 0.39717821925005303
-0.4902781004158838 0.39717821925005303
-0.49037148346014814 0.3973992878773441
-0.49046557339398006 0.397620056569146
-0.49046557339398006 0.397620056569146
-0.49046557339398006 0.397620056569146
-0.4905589564382444 0.39784112519643705
-0.4906516316368368 0.3980624914958014
-0.4906516316368368 0.3980624914958014
-0.4907435980409003 0.3982841532007756
-0.4908348547088349 0.3985061080418715
-0.4908348547088349 0.3985061080418715
-0.4909268211128984 0.39872776974684565
-0.49101949631149083 0.39894913604621
-0.49101949631149083 0.39894913604621
-0.49101949631149083 0.39894913604621
-0.49101949631149083 0.39894913604621
-0.49101949631149083 0.39894913604621
-0.49111146271555434 0.3991707977511842
-0.491202719383489 0.3993927525922801
-0.491202719383489 0.3993927525922801
-0.491202719383489 0.3993927525922801
-0.4912932653809614 0.3996149982970083
-0.49138309978091455 0.3998375325899015
-0.49138309978091455 0.3998375325899015
-0.491473645778387 0.40005977829462974
-0.4915649024463216 0.4002817331357256
-0.4915649024463216 0.4002817331357256
