00
0.0 0.0
-0.0002399815436148693 -7.678884353693063e-07
0.0007197087621105091 2.0731226698125914e-05
0.0031159868916795378 0.00015120811580734007
0.006222340987166619 0.0004402872751294799
0.009312633276948546 0.0008681845649294094
0.013088670287710413 0.0015646238020730978
0.016593302747972875 0.0023866279245507234
0.020278376861904625 0.003465382712492282
0.024351970808123968 0.004902585962605047
0.028540310129337262 0.0067049257184612614
0.03489412447405513 0.01009042436835608
0.039385277464964355 0.012866022066439258
0.04432076626488727 0.016277148293376755
0.047978185465535506 0.018999996004118377
0.05153752180853296 0.02184986260846652
0.05501332341421192 0.0248010349285998
0.059092550690830484 0.028519358541039645
0.06428740156477317 0.03350394300045841
0.0683659633670537 0.03757065796953981
0.07203239137625768 0.04136956615778047
0.07612919047707618 0.04575260950205601
0.07954686986530572 0.049456313180633205
0.08373407015945872 0.054082257819759366
0.08824336278393118 0.05906404435420293
0.09208106509267543 0.06335879440562986
0.09593248994541184 0.06764124272621667
0.09963655174408564 0.07173342452236674
0.10319207395419805 0.07563632851590218
0.10676006633761922 0.0795278356945164
0.11018957921064791 0.08322058464254492
0.11360725859887745 0.08692428832112212
0.11783867117478068 0.09150982620888436
0.1211161104554355 0.09501626088430479
0.12455742170012304 0.09869801729349624
0.12783486098077784 0.10220445196891667
0.13211009593042616 0.10674916056605693
0.13571527913914644 0.1106062387090194
0.1394714122857969 0.11465067803305064
0.14242110763838622 0.11780646924092902
0.14586241888307377 0.12148822565012048
0.14930373012776132 0.12516998205931193
0.15240662272716823 0.12851104063133775
0.15584793397185578 0.1321927970405292
0.1589508265712627 0.13553385561255502
0.1622057593219575 0.1390611924492952
0.16513519879758282 0.14223579560236138
0.1679018916356734 0.14523403191359055
0.1711568243863682 0.14876136875033075
0.174400453825842 0.15229910254907095
0.17731972032136842 0.15548306296793712
0.18024915979699374 0.1586576661210033
0.18316842629252017 0.16184162653986947
0.1860876927880466 0.16502558695873565
0.18869163898860244 0.1678474564281278
0.19161090548412887 0.17103141684699397
0.1943679905076816 0.17403849057592313
0.19680071258728696 0.17669179092497828
0.199395616138866 0.17952197796397043
0.20182833821847135 0.18217527831302557
0.2044232417700504 0.18500546535201773
0.2071706907505918 0.18802134571065876
0.21008995724611823 0.19120530612952494
0.21252267932572358 0.19385860647858008
0.21512662552627942 0.19668047594797222
0.21757627757844278 0.1993181537679926
0.22020719139361097 0.20211489752007894
0.22266527085410207 0.20474472352664425
0.22513175255582224 0.20736667079422516
0.22759823425754241 0.20998861806180608
0.2299002838458146 0.2124357688448816
0.2323583633063057 0.2150655948514469
0.23466041289457787 0.21751274563452244
0.23729132670974606 0.22030948938660877
0.2400961665582133 0.22327206996150709
0.24306599698600218 0.22640891998198767
0.24585182037455877 0.22938938945609502
0.2488015157271481 0.2325451806639734
0.2512595951876392 0.2351750066705387
0.25355380268409755 0.237629510943333
0.2558480101805559 0.24008401521612732
0.2578144737489488 0.2421878760213796
0.25961088525386855 0.24412217308939455
0.261897227169221 0.24658400572141356
0.2636998187735811 0.2485125447928948
0.26598616068893355 0.25097437742491385
0.2681091924674751 0.2532603648689315
0.2700553701311594 0.25538300514817563
0.27200832978157624 0.25749940725021975
0.2739612894319931 0.25961580935226386
0.2755887558073405 0.261379477770634
0.2777044620952921 0.2636722467145151
0.2794946751081742 0.2656122819747222
0.2812786712998848 0.2675580355640293
0.28273830454764803 0.26915001577346237
0.2843657709229954 0.2709136841918325
0.2863187305734123 0.2730300862938766
0.2877783638211755 0.27462206650330967
0.2894001785409124 0.2763909334026798
0.29102199326064926 0.2781598003020499
0.29232847435513637 0.27956656180606076
0.2936349554496235 0.28097332331007163
0.2949414365441106 0.2823800848140825
0.29640615628192324 0.2839673863906156
0.29803925765003214 0.2857258382706292
0.29934573874451925 0.28713259977464006
0.30081552997581723 0.2887152064666523
0.30212201107030434 0.29012196797066314
0.3035918023016023 0.29170457466267535
0.3052192686769497 0.29346824308104547
0.30668398841476235 0.29505554465757855
0.30798144019055185 0.29647063817707464
0.30944107343831506 0.2980626183865077
0.31073852521410456 0.2994777119060038
0.31203597698989405 0.3008928054254999
0.31349561023765726 0.302484785634933
0.3149603299754699 0.30407208721146606
0.3160995564382131 0.30530665510432514
0.31772702281356047 0.30707032352269525
0.31902447458934996 0.30848541704219135
0.32032192636513945 0.30990051056168744
0.32178155961290267 0.3114924907711205
0.3230835327131806 0.31290342550581657
0.3243855058134585 0.3143143602405126
0.3260186071815674 0.31607281212052624
0.3273250882760545 0.3174795736245371
0.3286360639883164 0.3188821474947053
0.3297831677365456 0.3201093996311024
0.3310941434488075 0.3215119735012706
0.33208073612949557 0.32256075240830295
0.33322783987772475 0.3237880045447001
0.3342177833536544 0.3248336212181936
0.33536880814779046 0.32605719660973137
0.3365237422030417 0.3272770827288072
0.3373486950996497 0.32814842995671845
0.33850752659119926 0.32936461431350234
0.33983190543868447 0.33075453929268395
0.340990736930234 0.33197072364946784
0.3419873515557715 0.3330099837716644
0.34314618304732103 0.3342261681284483
0.34496720396261316 0.336137314974823
0.34728486694571226 0.3385696836883908
0.349768077284747 0.3411757930243563
0.35075802076067664 0.3422214096978498
0.35306788887117907 0.34466118193600137
0.35471221000565917 0.34640914678105533
0.3560276669132433 0.34780751865709847
0.35701425959393135 0.34885629756413084
0.35816528438806744 0.3500798729556686
0.35931630918220353 0.3513034483472064
0.3601356690023672 0.3521800570160615
0.36111890078656367 0.3532319874186876
0.3622620717442399 0.35446290373469713
0.3629153122914835 0.35516628448670257
0.36389854407567995 0.3562182148893287
0.36487840489654527 0.3572732860173369
0.36569776471670895 0.35814989468619196
0.3663532525728399 0.35885118162127605
0.3673331133937052 0.35990625274928423
0.3683163451779017 0.36095818315191036
0.36929957696209814 0.3620101135545365
0.3699550648182291 0.3627114004896206
0.37061055267436005 0.3634126874247047
0.3715971453550481 0.36446146633173704
0.37241930592228817 0.365335448754264
0.3732414664895282 0.36620943117679094
0.3742280591702163 0.3672582100838233
0.37504741899037997 0.3681348187526784
0.37586677881054364 0.3690114274215335
0.3765222666666746 0.36971271435661757
0.37750549845087106 0.3707646447592437
0.3781632269046631 0.3714638306972653
0.3791430877255284 0.3725189018252735
0.3799624475456921 0.37339551049412856
0.38061793540182304 0.37409679742921265
0.381273423257954 0.37479808436429674
0.3819266638051976 0.37550146511630217
0.38257990435244116 0.3762048458683076
0.3832308909025801 0.37691031323565566
0.38388187745271907 0.3776157806030037
0.38453511799996265 0.37831916135500915
0.38518835854720623 0.3790225421070146
0.38567659845981045 0.3795516426325256
0.3863275850099494 0.38025710999987367
0.3868158249225536 0.3807862105253847
0.3871413181976231 0.3811389442090587
0.3877945587448667 0.38184232496106413
0.38844779929211026 0.38254570571306956
0.38877441956573205 0.3828973960890723
0.38926265947833627 0.38342649661458333
0.38975258988876893 0.3839540321785874
0.3902425202992016 0.3844815677425915
0.39073245070963425 0.3850091033065956
0.39105907098325604 0.38536079368259835
0.3917123115304996 0.3860641744346038
0.3920389318041214 0.3864158648106065
0.3923655520777432 0.38676755518660927
0.3930187926249868 0.3874709359386147
0.3933454128986086 0.38782262631461745
0.3936720331722304 0.3881743166906202
0.39432527371947396 0.3888776974426256
0.3944880203570087 0.38905406428446265
0.39497795076744135 0.38958159984846674
0.39546619068004557 0.39011070037397777
0.39595612109047823 0.39063823593798186
0.3962827413641 0.3909899263139846
0.3969359819113436 0.39169330706599004
0.3972626021849654 0.3920449974419928
0.3975892224585872 0.3923966878179955
0.39824246300583077 0.39310006857000096
0.398734078897929 0.393626033771314
0.3990618228259945 0.39397667723885604
0.39938956675406 0.3943273207063981
0.3997173106821255 0.39467796417394013
0.400045054610191 0.3950286076414822
0.4005383509505351 0.39555299709499836
0.4008672151774311 0.39590259006400913
0.40119607940432717 0.3962521830330199
0.4013610699836488 0.39642645247860214
0.4015255020970968 0.39660124896310756
0.40185436632399285 0.3969508419321183
0.4020182382880256 0.3971261636658893
0.4021821102520583 0.3973014853996603
0.40251097447895434 0.3976510783686711
0.4028398387058504 0.39800067133768186
0.4031687029327464 0.3983502643066926
0.40349756715964247 0.3986998572757034
0.4038264313865385 0.39904945024471417
0.40399030335057123 0.39922477197848516
0.40431804727863674 0.3995754154460272
0.40448247939208476 0.3997502119305326
0.4048113436189808 0.4000998048995434
0.40514020784587684 0.40044939786855416
0.40530463995932486 0.40062419435305957
0.4057979362996689 0.40114858380657575
0.40596292687899055 0.401322853252158
0.4062917911058866 0.40167244622116877
0.4064562232193346 0.4018472427056742
0.40678508744623065 0.40219683567468495
0.4071139516731267 0.4025464286436957
0.40744281590002274 0.4028960216127065
0.40760780647934436 0.40307029105828873
0.4077722385927924 0.40324508754279415
0.4081011028196884 0.4035946805118049
0.40842996704658446 0.4039442734808157
0.40842996704658446 0.4039442734808157
0.4087588312734805 0.40429386644982646
0.4087588312734805 0.40429386644982646
0.40908769550037655 0.4046434594188372
0.40908769550037655 0.4046434594188372
0.40908769550037655 0.4046434594188372
0.40908769550037655 0.4046434594188372
0.40908769550037655 0.4046434594188372
0.40908769550037655 0.4046434594188372
0.40908769550037655 0.4046434594188372
0.40908769550037655 0.4046434594188372
0.40908769550037655 0.4046434594188372
0.40908769550037655 0.4046434594188372
0.40908769550037655 0.4046434594188372
0.40908769550037655 0.4046434594188372
0.40908769550037655 0.4046434594188372
0.40908769550037655 0.4046434594188372
0.40908769550037655 0.4046434594188372
0.40908769550037655 0.4046434594188372
0.40908769550037655 0.4046434594188372
0.40908769550037655 0.4046434594188372
0.40908769550037655 0.4046434594188372
0.40908769550037655 0.4046434594188372
