00
0.0 0.0
0.0 0.0
0.001679019503636573 -5.3743110263564626e-05
0.004073934760422546 -0.00020721625337413605
0.006937688437057955 -0.0005107358297614234
0.010257897448003088 -0.0010247313410355666
0.014012315555496972 -0.0018296088421490846
0.018412126950158564 -0.0030263855784567707
0.022276467470607887 -0.004334392681009413
0.026504122353115694 -0.006042476127322616
0.03063882857054945 -0.007964667418707506
0.03425152674854364 -0.009860036014266736
0.03757458947141235 -0.011783766051864805
0.04142231488322934 -0.014230319550241463
0.04518156241829964 -0.016810759984591604
0.04864648587154534 -0.019390299921083667
0.05313094804276423 -0.023004499147700724
0.056616174912321446 -0.025944534612261937
0.059854759635746005 -0.028803081412650314
0.06339154975126793 -0.03204773979992566
0.06635331430599786 -0.03485344130947013
0.06980589749404859 -0.03818756213825834
0.07320469899594903 -0.0415764912791595
0.07640250731877529 -0.04482682000032361
0.07958989898364267 -0.048087364316828946
0.08257974286025511 -0.05120514468341872
0.08605623733490374 -0.05485369775377042
0.08901601537696796 -0.058000034474867526
0.09212958269359002 -0.06133114741651693
0.09506916515618603 -0.06449636080054139
0.09801886050877535 -0.06765215200841977
0.10096855586136468 -0.07080794321629816
0.10423475859758247 -0.07432484697632533
0.10702058198613905 -0.07730531645043269
0.10965149580130724 -0.080102060202519
0.11277570595681947 -0.0834231934081215
0.11539765738134332 -0.08622834114845784
0.1178641390830635 -0.08885028841603876
0.12050398835220914 -0.09163859954535483
0.12314383762135479 -0.0944269106746709
0.12611366804914365 -0.09756376069515149
0.12874458186431184 -0.1003605044472378
0.1313844311334575 -0.10314881557655388
0.1340153449486257 -0.1059455593286402
0.13664625876379388 -0.10874230308072651
0.13927717257896208 -0.11153904683281282
0.1415870406894645 -0.11397881907096438
0.14406189937928857 -0.1165928607546982
0.1468667392277558 -0.11955544132959653
0.1495154969227262 -0.12233529128795972
0.15199870726176093 -0.12494140062392523
0.15431637024486 -0.12737376933749303
0.1569651279398304 -0.13015361929585623
0.15944833827886512 -0.13275972863182173
0.16193987484270883 -0.13535787893731321
0.16443141140655254 -0.1379560292428047
0.16923228472868634 -0.142994507292338
0.17221213713552802 -0.14612183849549662
0.17453757126178215 -0.148546778780622
0.17750740168957102 -0.1516836288011026
0.18065280145234835 -0.1549847006266589
0.18378762245945882 -0.15829582009272172
0.1874174152045341 -0.16212974789553133
0.18955503267935825 -0.16440210219410145
0.1916926501541824 -0.16667445649267157
0.19383752768536325 -0.1689399592852409
0.19613957727363543 -0.17138711006831642
0.19828445480481627 -0.17365261286088574
0.2002643417566755 -0.17574384620787278
0.20223752711805165 -0.17784140402193752
0.20453957670632383 -0.18028855480501305
0.20651276206769997 -0.18238611261907778
0.20865037954252413 -0.1846584669176479
0.21046527591506176 -0.1865754308190527
0.2126101534462426 -0.18884093361162202
0.21459004039810184 -0.19093216695860907
0.21656992734996108 -0.19302340030559612
0.2182142484844412 -0.19477136515065005
0.2205162980727134 -0.19721851593372558
0.22249618502457263 -0.19930974928071263
0.22430493827250078 -0.20123251061027198
0.22611369152042893 -0.20315527193983132
0.22808687688180507 -0.20525282975389605
0.2295717920956995 -0.20682125476413635
0.23154497745707564 -0.20891881257820108
0.2333537307050038 -0.21084157390776043
0.23516248395293193 -0.21276433523731977
0.23680680508741206 -0.2145123000823737
0.2384567108806281 -0.21625499453819624
0.24043659783248733 -0.2183462278851833
0.24208650362570336 -0.22008892234100583
0.24390139999824098 -0.22200588624241063
0.2455457211327211 -0.22375385108746457
0.24719004226720123 -0.2255018159325185
0.24916322762857737 -0.22759937374658323
0.2508131334217934 -0.22934206820240577
0.2524574545562735 -0.2310900330474597
0.2541017756907536 -0.23283799789251364
0.2564038252790258 -0.23528514867558917
0.258870306980746 -0.23790709594317008
0.26184013740853485 -0.24104394596365067
0.263642729012895 -0.2429724850351319
0.2665924243654843 -0.24612827624301029
0.26857231131734355 -0.24821950958999733
0.26988776822492766 -0.2496178814660405
0.27153208935940776 -0.25136584631109443
0.27317641049388786 -0.2531138111561484
0.27482073162836795 -0.25486177600120236
0.2763056468422624 -0.25643020101144265
0.2777905620561568 -0.25799862602168294
0.27927547727005125 -0.25956705103192323
0.28091979840453135 -0.2613150158769772
0.2824047136184258 -0.2628834408872175
0.2837246382529986 -0.26427759645187554
0.28537454404621465 -0.2660202909076981
0.28669000095379876 -0.2674186627837412
0.2881698899748309 -0.26899183114428976
0.289649778995863 -0.2705649995048383
0.29096970363043584 -0.27195915506949636
0.29228516053801995 -0.2733575269455395
0.29376000821431464 -0.27493542254947867
0.29539872785464205 -0.2766886398871889
0.29670520894912916 -0.27809540139119976
0.2983439285894566 -0.27984861872891
0.29981877626575126 -0.28142651433284915
0.30112975197801317 -0.28282908820301733
0.3024362330725003 -0.2842358497070282
0.3037382061727782 -0.28564678444172426
0.3050401792730561 -0.2870577191764203
0.306342152373334 -0.28846865391111637
0.30748532333101025 -0.2896995702271259
0.30878729643128816 -0.29111050496182195
0.31008926953156607 -0.292521439696518
0.31106235836340823 -0.2935827598361401
0.31203883818861666 -0.29464096088716213
0.31334081128889457 -0.2960518956218582
0.31431390012073673 -0.29711321576148025
0.31529376094160205 -0.29816828688948843
0.3162702407668105 -0.2992264879405105
0.3175676925426 -0.3006415814600066
0.31919515891794736 -0.3024052498783767
0.32065987865576 -0.3039925514549098
0.3217991051185032 -0.30522711934776886
0.32293833158124635 -0.30646168724062794
0.3237492389411148 -0.307346120690313
0.3248845092449306 -0.308584327519872
0.3258575980767728 -0.3096456476594941
0.32683068690861494 -0.31070696779911616
0.3276415942684834 -0.3115914012488012
0.3287768645722992 -0.31282960807836024
0.32958777193216765 -0.3137140415280453
0.3303986792920361 -0.3145984749777303
0.3313751591172445 -0.31565667602875236
0.33218606647711296 -0.3165411094784374
0.33299979966478666 -0.3174229436876224
0.3339762794899951 -0.3184811447386445
0.3347900126776688 -0.3193629789478295
0.3357698734985341 -0.3204180500758377
0.33658642418258855 -0.32129727601584446
0.33723966472983213 -0.3220006567678499
0.33821952555069745 -0.32305572789585807
0.3388750134068284 -0.32375701483094216
0.3396943732269921 -0.32463362349979724
0.34051092391104654 -0.325512849439804
0.3411641644582901 -0.32621623019180945
0.34198071514234457 -0.32709545613181623
0.342797265826399 -0.327974682071823
0.3434505063736426 -0.32867806282382844
0.34410599422977356 -0.32937934975891253
0.34492535404993724 -0.3302559584277676
0.3455808419060682 -0.3309572453628517
0.34623632976219915 -0.3316585322979358
0.3468918176183301 -0.3323598192330199
0.3475450581655737 -0.3330631999850253
0.34836441798573736 -0.3339398086538804
0.3490199058418683 -0.3346410955889645
0.349839265662032 -0.33551770425781957
0.3504925062092756 -0.336221085009825
0.35131186602943926 -0.3370976936786801
0.3519673538855702 -0.3377989806137642
0.35278390456962466 -0.33867820655377096
0.35343714511686825 -0.3393815873057764
0.35409038566411183 -0.3400849680577818
0.3547436262113554 -0.34078834880978726
0.35556017689540986 -0.34166757474979403
0.35621341744265345 -0.34237095550179947
0.35654003771627524 -0.3427226458778022
0.3571932782635188 -0.34342602662980765
0.3578465188107624 -0.3441294073818131
0.3581731390843842 -0.3444810977578158
0.35866306949481686 -0.3450086333218199
0.3593185573509478 -0.345709920256904
0.35981017324304604 -0.34623588545821704
0.36030178913514427 -0.3467618506595301
0.3606295330632098 -0.3471124941270721
0.36111946347364243 -0.3476400296910762
0.3612827736104533 -0.34781587487907756
0.36177270402088596 -0.34834341044308165
0.36209932429450775 -0.3486951008190844
0.3625892547049404 -0.3492226363830885
0.36307918511537307 -0.34975017194709257
0.3635674250279773 -0.3502792724726036
0.3640556649405815 -0.3508083729981146
0.3643822852142033 -0.35116006337411737
0.3648705251268075 -0.3516891638996284
0.36552151167694646 -0.35239463126697645
0.36584813195056826 -0.3527463216429792
0.36617475222419005 -0.35309801201898194
0.36666299213679426 -0.35362711254449297
0.36682630227360513 -0.3538029577324943
0.36731454218620935 -0.35433205825800534
0.36764116245983114 -0.3546837486340081
0.36812940237243535 -0.3552128491595191
0.3682921490099701 -0.35538921600135615
0.3687803889225743 -0.3559183165268672
0.3691070091961961 -0.3562700069028699
0.3694325024712656 -0.3566227405865439
0.36975799574633506 -0.3569754742702179
0.37008348902140453 -0.3573282079538919
0.37024623565893927 -0.35750457479572895
0.3707344755715435 -0.35803367532124
0.37089778570835436 -0.3582095205092413
0.37122440598197615 -0.35856121088524406
0.37155102625559794 -0.3589129012612468
0.37171489821963066 -0.3590882229950178
0.37187820835644153 -0.35926406818301915
0.37236982424853976 -0.3597900333843322
0.37253313438535063 -0.35996587857233353
0.37302475027744886 -0.36049184377364657
0.37302475027744886 -0.36049184377364657
0.3735163661695471 -0.3610178089749596
0.3736807982829951 -0.361192605459465
0.3740085422110606 -0.36154324892700707
0.3743362861391261 -0.3618938923945491
0.37450071825257414 -0.3620686888790545
0.3748295824794702 -0.3624182818480653
0.3749940145929182 -0.3625930783325707
0.37532287881981424 -0.3629426713015815
0.37565062274787975 -0.3632933147691235
0.3761439190882238 -0.3638177042226397
0.37630835120167183 -0.3639925007071451
0.37679996709377006 -0.36451846590845816
0.3769643992072181 -0.36469326239296357
0.37745769554756214 -0.36521765184647975
0.37762212766101017 -0.36539244833098516
0.3779509918879062 -0.36574204129999593
0.37827985611480225 -0.3660916342690067
0.3786087203416983 -0.3664412272380175
0.37893758456859433 -0.36679082020702825
0.3792675657272375 -0.36713935909819273
0.3797608620675816 -0.3676637485517089
0.3799258526469032 -0.36783801799729116
0.38025471687379925 -0.3681876109663019
0.38058469803244244 -0.3685361498574664
0.3809135622593385 -0.3688857428264772
0.38124354341798167 -0.36923428171764167
0.3815724076448777 -0.36958387468665244
0.3819023888035209 -0.3699324135778169
0.38223125303041694 -0.3702820065468277
0.38256123418906013 -0.3706305454379922
0.38289232890093144 -0.37097802668278756
0.38322231005957463 -0.37132656557395205
0.38355340477144595 -0.37167404681874744
0.38388338593008914 -0.3720225857099119
0.3840489332860248 -0.37219632633230965
0.3845439050239896 -0.37271913466905643
0.3847100074615792 -0.3728923446894225
0.3850411021734505 -0.3732398259342179
0.38537330704862965 -0.3735862459749501
0.38570440176050097 -0.3739337272197455
0.3860354964723723 -0.3742812084645409
0.3863665911842436 -0.37462868970933627
0.3866976858961149 -0.37497617095413166
0.3868637883337045 -0.37514938097449774
0.38702989077129407 -0.3753225909948638
0.3875281980840628 -0.3758422210559621
0.38769374543999846 -0.3760159616783598
0.3880248401518698 -0.3763634429231552
0.3883559348637411 -0.3767109241679506
0.38852148221967675 -0.3768846647903483
0.38885257693154807 -0.3772321460351437
0.38918255809019126 -0.3775806849263082
0.3893475486695129 -0.37775495437189044
0.3898425204074777 -0.3782777627086372
0.3898425204074777 -0.3782777627086372
0.390173615119349 -0.3786252439534326
0.3905035962779922 -0.3789737828445971
0.39066914363392785 -0.3791475234669948
0.39100023834579917 -0.3794950047117902
0.3911652289251208 -0.37966927415737245
0.39133077628105645 -0.37984301477977017
0.39166187099292776 -0.38019049602456556
0.3919929657047991 -0.38053797726936095
0.39215906814238866 -0.380711187289727
0.3923246154983243 -0.38088492791212475
0.39265571021019563 -0.38123240915692014
0.39298680492206695 -0.3815798904017155
0.39331789963393826 -0.3819273716465109
0.3936489943458096 -0.3822748528913063
0.3938139849251312 -0.38244912233688855
0.39397953228106686 -0.38262286295928627
0.39447450401903167 -0.38314567129603305
0.3946400513749673 -0.3833194119184308
0.3949700325336105 -0.38366795080959526
0.39513502311293214 -0.3838422202551775
0.3954650042715753 -0.384190759146342
0.3957949854302185 -0.38453929803750647
0.3961249665888617 -0.38488783692867096
0.3964549477475049 -0.38523637581983544
0.3964549477475049 -0.38523637581983544
0.39695158981531187 -0.38575759768702855
0.3971165803946335 -0.3859318671326108
0.3974465615532767 -0.3862804060237753
0.39777654271191987 -0.38662894491493977
0.39810652387056306 -0.38697748380610425
0.39843650502920624 -0.38732602269726873
0.39843650502920624 -0.38732602269726873
0.39876648618784943 -0.3876745615884332
0.3990964673464926 -0.3880231004795977
0.3990964673464926 -0.3880231004795977
0.3994264485051358 -0.3883716393707622
0.399756429663779 -0.3887201782619267
0.399756429663779 -0.3887201782619267
0.40008529389067504 -0.38906977123093744
0.40041527504931823 -0.38941831012210193
0.4007441392762143 -0.3897679030911127
0.40107412043485746 -0.3901164419822772
0.4012391110141791 -0.3902907114278594
0.4015690921728223 -0.3906392503190239
0.4017335242862703 -0.3908140468035293
0.40222682062661436 -0.3913384362570455
0.40222682062661436 -0.3913384362570455
0.40255456455467986 -0.39168907972458755
0.4028834287815759 -0.3920386726935983
0.40321229300847194 -0.3923882656626091
0.40337616497250467 -0.3925635873963801
0.4035405970859527 -0.3927383838808855
0.40386946131284873 -0.39308797684989627
0.4041983255397448 -0.39343756981890704
0.4045271897666408 -0.3937871627879178
0.40469106173067354 -0.3939624845216888
0.40501880565873905 -0.39431312798923085
0.40534654958680455 -0.3946637714567729
0.4060020374429355 -0.395365058391857
0.406329781371001 -0.395715701859399
0.4066575252990665 -0.39606634532694107
0.406985269227132 -0.3964169887944831
0.4073130131551975 -0.39676763226202516
0.4073130131551975 -0.39676763226202516
0.4076396334288193 -0.3971193226380279
0.40780350539285204 -0.3972946443717989
0.40813012566647383 -0.39764633474780164
0.40829287230400857 -0.39782270158963867
0.40845618244081944 -0.39799854677764
0.40845618244081944 -0.39799854677764
0.40878280271444123 -0.39835023715364276
0.40894554935197597 -0.3985266039954798
0.40894554935197597 -0.3985266039954798
0.4091082959895107 -0.3987029708373168
0.4094349162631325 -0.39905466121331956
0.40959766290066724 -0.3992310280551566
0.4097609730374781 -0.39940687324315793
0.40992371967501284 -0.39958324008499496
0.4102492129500823 -0.39993597376866896
0.4102492129500823 -0.39993597376866896
0.4105747062251518 -0.40028870745234296
0.4109001995002213 -0.40064144113601696
0.4109001995002213 -0.40064144113601696
0.41106350963703214 -0.4008172863240183
0.4112262562745669 -0.40099365316585533
0.41155174954963636 -0.40134638684952934
0.41155174954963636 -0.40134638684952934
0.41187724282470584 -0.40169912053320334
0.4120394242966795 -0.4018760072231403
0.41220217093421424 -0.40205237406497735
0.4123643524061879 -0.40222926075491433
0.41252653387816157 -0.4024061474448513
0.41285202715323105 -0.4027588811285253
0.41285202715323105 -0.4027588811285253
0.4131775204283005 -0.4031116148121993
0.41350301370337 -0.4034643484958733
0.41350301370337 -0.4034643484958733
0.41350301370337 -0.4034643484958733
0.4138285069784395 -0.4038170821795473
0.41415400025350896 -0.4041698158632213
0.41415400025350896 -0.4041698158632213
0.41447949352857844 -0.4045225495468953
0.4148049868036479 -0.4048752832305693
0.4149671682756216 -0.4050521699205063
0.41529153121956897 -0.4054059433003803
0.41529153121956897 -0.4054059433003803
0.4154542778571037 -0.40558231014221735
0.41561702449463844 -0.4057586769840544
0.41594138743858583 -0.4061124503639284
0.41610413407612057 -0.40628881720576543
0.41626631554809423 -0.4064657038957024
0.41626631554809423 -0.4064657038957024
0.4165906784920416 -0.40681947727557644
0.4167528599640153 -0.4069963639655134
0.41691504143598895 -0.4071732506554504
0.4170772229079626 -0.4073501373453874
0.4172394043799363 -0.40752702403532437
0.41756376732388367 -0.4078807974151984
0.41772538196979786 -0.40805820214217725
0.4178875634417715 -0.40823508883211423
0.4182119263857189 -0.40858886221198826
0.4182119263857189 -0.40858886221198826
0.4185362893296663 -0.4089426355918623
0.4185362893296663 -0.4089426355918623
0.4188606522736137 -0.4092964089717363
0.4190222669195279 -0.40947381369871516
0.41918444839150154 -0.40965070038865214
0.41934606303741573 -0.409828105115631
0.4196692923292441 -0.4101829145695888
0.4196692923292441 -0.4101829145695888
0.4198309069751583 -0.41036031929656763
0.41999308844713196 -0.4105372059865046
0.42031631773896033 -0.4108920154404624
0.42031631773896033 -0.4108920154404624
0.420478499210934 -0.41106890213039937
0.4208028621548814 -0.4114226755102734
0.4209644768007956 -0.41160008023725225
0.42112665827276924 -0.41177696692718924
0.42112665827276924 -0.41177696692718924
0.4212882729186834 -0.4119543716541681
0.4216115022105118 -0.41230918110812587
0.4216115022105118 -0.41230918110812587
0.4217725483756715 -0.41248710205578454
0.4219341630215857 -0.4126645067827634
0.4220952091867454 -0.41284242773042207
0.4222568238326596 -0.4130198324574009
0.4222568238326596 -0.4130198324574009
0.42241786999781933 -0.4131977534050596
0.42241786999781933 -0.4131977534050596
0.42273996232813876 -0.413553595300377
0.42273996232813876 -0.413553595300377
0.42273996232813876 -0.413553595300377
0.4229010084932985 -0.41373151624803567
0.4230620546584582 -0.41390943719569434
0.4230620546584582 -0.41390943719569434
0.4230620546584582 -0.41390943719569434
0.4232225306939889 -0.41408787254238544
0.4232225306939889 -0.41408787254238544
0.4232225306939889 -0.41408787254238544
0.4232225306939889 -0.41408787254238544
0.4232225306939889 -0.41408787254238544
0.42338243495685324 -0.4142668204611949
0.42338243495685324 -0.4142668204611949
0.42338243495685324 -0.4142668204611949
0.42354291099238395 -0.414445255807886
0.42354291099238395 -0.414445255807886
0.42370395715754366 -0.41462317675554466
0.42370395715754366 -0.41462317675554466
0.42370395715754366 -0.41462317675554466
0.42370395715754366 -0.41462317675554466
0.42370395715754366 -0.41462317675554466
0.42370395715754366 -0.41462317675554466
0.42370395715754366 -0.41462317675554466
0.42370395715754366 -0.41462317675554466
0.42370395715754366 -0.41462317675554466
0.42370395715754366 -0.41462317675554466
0.42370395715754366 -0.41462317675554466
0.42370395715754366 -0.41462317675554466
0.42370395715754366 -0.41462317675554466
0.42370395715754366 -0.41462317675554466
0.42370395715754366 -0.41462317675554466
0.42370395715754366 -0.41462317675554466
0.42370395715754366 -0.41462317675554466
0.42370395715754366 -0.41462317675554466
0.42370395715754366 -0.41462317675554466
0.42370395715754366 -0.41462317675554466
0.42370395715754366 -0.41462317675554466
0.42370395715754366 -0.41462317675554466
0.42370395715754366 -0.41462317675554466
0.42370395715754366 -0.41462317675554466
0.42370395715754366 -0.41462317675554466
0.42370395715754366 -0.41462317675554466
0.42370395715754366 -0.41462317675554466
0.42370395715754366 -0.41462317675554466
0.42370395715754366 -0.41462317675554466
0.42370395715754366 -0.41462317675554466
0.42370395715754366 -0.41462317675554466
0.42370395715754366 -0.41462317675554466
0.42370395715754366 -0.41462317675554466
0.42370395715754366 -0.41462317675554466
0.42370395715754366 -0.41462317675554466
0.42370395715754366 -0.41462317675554466
0.42370395715754366 -0.41462317675554466
0.42370395715754366 -0.41462317675554466
0.42370395715754366 -0.41462317675554466
0.42370395715754366 -0.41462317675554466
0.42370395715754366 -0.41462317675554466
0.42370395715754366 -0.41462317675554466
0.42370395715754366 -0.41462317675554466
0.42370395715754366 -0.41462317675554466
0.42370395715754366 -0.41462317675554466
0.42370395715754366 -0.41462317675554466
0.42370395715754366 -0.41462317675554466
0.42370395715754366 -0.41462317675554466
