00
0.0 0.0
0.0 0.0
0.0021591373515930296 5.528202382537692e-05
0.008619575404970532 0.0005523856400800114
0.01645705175289059 0.0016887656279573231
0.02554816089502956 0.0039133458822639714
0.03696217511695037 0.007614643852280826
0.04235584525778107 0.009634831820437235
0.04855334655032876 0.012231540270909603
0.05377613335129772 0.014659571375816832
0.06143935682350769 0.01864879301646409
0.06993888803152248 0.023605573113933038
0.07686599972001956 0.027917320394136975
0.0854109689482288 0.03370269949801723
0.09242246481209003 0.03875025425594658
0.09926888901292033 0.044019538737308676
0.10709641960928788 0.05036946614797022
0.11423095974726048 0.056427135647191165
0.12172328340661367 0.06316930885330485
0.12822779740267484 0.06921367625743058
0.13482811085508487 0.07550639600254719
0.14215881079459894 0.08276917431965598
0.14958830861344632 0.0902725171238448
0.15713739413550065 0.09799485892609427
0.16477810626462133 0.10596251986293481
0.17163361348998896 0.11302040342485434
0.1788192595096681 0.12075759169691412
0.1848825221788795 0.1272444958464419
0.1918806275928733 0.1348282700454333
0.19804352352787352 0.14154996426303967
0.20434649471852734 0.14846874861521614
0.21113430984692375 0.15591974714832926
0.21759889568349175 0.16301593622748461
0.2242017884550407 0.17031069508149127
0.23064363506142993 0.17742753298783923
0.23696871246840384 0.18432611389538262
0.24341055907479306 0.19144295180173057
0.2509529327447352 0.1998294130962131
0.2562674561950063 0.20570080436895016
0.2614209334801177 0.21139427469402852
0.26737964159102773 0.21797734975740038
0.273821488197417 0.22509418766374834
0.27980123009624236 0.23165816256196703
0.28642743057872455 0.23893175636810127
0.29273040176937837 0.24585054072027773
0.2988932977043786 0.2525722349378841
0.30505619363937886 0.2592939291554905
0.3108538555851292 0.2656990832712036
0.317156826775783 0.2726178676233801
0.3231784523645684 0.27914344077134945
0.3306388000753581 0.2872802285084519
0.33631515159443726 0.29347126265624723
0.3424780475294375 0.3001929568738536
0.34795361714486833 0.30624226909424934
0.3544408760238159 0.31331773669172974
0.3604206179226413 0.31988171158994844
0.36609696944172043 0.32607274573774375
0.37177332096079957 0.33226377988553907
0.3777129818163773 0.33853747992650024
0.3845483405928364 0.34594488728365463
0.390407219544087 0.35229409358978697
0.39577785858273345 0.3581141993704083
0.40242729893365475 0.36536655365782567
0.40844892452244014 0.37189212680579503
0.4140014691740104 0.37787086319784124
0.4196976014877263 0.38404370266213655
0.42523098716390745 0.3900401752845949
0.43063876197698786 0.3958257924990386
0.4364976409282385 0.40217499880517094
0.4413800400542807 0.4074660040602812
0.4490291320184135 0.41575524562662064
0.45586449079487257 0.42316265298377503
0.46235174967382014 0.43023812058125543
0.4679042943253904 0.43621685697330165
0.47343768000157155 0.44221332959576
0.4791535347899527 0.44836791117580754
0.48437945916790115 0.453994957191851
0.4897686936826605 0.4597978483958958
0.49434137751336543 0.46472151365993386
0.4997306120281248 0.4705244048639787
0.5046299161324515 0.47579976050401945
0.5093659100999672 0.48089927095605883
0.5140691727872042 0.48602898496423214
0.5192770651883158 0.4916727239030164
0.523359818608588 0.49606885360305036
0.5280958125761038 0.5011683640550898
0.5326684964068087 0.5060920293191279
0.5385678871119873 0.5124036117348847
0.5431405709426922 0.5173272769989228
0.547713254773397 0.5222509422629609
0.5516326980568584 0.5264712267749935
0.5567127289418734 0.5319062005218951
0.5609734000067247 0.5364645655999416
0.5668525649319167 0.5427949923679906
0.5707720082153781 0.5470152768800232
0.5748547616356503 0.5514114065800572
0.5792641353295443 0.5561592266560939
0.5833468887498166 0.5605553563561279
0.5874296421700888 0.5649514860561619
0.5918390158639828 0.5696993061321985
0.5970649402419312 0.575326352148242
0.6013256113067825 0.5798847172262885
0.605422410407601 0.5842677605705641
0.6096830814724523 0.5888261256486106
0.6139437525373036 0.5933844907266571
0.6183834196003999 0.5981039958083028
0.6228079626292838 0.6028376826201204
0.6265770178020369 0.6068700824968539
0.63034607297479 0.6109024823735875
0.6346067440396412 0.615460847451634
0.638539671176427 0.6196685690621385
0.64230872634918 0.6237009689388721
0.646733269378064 0.6284346557506897
0.6501745806227515 0.6321164121598811
0.6541075077595372 0.6363241337703857
0.6578765629322902 0.6403565336471192
0.6614940694281465 0.6442020563062378
0.665250202574797 0.648246495630269
0.6687032769572052 0.6519172218048823
0.6724852155665095 0.6559375409485064
0.6757626548471644 0.6594439756239269
0.6792157292295726 0.6631147017985402
0.6823399393850849 0.6664358350041426
0.6859451225938051 0.670292913147105
0.6893981969762134 0.6739636393217183
0.6934949960770319 0.6783466826659938
0.6961259098922001 0.6811434264180801
0.7000856837959186 0.6853258931120543
0.7030454618379829 0.6884722298331514
0.7061696719934951 0.6917933630387538
0.7092832393101172 0.6951244759804033
0.712560678590772 0.6986309106558237
0.7158493208597322 0.7021268403459316
0.7186541607081994 0.7050894209208299
0.7217889817153099 0.7084005403868928
0.7257353524380622 0.7125956560150223
0.7297084889805178 0.7167654309525671
0.7336682628842363 0.7209478976465412
0.7362991766994045 0.7237446413986275
0.7394233868549167 0.7270657746042299
0.7417254364431889 0.7295129253873055
0.7446852144852532 0.7326592621084026
0.7473161283004214 0.7354560058604889
0.7501209681488886 0.7384185864353872
0.752769725843859 0.7411984363937504
0.7554184835388295 0.7439782863521136
0.7577283516493319 0.7464180585902652
0.7605331914977992 0.7493806391651635
0.7628430596083017 0.7518204114033151
0.765988459371079 0.7551214832288714
0.768463318060903 0.7577355249126052
0.771277623111809 0.7606891154933662
0.7737441048135292 0.7633110627609471
0.7760539729240317 0.7657508349990987
0.7785371832630664 0.7683569443350642
0.7823319665874633 0.772365141583456
0.7854667875945738 0.7756762610495189
0.7894131583173261 0.7798713766776484
0.7928779604830797 0.7835310350348758
0.7948645287543075 0.7856159225036482
0.7988108994770597 0.7898110381317777
0.8011207675875622 0.7922508103699293
0.8034306356980647 0.7946905826080809
0.805410522649924 0.7967818159550679
0.8075554001811048 0.7990473187476372
0.809364153429033 0.8009700800771966
0.8113440403808923 0.8030613134241836
0.8136617033639914 0.8054936821377514
0.8156482716352191 0.8075785696065239
0.8176348399064469 0.8096634570752963
0.8196214081776747 0.8117483445440687
0.8212768817370312 0.8134857507680457
0.8235867498475337 0.8159255230061974
0.8252366556407497 0.8176682174620199
0.8272098410021258 0.8197657752760846
0.8290247373746634 0.8216827391774895
0.8306802109340199 0.8234201454014665
0.8324951073065575 0.8253371093028713
0.834150580865914 0.8270745155268483
0.8359654772384516 0.8289914794282531
0.8376153830316676 0.8307341738840757
0.8392652888248836 0.8324768683398982
0.8409207623842401 0.8342142745638752
0.8425762359435965 0.8359516807878522
0.844231709502953 0.8376890870118292
0.8458871830623095 0.8394264932358062
0.847542656621666 0.8411638994597832
0.8488625812562388 0.8425580550244413
0.8505180548155953 0.8442954612484183
0.8520079810190161 0.8458591268499975
0.8534979072224369 0.8474227924515768
0.8548178318570098 0.8488169480162349
0.8561422107044949 0.8502068729954164
0.857963231619787 0.8521180198417911
0.8592876104672722 0.8535079448209727
0.8606119893147574 0.8548978698001543
0.8620969045286517 0.8564662948103945
0.8642417820598326 0.8587317976029638
0.8660628029751247 0.8606429444493385
0.8675527291785455 0.8622066100509178
0.8688726538131184 0.8636007656155759
0.8701970326606036 0.8649906905947574
0.871355864152153 0.8662068749515414
0.8726802429996382 0.8675967999307229
0.8740046218471234 0.8689867249099045
0.8753290006946085 0.870376649889086
0.8766533795420937 0.8717665748682676
0.8779777583895788 0.8731564998474491
0.879302137237064 0.8745464248266307
0.8804609687286135 0.8757626091834146
0.8817853475760986 0.8771525341625962
0.8827786317117126 0.8781949778969824
0.883937463203262 0.8794111622537664
0.8851001802663891 0.880623632396329
0.8860967948919266 0.8816628925185256
0.8872595119550537 0.8828753626610882
0.8884183434466032 0.8840915470178722
0.8894116275822171 0.8851339907522584
0.8905704590737666 0.8863501751090423
0.8915670736993041 0.8873894352312389
0.8925636883248416 0.8884286953534355
0.8937225198163911 0.8896448797102194
0.894715803952005 0.8906873234446057
0.895546316139953 0.8915533735464362
0.8965396002755669 0.8925958172808224
0.8972017896993095 0.8932907797704132
0.8978661994496678 0.8939836198518776
0.8986939362293461 0.8948523229638661
0.8998527677208956 0.89606850732065
0.9005149571446383 0.8967634698102408
0.9015115717701757 0.8978027299324374
0.9026704032617252 0.8990189142892213
0.9036670178872627 0.9000581744114179
0.904331427637621 0.9007510144928823
0.9051619398255689 0.9016170645947128
0.9056602471383377 0.9021366946558111
0.9064907593262856 0.9030027447576416
0.907155169076644 0.9036955848391061
0.9078195788270023 0.9043884249205705
0.9084817682507449 0.9050833874101613
0.9091439576744875 0.905778349899752
0.9098061470982302 0.9064733123893428
0.9103027891660371 0.9069945342565359
0.9111333013539851 0.9078605843583664
0.911963813541933 0.9087266344601969
0.9126282232922913 0.9094194745416613
0.9136248379178288 0.9104587346638578
0.9142870273415714 0.9111536971534486
0.9151175395295194 0.9120197472552791
0.9159480517174673 0.9128857973571096
0.9166102411412099 0.9135807598467004
0.9172724305649526 0.9142757223362912
0.9179368403153109 0.9149685624177556
0.9186012500656692 0.91566140249922
0.9192656598160275 0.9163542425806844
0.9199300695663858 0.9170470826621488
0.9205944793167441 0.9177399227436133
0.9212588890671024 0.9184327628250777
0.9217571963798712 0.918952392886176
0.9224193858036138 0.9196473553757668
0.9230815752273565 0.9203423178653576
0.9237437646510991 0.9210372803549484
0.9244059540748417 0.9217322428445391
0.9250703638252 0.9224250829260036
0.9258981006048783 0.9232937860379921
0.9265625103552366 0.9239866261194565
0.9270591524230436 0.9245078479866495
0.9277213418467862 0.9252028104762403
0.9282179839145932 0.9257240323434334
0.9288823936649515 0.9264168724248978
0.9293807009777203 0.9269365024859961
0.930047324252121 0.9276272130656763
0.9307139475265217 0.9283179236453565
0.9310461524017009 0.9286643436860886
0.9317127756761016 0.9293550542657688
0.9320449805512807 0.929701474306501
0.9327116038256814 0.9303921848861811
0.9332115712814819 0.9309102178209412
0.9337115387372824 0.9314282507557012
0.9340437436124616 0.9317746707964334
0.9345437110682621 0.9322927037311934
0.9350420183810308 0.9328123337922918
0.9355403256937996 0.9333319638533901
0.935873637331 0.9336773191432302
0.9363719446437688 0.9341969492043285
0.9368685867115758 0.9347181710715216
0.9375329964619341 0.935411011152986
0.9378652013371133 0.9357574311937181
0.9381974062122924 0.9361038512344503
0.9385296110874716 0.9364502712751824
0.9390279184002404 0.9369699013362808
0.9395262257130091 0.9374895313973791
0.9398584305881883 0.9378359514381113
0.9401906354633675 0.9381823714788434
0.9408550452137258 0.9388752115603078
0.9411883568509262 0.9392205668501479
0.9416883243067267 0.9397385997849079
0.9420205291819058 0.9400850198256401
0.9425204966377063 0.9406030527604001
0.9428527015128855 0.9409494728011323
0.943352668968686 0.9414675057358923
0.9435193247872862 0.9416401833808123
0.9440192922430867 0.9421582163155724
0.9445175995558555 0.9426778463766707
0.9446837019934451 0.9428510563970368
0.9450159068686242 0.943197476437769
0.9453492185058247 0.943542831727609
0.9456825301430251 0.943888187017449
0.9460158417802255 0.9442335423072891
0.9466824650546262 0.9449242528869692
0.9473490883290269 0.9456149634666494
0.947681293204206 0.9459613835073816
0.9480146048414064 0.9463067387972216
0.9486812281158071 0.9469974493769018
0.9488473305533968 0.9471706593972679
0.9491795354285759 0.947517079438
0.9493456378661655 0.9476902894583661
0.9496778427413447 0.9480367094990982
0.9500111543785451 0.9483820647889383
0.9500111543785451 0.9483820647889383
0.9506777776529458 0.9490727753686184
0.9506777776529458 0.9490727753686184
0.9510110892901462 0.9494181306584585
0.9513444009273466 0.9497634859482985
0.951677712564547 0.9501088412381385
0.9520110242017474 0.9504541965279786
0.9521782316950491 0.9506263400294888
0.9525126466816524 0.9509706270325092
0.9526793025002526 0.9511433046774292
0.953012614137453 0.9514886599672693
0.9533459257746534 0.9518340152571093
0.9533459257746534 0.9518340152571093
0.9536792374118538 0.9521793705469493
0.9540125490490542 0.9525247258367894
0.9541786514866438 0.9526979358571555
0.9543447539242335 0.9528711458775215
0.9545114097428337 0.9530438235224415
0.9548436146180128 0.9533902435631737
0.955175819493192 0.9537366636039059
0.9553424753117922 0.9539093412488259
0.9555085777493818 0.954082551269192
0.9556746801869714 0.954255761289558
0.9558407826245611 0.9544289713099241
0.9560074384431613 0.9546016489548441
0.9561735408807509 0.9547748589752102
0.9563401966993511 0.9549475366201302
0.9565074041926528 0.9551196801216404
0.9565074041926528 0.9551196801216404
0.956841819179256 0.9554639671246609
0.956841819179256 0.9554639671246609
0.9571762341658593 0.9558082541276813
0.9573428899844595 0.9559809317726014
0.9573428899844595 0.9559809317726014
0.9576762016216599 0.9563262870624414
0.9580095132588603 0.9566716423522814
0.9580095132588603 0.9566716423522814
0.9580095132588603 0.9566716423522814
0.9583428248960607 0.9570169976421214
0.9583428248960607 0.9570169976421214
0.9585100323893624 0.9571891411436316
0.9585100323893624 0.9571891411436316
0.9586777898454081 0.9573607487392372
0.9586777898454081 0.9573607487392372
0.9586777898454081 0.9573607487392372
0.9588449973387098 0.9575328922407473
0.9588449973387098 0.9575328922407473
0.95901165315731 0.9577055698856674
0.9591777555948996 0.9578787799060334
0.9591777555948996 0.9578787799060334
0.9593433029508353 0.9580525205284312
0.9593433029508353 0.9580525205284312
0.9593433029508353 0.9580525205284312
0.9593433029508353 0.9580525205284312
0.9593433029508353 0.9580525205284312
0.9593433029508353 0.9580525205284312
0.9593433029508353 0.9580525205284312
0.9593433029508353 0.9580525205284312
0.9593433029508353 0.9580525205284312
0.9593433029508353 0.9580525205284312
0.9593433029508353 0.9580525205284312
0.9593433029508353 0.9580525205284312
0.9593433029508353 0.9580525205284312
0.9593433029508353 0.9580525205284312
0.9593433029508353 0.9580525205284312
0.9593433029508353 0.9580525205284312
0.9593433029508353 0.9580525205284312
0.9593433029508353 0.9580525205284312
0.9593433029508353 0.9580525205284312
0.9593433029508353 0.9580525205284312
0.9593433029508353 0.9580525205284312
0.9593433029508353 0.9580525205284312
0.9593433029508353 0.9580525205284312
0.9593433029508353 0.9580525205284312
0.9593433029508353 0.9580525205284312
0.9593433029508353 0.9580525205284312
0.9593433029508353 0.9580525205284312
0.9593433029508353 0.9580525205284312
0.9593433029508353 0.9580525205284312
0.9593433029508353 0.9580525205284312
0.9593433029508353 0.9580525205284312
0.9593433029508353 0.9580525205284312
0.9593433029508353 0.9580525205284312
0.9593433029508353 0.9580525205284312
0.9593433029508353 0.9580525205284312
0.9593433029508353 0.9580525205284312
0.9593433029508353 0.9580525205284312
0.9593433029508353 0.9580525205284312
0.9593433029508353 0.9580525205284312
0.9593433029508353 0.9580525205284312
0.9593433029508353 0.9580525205284312
0.9593433029508353 0.9580525205284312
0.9593433029508353 0.9580525205284312
0.9593433029508353 0.9580525205284312
0.9593433029508353 0.9580525205284312
0.9593433029508353 0.9580525205284312
0.9593433029508353 0.9580525205284312
0.9593433029508353 0.9580525205284312
0.9593433029508353 0.9580525205284312
0.9593433029508353 0.9580525205284312
0.9593433029508353 0.9580525205284312
0.9593433029508353 0.9580525205284312
0.9593433029508353 0.9580525205284312
0.9593433029508353 0.9580525205284312
0.9593433029508353 0.9580525205284312
0.9593433029508353 0.9580525205284312
0.9593433029508353 0.9580525205284312
0.9593433029508353 0.9580525205284312
0.9593433029508353 0.9580525205284312
0.9593433029508353 0.9580525205284312
0.9593433029508353 0.9580525205284312
0.9593433029508353 0.9580525205284312
0.9593433029508353 0.9580525205284312
0.9593433029508353 0.9580525205284312
0.9593433029508353 0.9580525205284312
0.9593433029508353 0.9580525205284312
0.9593433029508353 0.9580525205284312
0.9593433029508353 0.9580525205284312
0.9593433029508353 0.9580525205284312
0.9593433029508353 0.9580525205284312
0.9593433029508353 0.9580525205284312
0.9593433029508353 0.9580525205284312
0.9593433029508353 0.9580525205284312
0.9593433029508353 0.9580525205284312
0.9593433029508353 0.9580525205284312
0.9593433029508353 0.9580525205284312
0.9593433029508353 0.9580525205284312
0.9593433029508353 0.9580525205284312
0.9593433029508353 0.9580525205284312
0.9593433029508353 0.9580525205284312
0.9593433029508353 0.9580525205284312
0.9593433029508353 0.9580525205284312
0.9593433029508353 0.9580525205284312
0.9593433029508353 0.9580525205284312
0.9593433029508353 0.9580525205284312
0.9593433029508353 0.9580525205284312
0.9593433029508353 0.9580525205284312
0.9593433029508353 0.9580525205284312
0.9593433029508353 0.9580525205284312
0.9593433029508353 0.9580525205284312
0.9593433029508353 0.9580525205284312
0.9593433029508353 0.9580525205284312
0.9593433029508353 0.9580525205284312
0.9593433029508353 0.9580525205284312
0.9593433029508353 0.9580525205284312
0.9593433029508353 0.9580525205284312
0.9593433029508353 0.9580525205284312
0.9593433029508353 0.9580525205284312
0.9593433029508353 0.9580525205284312
0.9593433029508353 0.9580525205284312
0.9593433029508353 0.9580525205284312
0.9593433029508353 0.9580525205284312
0.9593433029508353 0.9580525205284312
0.9593433029508353 0.9580525205284312
0.9593433029508353 0.9580525205284312
0.9593433029508353 0.9580525205284312
0.9593433029508353 0.9580525205284312
0.9593433029508353 0.9580525205284312
0.9593433029508353 0.9580525205284312
0.9593433029508353 0.9580525205284312
0.9593433029508353 0.9580525205284312
0.9593433029508353 0.9580525205284312
0.9593433029508353 0.9580525205284312
0.9593433029508353 0.9580525205284312
0.9593433029508353 0.9580525205284312
0.9593433029508353 0.9580525205284312
0.9593433029508353 0.9580525205284312
0.9593433029508353 0.9580525205284312
0.9593433029508353 0.9580525205284312
0.9593433029508353 0.9580525205284312
0.9593433029508353 0.9580525205284312
0.9593433029508353 0.9580525205284312
0.9593433029508353 0.9580525205284312
0.9593433029508353 0.9580525205284312
0.9593433029508353 0.9580525205284312
0.9593433029508353 0.9580525205284312
0.9593433029508353 0.9580525205284312
0.9593433029508353 0.9580525205284312
0.9593433029508353 0.9580525205284312
0.9593433029508353 0.9580525205284312
0.9593433029508353 0.9580525205284312
0.9593433029508353 0.9580525205284312
0.9593433029508353 0.9580525205284312
0.9593433029508353 0.9580525205284312
0.9593433029508353 0.9580525205284312
0.9593433029508353 0.9580525205284312
0.9593433029508353 0.9580525205284312
0.9593433029508353 0.9580525205284312
0.9593433029508353 0.9580525205284312
0.9593433029508353 0.9580525205284312
0.9593433029508353 0.9580525205284312
0.9593433029508353 0.9580525205284312
0.9593433029508353 0.9580525205284312
0.9593433029508353 0.9580525205284312
0.9593433029508353 0.9580525205284312
0.9593433029508353 0.9580525205284312
0.9593433029508353 0.9580525205284312
0.9593433029508353 0.9580525205284312
0.9593433029508353 0.9580525205284312
0.9593433029508353 0.9580525205284312
0.9593433029508353 0.9580525205284312
0.9593433029508353 0.9580525205284312
0.9593433029508353 0.9580525205284312
0.9593433029508353 0.9580525205284312
0.9593433029508353 0.9580525205284312
0.9593433029508353 0.9580525205284312
0.9593433029508353 0.9580525205284312
0.9593433029508353 0.9580525205284312
0.9593433029508353 0.9580525205284312
0.9593433029508353 0.9580525205284312
0.9593433029508353 0.9580525205284312
0.9593433029508353 0.9580525205284312
0.9593433029508353 0.9580525205284312
0.9593433029508353 0.9580525205284312
0.9593433029508353 0.9580525205284312
0.9593433029508353 0.9580525205284312
0.9593433029508353 0.9580525205284312
0.9593433029508353 0.9580525205284312
0.9593433029508353 0.9580525205284312
0.9593433029508353 0.9580525205284312
0.9593433029508353 0.9580525205284312
0.9593433029508353 0.9580525205284312
0.9593433029508353 0.9580525205284312
0.9593433029508353 0.9580525205284312
0.9593433029508353 0.9580525205284312
0.9593433029508353 0.9580525205284312
0.9593433029508353 0.9580525205284312
0.9593433029508353 0.9580525205284312
0.9593433029508353 0.9580525205284312
0.9593433029508353 0.9580525205284312
0.9593433029508353 0.9580525205284312
0.9593433029508353 0.9580525205284312
0.9593433029508353 0.9580525205284312
0.9593433029508353 0.9580525205284312
0.9593433029508353 0.9580525205284312
0.9593433029508353 0.9580525205284312
0.9593433029508353 0.9580525205284312
0.9593433029508353 0.9580525205284312
0.9593433029508353 0.9580525205284312
0.9593433029508353 0.9580525205284312
0.9593433029508353 0.9580525205284312
0.9593433029508353 0.9580525205284312
0.9593433029508353 0.9580525205284312
0.9593433029508353 0.9580525205284312
0.9593433029508353 0.9580525205284312
0.9593433029508353 0.9580525205284312
0.9593433029508353 0.9580525205284312
0.9593433029508353 0.9580525205284312
0.9593433029508353 0.9580525205284312
0.9593433029508353 0.9580525205284312
0.9593433029508353 0.9580525205284312
0.9593433029508353 0.9580525205284312
0.9593433029508353 0.9580525205284312
0.9593433029508353 0.9580525205284312
0.9593433029508353 0.9580525205284312
0.9593433029508353 0.9580525205284312
0.9593433029508353 0.9580525205284312
0.9593433029508353 0.9580525205284312
0.9593433029508353 0.9580525205284312
0.9593433029508353 0.9580525205284312
0.9593433029508353 0.9580525205284312
0.9593433029508353 0.9580525205284312
0.9593433029508353 0.9580525205284312
0.9593433029508353 0.9580525205284312
0.9593433029508353 0.9580525205284312
