00
0.0 0.0
0.0 0.0
0.00047994343083106276 4.607267716040588e-06
0.0028787761074203903 7.370779282072535e-05
0.005515127800954606 0.00020879735695743707
0.008385711963639391 0.00043891866982617353
0.011961597214634202 0.0008526627097993273
0.015047639669253907 0.0013102045059103914
0.019759111923269942 0.002226021939139811
0.0251163099432792 0.0035551024617363394
0.032192998760870103 0.005849907203146789
0.044129237272119023 0.010896063917901528
0.05500349809095699 0.016512694917773046
0.06088241487469562 0.019766962039224692
0.06809716007776065 0.024067813355205084
0.07453768768785678 0.028250340889399723
0.08109545476997085 0.03269028299237759
0.08599797221872227 0.03614862862214816
0.09197952492616435 0.04057205270653216
0.09674567049796336 0.044216046150363536
0.10294348217256848 0.049146008161087634
0.10978514861979219 0.05480592687657698
0.1154407572196185 0.05963911886405139
0.12101831979884968 0.06456217168694249
0.12617666851618994 0.06923401117702764
0.13197799180997424 0.07462493345638302
0.13685619225305884 0.07924608888386803
0.14187788143120342 0.08406452052797284
0.14799572413462422 0.09016459298159493
0.153905551945071 0.09613316112129058
0.15907188232167663 0.10148616811381152
0.16451657143928952 0.10723705981802592
0.16959660232430446 0.11267203356492758
0.17492988563947307 0.11852638955523075
0.18070702291857768 0.12495006203611098
0.18564627936203704 0.13051328045784866
0.19102437030109407 0.13664941758184543
0.19620606196302318 0.14263836293989876
0.20197274665421477 0.14939028320848827
0.20752025540511795 0.15601327573014273
0.21227900369202796 0.1617316643286945
0.21703775197893796 0.1674500529272463
0.2222369293503612 0.1737385023079553
0.22739575734590417 0.18006009503966944
0.23305368566186477 0.18690340760102922
0.23779411208875068 0.19263699380108742
0.24297314128503392 0.19894204713451014
0.24786648469343228 0.2048605877281186
0.25274086511346355 0.21079475557133998
0.25746292114536884 0.21654348066946066
0.26281501549830455 0.22301688444371992
0.26768939591833585 0.2289510522869413
0.2724481442052459 0.23466944088549307
0.27718857063213176 0.24040302708555128
0.28165739712591487 0.24573821550577293
0.28762115940490035 0.25295143685423327
0.2919358884333806 0.2581026532599645
0.29654112871103544 0.2636365777101759
0.30206741704422124 0.2702772870504296
0.3069796733403864 0.27618013979732176
0.31189192963655155 0.28208299254421393
0.3164616612803309 0.28764627489723393
0.320930487774114 0.29298146331745556
0.32551799721948743 0.2985300951239635
0.32998682371327054 0.3038652835441851
0.33491794260296226 0.30975238800787797
0.33893976153709277 0.31452281593089326
0.34356268549617874 0.32004197636560533
0.3483761062800307 0.32571442149797974
0.3527237121493163 0.33083792032722115
0.3570713180186019 0.33596141915646255
0.3615741955260763 0.3412679000867483
0.36685343122449454 0.3474892915222557
0.3709056961426292 0.3522338841434267
0.37511381740376903 0.35716096109618123
0.37882626565065874 0.3615644330251184
0.38315745527203005 0.3667018169422119
0.3871945178649381 0.3714593515693646
0.3907522807682074 0.37567934550126275
0.3943100436714767 0.3798993394331609
0.39758302687458547 0.3837315103964144
0.4014794354497149 0.3882936186860019
0.40488251300936384 0.39233013462086097
0.4082984890495168 0.3963557408438364
0.411559193451481 0.4001983649657675
0.4151438893406001 0.404395504592188
0.41809405046618675 0.4078721645120304
0.4216652981445285 0.4120807528360501
0.4254058503766528 0.4164603767940541
0.42884751832248125 0.42046404005661936
0.4313598536737196 0.4233677711393119
0.43402920998441036 0.4264529854146727
0.4366985662951011 0.4295381996900335
0.43890497832333075 0.4320719173585307
0.4409613072117937 0.434418087435353
0.44412489011712136 0.4380275798612334
0.4468139355866499 0.4410956484232318
0.44984122179393143 0.44450536293978066
0.45222255897172603 0.4472048763597415
0.45397519835488903 0.4491789216061645
0.4558871685910668 0.4513324255113533
0.45780601974543894 0.4534798005370667
0.45955865912860194 0.45545384578348974
0.460997797494381 0.45706437705277486
0.4622770315972958 0.4584959604032505
0.4640296709804588 0.46047000564967355
0.46546880934623786 0.4620805369189587
0.466913093666014 0.4636864550391787
0.46803242350606444 0.4649390904708449
0.46915175334611486 0.4661917259025111
0.4702710831861653 0.4674443613341773
0.4712305087633514 0.4685180488470341
0.4723498386034018 0.4697706842787003
0.4731493599177235 0.47066542387274757
0.4739460141827976 0.4715627171665762
0.47490543975998367 0.47263640467943296
0.47554505681144105 0.4733521963546708
0.4761869609535638 0.47406593774143524
0.47666838906015585 0.4746012437815086
0.4773102932022786 0.47531498516827303
0.4779521973444013 0.4760287265550375
0.47827428967472074 0.4763845684503549
0.4787557177813128 0.4769198744904282
0.4792371458879049 0.47745518053050157
0.4797202843833841 0.47798894337347764
0.480364469044023 0.4787006271641124
0.4806854211150844 0.47905749785749463
0.48004351697296166 0.4783437564707302
0.4784330553213644 0.4765645469941432
0.47615460239587803 0.4740954112084251
0.47385255280760585 0.4716482604253496
0.4710100254214778 0.4687218208996756
0.4677914821115347 0.46549202309993926
0.46434958500074125 0.46214687188510883
0.461029360731532 0.4590216957833003
0.457315731110234 0.4556148044766612
0.45370715908601517 0.45245017174640717
0.44896374542164474 0.4483965268536867
0.4437725894408035 0.4441299337596055
0.43961976674831754 0.44086980163741607
0.43542555864513444 0.43766308740684445
0.4309771538686029 0.434395409239511
0.4264872913118444 0.4311849326576692
0.42174922206391835 0.4279102514798092
0.4163491527836215 0.424329242737176
0.4117008802402269 0.42135273672786566
0.40638268511543707 0.41808948517117
0.40122929568467636 0.4150174485168983
0.39644356896690514 0.4122673857096252
0.39035469086946156 0.4088968947624074
0.3850689000208308 0.40605871807044547
0.3790888812488151 0.40299419648719215
0.3735000410758234 0.4002198721318997
0.367668857440378 0.3973946873137797
0.3615756061725809 0.3945619843580546
0.3514494305112395 0.3901660010641596
0.3450220171452751 0.3874971055746683
0.33857765580495314 0.38486939694809474
0.33207605939940193 0.3823866787018717
0.32488449921162765 0.37969309474432983
0.31832892937716767 0.37735661237625523
0.3117585414693521 0.3750621302012022
0.30538688444085843 0.3729281424413658
0.29898843695958843 0.3708758785993332
0.2923547061331206 0.36877153522602746
0.2850127749591581 0.3665198738155342
0.2785699688561367 0.3646114277023952
0.2718783962226063 0.36269896818622455
0.26493740759087353 0.3607871013891545
0.2584423211737049 0.3590649604305229
0.25123336164784893 0.35722741968899185
0.24214941717913757 0.3549737614115456
0.23491198296068735 0.3532517859890085
0.22789234074312736 0.35165266717759025
0.22086260871081934 0.3500985032899888
0.21382307475926832 0.34858935797540097
0.20677402718540697 0.34712529303933376
0.19971575467578867 0.3457063684410733
0.19265748216617037 0.3442874438428128
0.18511447650988233 0.34284626441612315
0.17709517437814737 0.34134066344866537
0.1671659851657991 0.33960774252054204
0.15722061883003627 0.33797021334363675
0.14749238284243724 0.33649606129575815
0.1403641352292002 0.3354857921237241
0.13371110412351228 0.33454287422982565
0.12443616720209832 0.33328885355777677
0.11610547429180731 0.33221674068044194
0.10824762670641364 0.33123102961436973
0.10109585620442402 0.3304035415344234
0.09370299515836922 0.32957212167903044
0.08606631868734146 0.3287627361419977
0.07889998051521294 0.32807269626034175
0.0717314710640889 0.3274055905080599
0.06431975153450029 0.326763666028911
0.05738432146228217 0.3261853448169727
0.04972943036178941 0.32557168798265607
0.042069001353068826 0.32503153997233025
0.03488576559719628 0.32454813340314
0.027463088649461315 0.32404861328164336
0.020276906425789963 0.3236111857061843
0.012608816411169073 0.3231936596610348
0.004699761330566425 0.32278839096862466
-0.0027332692371160204 0.3224790206369598
-0.011368226684389825 0.3222026274984615
-0.019284374517134606 0.32197459576561605
-0.026241594872267703 0.3217964647999565
-0.03320020459542913 0.3216851255367633
-0.04135895053436893 0.32158069538263095
-0.04831841529920014 0.32155842661800527
-0.059357396768322294 0.3216290719924053
-0.06991642252139565 0.321696645828788
-0.0833529811104604 0.3219546409337221
-0.0975047169268258 0.32240761857737216
-0.10661617375172686 0.32278684672586455
-0.11476852985821728 0.32312615612188406
-0.12674777169339344 0.3238168748601755
-0.13440988983299082 0.3243325085339785
-0.14254721761976843 0.3249324564015435
-0.15020010597531946 0.32557060394575127
-0.15713169306599686 0.3261932965787249
-0.1642980312381254 0.32688333646038087
-0.17241471015966253 0.3277173413991753
-0.17909680207181183 0.32842555374407895
-0.18696374962400042 0.3293357906320199
-0.19387186722025188 0.3301799215384356
-0.20053079629203627 0.3310802440722143
-0.20742143565149876 0.33205683760518057
-0.21502141271614852 0.33315878183584946
-0.22189898852453488 0.33422348682348874
-0.22948036386252924 0.33544687574576887
-0.23634374947496625 0.33659951777423985
-0.2429632089498651 0.3377547983929887
-0.25027049567939413 0.33915094096259435
-0.2585051469406155 0.3408063529938983
-0.26508425800955276 0.34217281360089435
-0.271658963045707 0.3435603188208675
-0.2784543706769381 0.3450626772455489
-0.284767411207176 0.34652209189204086
-0.29246587182998995 0.3483798052768335
-0.2987497319147693 0.3499601452028428
-0.30594678448653667 0.3518437820312767
-0.31174101905890095 0.35339995604168944
-0.3179711039246017 0.3551805217981242
-0.3239649278170107 0.3569143283774178
-0.32994183246301917 0.35870559077029535
-0.3365888941895611 0.36076743851306053
-0.3418393407316447 0.36247003557926827
-0.3484455952820051 0.36465910993310996
-0.3541160229334415 0.36661897780623065
-0.3599934303712332 0.3687137551017458
-0.36607572923776316 0.37094758865531025
-0.3716805537253073 0.3730878630055025
-0.3765944925687034 0.3750185630890784
-0.38237219583933685 0.37737443978876506
-0.38724816459972367 0.3793991191256205
-0.3920911181768869 0.38150154591835295
-0.397125659799165 0.3837641586370227
-0.4019060681568112 0.38600516147135905
-0.4066647445140287 0.38829194897714453
-0.41117880773067583 0.3905327494179577
-0.4152366776116864 0.39261224620659385
-0.41927439910473874 0.39473059934280713
-0.42391787952109594 0.397243065739053
-0.4293476152259723 0.4003171477618373
-0.43389980541263223 0.402991463052493
-0.4388089086047459 0.40600369525867364
-0.4426566340165629 0.40845024875705027
-0.4458701897839783 0.4105518059053067
-0.4492484334323401 0.41283904880684075
-0.4521965683788727 0.41490463342043776
-0.4549232612148187 0.41686757138185476
-0.45781756091196807 0.41900793787429863
-0.4601053107864316 0.4207570547273377
-0.46274136428087453 0.42284012967471873
-0.4651641713702264 0.42480558339706637
-0.46755522473066125 0.42680954606000626
-0.46955655570694566 0.4285309622693246
-0.47135067874402 0.4301247927561335
-0.4733016135284897 0.4319031214403439
-0.47539227086124025 0.43388361662355174
-0.47729119161466815 0.43571738307938523
-0.47882065229052334 0.4372424011927908
-0.48049272722353986 0.4389638362078931
-0.482301480471468 0.4408865975374524
-0.4837560122846958 0.44248324008026235
-0.4850306591088143 0.4439189093503882
-0.4862868267844335 0.44537077489173443
-0.48752430953339676 0.44683859886804683
-0.48858642117953793 0.44814010325398795
-0.4897811263751348 0.449642950643124
-0.4909467605748575 0.4511684563598803
-0.4918062712155224 0.4523236809146778
-0.4926471903793448 0.4534925082215711
-0.4936151278110526 0.4548654947268914
-0.4945609760970983 0.4562537907454974
-0.49508870012175415 0.45705564799504733
-0.49586482718846525 0.45826846664997545
-0.496495347906016 0.45928936669305015
-0.49723623132317823 0.4605240302405793
-0.49783709485957195 0.46156266216953346
-0.498421265289022 0.4626107738919022
-0.4989885930885569 0.4636680971353266
-0.49953893304620767 0.4647343612696871
-0.4999682514880282 0.46559293763225923
-0.5004911197243345 0.46667293859553316
-0.5007923428973811 0.4673268423945553
-0.501182782045941 0.4682037830801929
-0.5015647853087978 0.4690844312517243
-0.5018428109045749 0.46974853014981743
-0.5022919829043405 0.4708612016142836
-0.5029806483362814 0.47265328847688537
-0.5033113245125864 0.4735544660183716
-0.5029124305601201 0.4724227960629975
-0.5019986587474008 0.4696918199869447
-0.5009002288247371 0.4662637605994935
-0.499386016458095 0.4612059390646758
-0.49764717218045745 0.4549640809739348
-0.4959085726457177 0.44822524447431505
-0.49461536355357877 0.442859274300605
-0.4930857474785428 0.4358241600514564
-0.49183822392976223 0.429710593571663
-0.49060023836699523 0.4231061020095316
-0.48928211831306445 0.415540621721134
-0.4882722191467698 0.4091402720806269
-0.4871956419591526 0.4020217371615102
-0.48623337519883336 0.3953714770365324
-0.48529365407542185 0.3882335864485648
-0.4844224940263414 0.38108700418817854
-0.48354592954600545 0.3736993598996364
-0.4827969120919426 0.36702171885646895
-0.4819897283480432 0.35914353065202503
-0.48132470785882886 0.35197482745099157
-0.48073777531957296 0.3443178409246178
-0.4801050427189126 0.3357016623784583
-0.47963143561845584 0.32827728700159237
-0.4791916058015476 0.32061044396140526
-0.47877642662486025 0.3124615994295404
-0.47847746719101436 0.30574873563643395
-0.47813061929365663 0.2973565031013204
-0.4778626103987677 0.28968173250520696
-0.47766424248162026 0.2827250597458879
-0.47740557679094703 0.2745697465689629
-0.477230512189967 0.2666522502875278
-0.4770762453514148 0.2584942944960454
-0.4769556218137662 0.25081579318179975
-0.47683499827611764 0.24313729186755412
-0.4767612819250868 0.235218203480584
-0.476687565574056 0.2272991150936139
-0.47665475578573707 0.21601997252253693
-0.4766581763854652 0.2042608171847312
-0.4766267627583513 0.19346163812731712
-0.47662948527650223 0.18410231040947175
-0.47665629155500566 0.17642290848652623
-0.4767092755521809 0.16850365424909342
-0.476794719345453 0.1598646969832291
-0.47690152277812475 0.15170598176696937
-0.4770383407180901 0.14330769913070238
-0.4771634314060584 0.1356292692918297
-0.4773224443245291 0.12747140462973716
-0.47751300424665055 0.11907416953100369
-0.4776708967535512 0.11211646044919596
-0.47787779038328304 0.10299946234199962
-0.478062905736201 0.09484214824608711
-0.4782643547967294 0.08596507114171173
-0.47848178292090654 0.07756848877755089
-0.47872405997356104 0.06821229700034309
-0.478920064464886 0.059575140898788674
-0.479094290679397 0.05189766880851808
-0.4792630723247046 0.04446011772106844
-0.4794536322468261 0.03606288262233498
-0.4796169693229302 0.028865252537706297
-0.4798891977831037 0.016869202396658494
-0.4800688685668182 0.008951809303566944
-0.480280084458876 0.0007951292926678365
-0.4804913003509338 -0.007361550718231271
-0.480728614619593 -0.015517513131775709
-0.48100082804540795 -0.02487288178260609
-0.48121204393746575 -0.0330295617935052
-0.48144446471585994 -0.040225292362207225
-0.4817156222906532 -0.04862031135902625
-0.48195579042832715 -0.05605589961335168
-0.48224894334843554 -0.06613091200655363
-0.48249685884538934 -0.07380635794650246
-0.48273417311404854 -0.0819623203600469
-0.48296450755127657 -0.08987840152613415
-0.48318918097039093 -0.09683427440921277
-0.4833817601660907 -0.10427124736032667
-0.48360540052238715 -0.11290773207774925
-0.48377962673689817 -0.12058520416801985
-0.4839970548610753 -0.1289817865321807
-0.48417720959253635 -0.13593895477677112
-0.48439358436690205 -0.14337527344794398
-0.48463089863556125 -0.15153123586148842
-0.484823477831261 -0.15896820881260232
-0.4850328727741956 -0.166164646236318
-0.48526320721142363 -0.17408072740240524
-0.4854956279898178 -0.18127645797110725
-0.4857766166474474 -0.18919090301516042
-0.486032279503681 -0.19710620664073264
-0.48634732739253844 -0.20597997835679227
-0.48661128643455415 -0.21341476006484222
-0.48687524547656985 -0.22084954177289218
-0.4871477193263925 -0.22852415514894375
-0.4874031635606012 -0.23571910518899208
-0.4876586077948099 -0.24291405522904042
-0.4879065232917637 -0.25058950116898926
-0.4881704823337794 -0.2580242828770392
-0.48840081677100744 -0.2659403640431265
-0.4886136869661814 -0.27193615574316676
-0.4888350719691623 -0.27817177911120866
-0.48908200139556407 -0.28512689748325537
-0.4893204160141589 -0.2918421841873005
-0.4895588306327537 -0.29855747089134566
-0.4897912514111479 -0.3057532014600477
-0.4903106546873723 -0.320382933208146
-0.49065928585496354 -0.33117652906119904
-0.4910509670140836 -0.34220878578927316
-0.49125517473549507 -0.34748445607615364
-0.49158933282507755 -0.35611737109104896
-0.4918405687117649 -0.36211167775316644
-0.4920516068565823 -0.3671468953493451
-0.4922558145779938 -0.37242256563622556
-0.4925045963524307 -0.377936559949774
-0.49269929513242483 -0.3822518598473336
-0.4929264437090846 -0.38728637639448654
-0.49313494943723035 -0.39160103121059175
-0.4933318715138124 -0.3956759829813578
-0.4935519608935218 -0.40023034084280223
-0.49373729931854027 -0.4040655895682291
-0.4939689723498133 -0.40885965047501266
-0.49415285453091884 -0.41293521148937457
-0.49435836990980153 -0.417490250270132
-0.4945638852886842 -0.4220452890508894
-0.4947369508709012 -0.4258811111820535
-0.4948775666564525 -0.4289977166636244
-0.4950049868236527 -0.43163445016235535
-0.4951284926800455 -0.4340310976951142
-0.49525966661267723 -0.4364273377691136
-0.49540395793857217 -0.43906320185051284
-0.4955351318712039 -0.4414594419245122
-0.4956531884105725 -0.4436160579911116
-0.49575812755667786 -0.4455330500503111
-0.495841431956184 -0.44697053489908206
-0.4959663885554433 -0.44912676217223857
-0.4960635770215338 -0.4508038278291381
-0.4961746495542087 -0.45272047429416606
-0.4962440698871305 -0.4539183783348086
-0.49632737428663665 -0.45535586318357957
-0.49640062727540285 -0.45655353896309897
-0.49647388026416905 -0.4577512147426184
-0.49654713325293526 -0.4589488905221378
-0.4966057356439482 -0.4599070311457533
-0.49666127191028564 -0.4608653543782673
-0.49671680817662306 -0.4618236776107813
-0.4967723444429605 -0.4627820008432953
-0.4968162962362202 -0.4635006063110069
-0.49687489862723316 -0.46445874693462247
-0.49690419982273965 -0.46493781724643024
-0.49693503378058296 -0.46541679134881725
-0.4969936361715959 -0.4663749319724328
-0.49702447012943923 -0.4668539060748198
-0.49705530408728255 -0.4673328801772068
-0.4971015550240475 -0.4680513413307873
-0.4971339214285335 -0.468530214319767
-0.4971662878330195 -0.4690090873087467
-0.49721483743974854 -0.4697273967922162
-0.49724720384423454 -0.4702062697811959
-0.49731193665320655 -0.4711640157591553
-0.49736278443282345 -0.47188216621808704
-0.49736278443282345 -0.47188216621808704
-0.4973350162996547 -0.47140300460183004
-0.49732266571401545 -0.4711633398485542
-0.4973010325162383 -0.4706838620821587
-0.4972840029006244 -0.47020419874615543
-0.49727702306919325 -0.46996431749869827
-0.49726459860495453 -0.4694845127921748
-0.497255244903868 -0.469004638400287
-0.497255244903868 -0.469004638400287
-0.49725363932819605 -0.46876466099915265
-0.4972543374087986 -0.4685246792423212
-0.4972543374087986 -0.4685246792423212
-0.49725056792324707 -0.4687646324083914
-0.4972452629353386 -0.46900455653813183
-0.4972452629353386 -0.46900455653813183
-0.4972361202795901 -0.4692443650925545
-0.4972246760835578 -0.46948407483642324
-0.497197186720001 -0.46996325252643495
-0.4971811428189948 -0.4702026983954094
-0.4971429284383182 -0.4706811402255447
-0.49710012317695923 -0.471159193186328
-0.4970512029500562 -0.4716366591381125
-0.4969686621821306 -0.47235186022870596
-0.49684641194993945 -0.4733039750198861
-0.4967410325460769 -0.47401616934701696
-0.49658838460384425 -0.47496388570784803
-0.49641757106252876 -0.47590849696596327
-0.49613419678852655 -0.47732023395784845
-0.49582377299738284 -0.47872627072241586
-0.49553890945074525 -0.4798918804482708
-0.49516583221792543 -0.4812826053282434
-0.494699507571276 -0.4828964628620487
-0.4941920284239802 -0.48449785592140443
-0.4935653985584813 -0.48631257512587767
-0.49280841646060763 -0.48833542171143507
-0.49208974126098265 -0.49011569605458083
-0.4912175711828611 -0.49209161345164776
-0.4900748695997538 -0.49447128412934743
-0.48896737173015536 -0.49660027956421277
-0.4874137753156717 -0.49930570757245973
-0.4858770758262098 -0.5017412288580946
-0.48410403681449493 -0.5043081988987925
-0.48223376432488324 -0.5068052137849126
-0.4792947427960956 -0.5102912957286546
-0.476508919407539 -0.513271765202762
-0.4735924199829793 -0.5161244904515123
-0.4705424108199529 -0.5188340022790875
-0.4668150152978731 -0.5218577772365454
-0.4619459209479695 -0.5253630235962186
-0.4568934507921058 -0.5285983562150341
-0.4514539065439046 -0.5316550486234187
-0.44611460406889064 -0.5343912286084663
-0.4408996131332766 -0.5368359589731969
-0.4362640455642725 -0.5388131960992476
-0.4306660981438889 -0.5409713936131202
-0.42477540553688187 -0.5430285155631678
-0.4195088573912352 -0.5446806342909601
-0.41373501446163624 -0.5463108396935353
-0.4076838899355525 -0.5478326485111739
-0.3999566945405981 -0.5495669628740418
-0.39360836800429433 -0.550864314805972
-0.38699643729075023 -0.5520619329785031
-0.38083342078515336 -0.5530362212619983
-0.3737084422870442 -0.5540692939782503
-0.36703853564238764 -0.5548843169223758
-0.35868042653522203 -0.5557161116927583
-0.35198597018591615 -0.5562959144481185
-0.3448043179902406 -0.556802303207799
-0.3373785963591135 -0.55725431170244
-0.3297079914072596 -0.5576227572795627
-0.3222740089788894 -0.5579083420776509
-0.31459648653308636 -0.5580803349987189
-0.3076382686923207 -0.5582139396066312
-0.29971899937751567 -0.5582646199839182
-0.29227953344088986 -0.5582646199839182
-0.2841204951167618 -0.5581862964327455
-0.2750028303598964 -0.558011228325826
-0.26780633233012846 -0.5578039267505119
-0.2606105344574003 -0.5575735991350966
-0.25293674614424394 -0.5572788019241668
-0.24430731557340832 -0.5568643006499038
-0.23711977047230262 -0.5564498694069289
-0.2284947163509758 -0.555952551915359
-0.22130853412730445 -0.5555151243398999
-0.21316753360398222 -0.5549672635614843
-0.20503216716639572 -0.5543412812299043
-0.19714012604973374 -0.5536831915749401
-0.18924601960235057 -0.553050357964551
-0.1813583515336487 -0.5523417766925465
-0.17346631041698674 -0.5516836870375822
-0.16486158161476652 -0.5509106892863045
-0.15721077435841696 -0.5502480575658928
-0.14955788600286593 -0.549609910021685
-0.1390351645139833 -0.5487324571483994
-0.1309084762007753 -0.5480024037166371
-0.12277728232300235 -0.5473243719509163
-0.11512439396745133 -0.5466862244067086
-0.10699320008967837 -0.5460081926409878
-0.09838370068968348 -0.5452902766537541
-0.09048959424230033 -0.544657443043365
-0.08331501140897124 -0.5440591797206703
-0.07542090496158808 -0.5434263461102813
-0.06728971108381512 -0.5427483143445605
-0.058204377466900034 -0.5419614391765716
-0.05055148911134902 -0.5413232916323638
-0.04338088177616552 -0.5406791268396324
-0.03596916224657689 -0.5400372023604835
-0.026881357324360054 -0.5392794021517368
-0.018515648766645968 -0.5385278765602168
-0.01038666605677457 -0.5378238303572793
-0.0015380138956687037 -0.5370859722592891
0.005877661857933659 -0.5364914922010449
0.014489414345988015 -0.5358011282624386
0.021903149940428066 -0.5351829228289874
0.029558041040920826 -0.5345692659946708
0.037691362835194385 -0.5339172556082094
0.045108902822405594 -0.5333465070117689
0.05300300926978875 -0.5327136734013799
0.0642516682691578 -0.5318843337020989
0.07142993277291058 -0.5313319963507048
0.0798045746939555 -0.5306876027740784
0.08770066564808356 -0.530080031687545
0.09439869536101472 -0.529543081957518
0.10301044784906908 -0.5288527180189118
0.11042612360267144 -0.5282582379606675
0.1180810147031642 -0.5276445811263509
0.12550205530536226 -0.5271213127413478
0.13506286508560694 -0.5262624263510393
0.14175543193177823 -0.5256612058778233
0.15084076554869333 -0.5248743307098344
0.15777235263937073 -0.5242516380768607
0.1654231598957203 -0.523589006356449
0.172595791698548 -0.522967789118563
0.1792864005195971 -0.5223451570830999
0.1886133582029249 -0.5215674147635967
0.1986550427268837 -0.5206977106305563
0.20774284764910053 -0.5199399104218095
0.2177898922184973 -0.5191344858267689
0.22448792193142844 -0.5185975360967419
0.2323840128855565 -0.5179899650102084
0.23956227738930927 -0.5174376276588144
0.24673873779602123 -0.5168623243766426
0.2553504902840756 -0.5161719604380364
0.2625287547878284 -0.5156196230866423
0.2692284683246643 -0.5151041082253413
0.2764084634306445 -0.5145747424598427
0.282868901484022 -0.514077638843588
0.28956693119695315 -0.513540689113561
0.2977002529912267 -0.5128886787270995
0.30631200547928106 -0.5121983147884933
0.31708199813825144 -0.5114042661402455
0.3288064968277143 -0.5105021151329685
0.33669853794437626 -0.5098440254780042
0.3422044712943942 -0.5094557940955825
0.35225404159964807 -0.5086825218036308
0.35799520992501765 -0.5082222791778933
0.36397853918000117 -0.5077811410399778
0.36924259981608654 -0.5073760936489555
0.37402810948525506 -0.5070078687480262
0.3785764892091829 -0.5066871558668952
0.3836036457461558 -0.5063326837351189
0.3879126370635611 -0.5060288504793106
0.3924599672973486 -0.5056935854944948
0.39652957020823143 -0.5054066318640092
0.4003597847125917 -0.5051365578588464
0.4039506108104295 -0.5048833634790062
0.4080202137213123 -0.5045964098485206
0.4116118315992486 -0.5043547065639254
0.41520344947718485 -0.5041130032793303
0.41807674377953385 -0.5039196406516542
0.42095003808188286 -0.5037262780239781
0.42454165595981913 -0.5034845747393829
0.4269365712166051 -0.5033311015962724
0.43029012292098506 -0.5031269687277248
0.43292452970344963 -0.5029581482703032
0.43531992377800677 -0.5028123390784834
0.43723623903765246 -0.5026956917250277
0.43963115429443844 -0.5025422185819172
0.44154708649986724 -0.5024194400674287
0.44346340175951293 -0.5023027927139729
0.4453793339649417 -0.5021800141994844
0.44705577464469193 -0.502072582999307
0.44873221532444213 -0.5019651517991296
0.45040865600419233 -0.5018577205989522
0.45208509668394253 -0.5017502893987748
0.45328230264325464 -0.501669721637243
0.45495874332300484 -0.5015622904370656
0.45615594928231695 -0.5014817226755338
0.45783238996206715 -0.5013742914753564
0.45902959592137926 -0.5012937237138246
0.4602270535497722 -0.5012169871422694
0.4611850196524866 -0.5011555978850252
0.4623822256117987 -0.5010750301234934
0.46334019171451307 -0.5010136408662492
0.4640588099368802 -0.5009698981087033
0.465016967566703 -0.5009115744319754
0.4654961372401101 -0.5008839456824438
0.46621489175022063 -0.5008425025581463
0.4669336462603312 -0.5008010594338489
0.46765240077044173 -0.5007596163095515
0.46813165639635557 -0.5007335209317296
0.4688504109064661 -0.5006920778074322
0.4693295805798732 -0.5006644490579005
0.4700483350899837 -0.5006230059336031
0.47148610196772517 -0.5005447198001375
0.4722051069750527 -0.5005078771917366
0.47268418578996413 -0.5004787153533726
0.47316296260300916 -0.5004449561027272
0.47340211536412014 -0.5004250139919707
0.47387987124226205 -0.5003790113331936
0.47411835063084445 -0.5003521913378584
0.4748327004113348 -0.5002625812409427
0.4753079169188839 -0.5001952299628071
0.4762555888361332 -0.500042306347522
0.4769644169391899 -0.4999162575527125
0.47814079569079293 -0.4996797701196691
0.4793124176961776 -0.4994207428050688
0.4807110498718913 -0.4990784996890216
0.48279150054434816 -0.4984982797267004
0.4848523237317751 -0.49785179848539035
0.48734731189840713 -0.49698945662121724
0.48936750379945965 -0.49622541808284093
0.4913648583754137 -0.4954035270297702
0.49376218425540597 -0.49429834466135375
0.49612292572249206 -0.4931170321845215
0.49864691125571964 -0.49173041533702866
0.5009144026052543 -0.4903787192091491
0.5035254166662794 -0.48867120402619074
0.5062521095022254 -0.48670826606477374
0.5087060501841489 -0.48478182435620726
0.5116009938893687 -0.48225936839796235
0.5147179044137343 -0.4792686177223111
0.5173843975113372 -0.4765057754035906
0.5204007579365437 -0.47308639173830686
0.5229700449245601 -0.4699173580351847
0.5255485768465548 -0.46645168437079215
0.5280035539396984 -0.462897418160595
0.5308065345731399 -0.4584233040205769
0.5331699979936443 -0.45424589656722647
0.5356064933067608 -0.44956210661052276
0.5382352143747932 -0.44390332267277627
0.5402896413486078 -0.4390398128723728
0.5426187359179523 -0.4329933518964075
0.5443092904681922 -0.4282457231564892
0.5461942130152909 -0.4222976917931679
0.5478107372118544 -0.4167696101605672
0.54928523853335 -0.41120196408096765
0.5508724754874987 -0.40442587932927
0.5521283900986211 -0.39855923545735866
0.5534086157345106 -0.3919628016201178
0.5544599139925391 -0.38581245349336263
0.5554698131588337 -0.37941210385285556
0.556464454239003 -0.3720394284535276
0.5572623483289507 -0.3651258179111242
0.5579181691469421 -0.3589208272453533
0.5586275243354374 -0.3512742104975843
0.5591243112842332 -0.34505446670582557
0.5596698039184445 -0.3369133071606944
0.5600483496383653 -0.3294834783228176
0.560335737896176 -0.32252991422229493
0.5605546266323387 -0.3148535856602877
0.5607043562109335 -0.30693556974502534
0.5607280909514195 -0.2987761900127569
0.5607004469767128 -0.2908568067797193
0.5606316172543548 -0.2838976467599953
0.5604682801782508 -0.2767000166753666
0.5602126173220172 -0.26878471304979434
0.5599571730878085 -0.261589763009746
0.5596212471924625 -0.2546383746949098
0.5592505703424256 -0.24696787724405606
0.5586184742066378 -0.23714890814512293
0.5581405478600665 -0.22972480955812472
0.5576388685905331 -0.22230227822893947
0.5570964922746193 -0.21464200666700103
0.5563387775606038 -0.2048319318404339
0.555590813185895 -0.19622499088691248
0.5548153124532093 -0.18762048730466893
0.5541504552312458 -0.17996987312376098
0.5534180378725982 -0.17184339751830874
0.5527116270742621 -0.16371461995109404
0.5519085979235802 -0.15511264183752077
0.551127875138195 -0.14674960756043565
0.5505045714926042 -0.13957715676583443
0.54967349996515 -0.1300138890396995
0.5489410826065024 -0.12188741343424724
0.5482049725517106 -0.11400226683013842
0.5473974940200537 -0.1056417734949199
0.5467081600354441 -0.09799332586625897
0.5459972843638156 -0.09010586424920239
0.545307950379206 -0.08245741662054146
0.5445539913335393 -0.07409192702669355
0.5437784906008536 -0.06548742344445
0.5429814481811488 -0.05664390587381078
0.542295814170999 -0.04875420999974946
0.5415418551253324 -0.04038872040590156
0.540939328267928 -0.03345535130445373
0.5401913638932192 -0.024848410350932278
0.5395509902410567 -0.017195707948752848
0.5389158603549905 -0.009301785919186057
0.5382875115677581 -0.0011666019166669712
0.5377146053205757 0.006250771732688666
0.53706777568666 0.0146252258529289
0.5364133994404099 0.02275835764096741
0.5358220123465441 0.0304150014080442
0.535186882460478 0.03830892343761099
0.5344476485931458 0.047879728146456975
0.5336671932045727 0.05720645919911316
0.5326465976964386 0.06940295365258663
0.5318064719026958 0.07872449920001715
0.5311602212921244 0.08589491885188677
0.5304241112373326 0.09378006545599558
0.5297089159664364 0.1011850738386177
0.5289014374347795 0.10954556717383622
0.5282322464758779 0.1167138822684806
0.5276318961769755 0.12388829077052382
0.5268779371313088 0.13225378036437171
0.5262338566975318 0.1396653128521263
0.52549774664274 0.14755045945623513
0.5248328894207765 0.15520107363714308
0.5241888089869995 0.16261260612489767
0.5235921718213009 0.17002810863752102
0.5229688681757102 0.17720055943212223
0.5223247877419331 0.18461209191987682
0.521670411495683 0.19274522370791533
0.5209299794603701 0.2015936608604353
0.5203525886548553 0.20876995361458692
0.519752238355953 0.21594436211663012
0.5192119230869409 0.22240132976846902
0.5185055122886048 0.23053010733568371
0.5178406550666413 0.23818072151659167
0.517215946143089 0.24511212718006564
0.5165912372195366 0.25204353284353964
0.5160302639385049 0.2584987385586807
0.5154486383889907 0.2649521162453634
0.5147377627173622 0.27283957786242
0.5141975662245168 0.27905570188440776
0.5136158161552988 0.28574998929270223
0.5130132892978945 0.29268335839415005
0.5125321302932988 0.2986636023559431
0.5119088266477081 0.3058360531505443
0.5114661603634801 0.3113378775953939
0.510831030477414 0.3192317996249607
0.510350528463648 0.3254528226857106
0.5099078621794201 0.33095464713056016
0.5094458410123375 0.3369364000735889
0.5090051602556576 0.34316037071766387
0.5086329466040683 0.34866741009093033
0.5082283665479931 0.3546533224531765
0.5078885193008899 0.35968148883746326
0.5075163056493006 0.3651885282107297
0.5071926416044404 0.3699772581005267
0.506836707147122 0.3750043113130488
0.5065292263045048 0.37955360470835586
0.5062241396268033 0.3838625074619462
0.5058875518914447 0.3884097399787159
0.5054978187241874 0.3936749565770808
0.5051258007008963 0.3987008451482473
0.5045108390156618 0.4077994319388615
0.5039854119596204 0.41522032001448933
0.5037081992593708 0.4188093717803066
0.5033755440190714 0.42311623389928726
0.5030798504721384 0.42694455578282564
0.5028318384566111 0.4302951481636033
0.5026453965980157 0.43292836651301964
0.5024759039992927 0.4353222013761254
0.5023302551791056 0.437477129826534
0.5021684231566754 0.43987149477143245
0.502021917179143 0.44226684633047125
0.5019047123971171 0.44418312757770234
0.5017936398644423 0.4460997740427303
0.5016964513983517 0.44777683969962984
0.5016046296455096 0.44945420775142936
0.5015259252859305 0.45089195179582897
0.5014271206008163 0.45280926982203606
0.5013530170869807 0.4542472583416914
0.5012835151775987 0.45568547661372644
0.5012255969197804 0.45688399184042233
0.5011606973264491 0.45832242513960886
0.501120499584579 0.45928151420554764
0.5010740887388037 0.46048053017983864
0.5010276778930283 0.46167954615412965
0.500990549216408 0.4626387589335625
0.5009534205397876 0.4635979717129953
0.5009255740323224 0.46431738129756994
0.5008915148010946 0.4652767079695764
0.5008574555698668 0.4662360346415828
0.500831911146446 0.4669555296455876
0.5008009217093268 0.4679149603880812
0.5007854269907671 0.468394675759328
0.5007644874964736 0.4691143195016996
0.500736568170749 0.47007384449152834
