0 0
0.00459599494934082 0
0.020082712173461914 0
0.02919149398803711 1
0.037998199462890625 2
0.047189950942993164 5
0.05559206008911133 8
0.06440329551696777 12
0.07448625564575195 16
0.08384871482849121 22
0.09367823600769043 27
0.10275912284851074 32
0.11206674575805664 40
0.12235450744628906 46
0.13155150413513184 52
0.14060044288635254 60
0.1501603126525879 66
0.1594853401184082 73
0.16829562187194824 84
0.18218326568603516 90
0.19164013862609863 98
0.20146799087524414 106
0.21043658256530762 112
0.2205030918121338 120
0.22989964485168457 128
0.23931026458740234 137
0.24949169158935547 145
0.25971531867980957 153
0.26851892471313477 161
0.2785942554473877 168
0.28784728050231934 174
0.29733753204345703 184
0.30688953399658203 190
0.3155553340911865 197
0.3255655765533447 202
0.33444929122924805 206
0.3437986373901367 210
0.35285377502441406 213
0.3623313903808594 214
0.37151455879211426 215
0.381990909576416 215
0.3908381462097168 214
0.4001047611236572 211
0.40999627113342285 209
0.4194526672363281 205
0.42966198921203613 201
0.4385354518890381 196
0.44799089431762695 192
0.45731067657470703 187
0.4657104015350342 182
0.4762876033782959 177
0.48471999168395996 172
0.4940521717071533 169
0.5037798881530762 165
0.512824296951294 163
0.5221269130706787 161
0.5322046279907227 160
0.5414893627166748 160
0.5505118370056152 161
0.5598030090332031 163
0.5685763359069824 166
0.5836050510406494 170
0.5927302837371826 173
0.6022055149078369 176
0.6120021343231201 180
0.6207737922668457 183
0.6306908130645752 186
0.640007495880127 188
0.6492054462432861 190
0.6581912040710449 191
0.6675291061401367 192
0.6758286952972412 192
0.6876847743988037 192
0.6963484287261963 190
0.7047972679138184 189
0.7147421836853027 188
0.7243459224700928 186
0.7345542907714844 184
0.743861198425293 182
0.7528996467590332 180
0.7632546424865723 178
0.7723064422607422 176
0.7824723720550537 175
0.791684627532959 174
0.8005893230438232 174
0.8104002475738525 174
0.8196642398834229 174
0.8283650875091553 175
0.8385248184204102 175
0.8478448390960693 176
0.8568646907806396 177
0.8648478984832764 178
0.8741288185119629 179
0.8841562271118164 180
0.8934392929077148 181
0.9025557041168213 182
0.9116814136505127 182
0.921450138092041 182
0.9303908348083496 182
0.9403989315032959 182
0.9496779441833496 182
0.958549976348877 182
0.9679319858551025 182
0.9812729358673096 181
0.9914953708648682 181
1.0005295276641846 181
1.0098698139190674 180
1.0198521614074707 180
1.028871774673462 180
1.0386176109313965 180
1.0478057861328125 180
1.0563056468963623 180
1.0646331310272217 180
1.0738611221313477 180
1.0828988552093506 180
1.0928220748901367 180
1.1021416187286377 180
1.1108405590057373 180
1.1213390827178955 180
1.1301658153533936 180
1.1405062675476074 180
1.1496937274932861 180
1.1583976745605469 180
1.167572259902954 180
1.1772820949554443 180
1.1887707710266113 180
1.197932481765747 180
1.206817626953125 180
1.2147397994995117 180
1.224423885345459 180
1.2337310314178467 180
1.2444407939910889 180
1.2536282539367676 180
1.262683391571045 180
1.2717828750610352 180
1.2805519104003906 180
1.2904777526855469 180
1.299691915512085 180
1.3083600997924805 180
1.3176159858703613 180
1.3272590637207031 180
1.3352935314178467 180
1.3449206352233887 180
1.3541059494018555 180
1.3634397983551025 180
1.3723273277282715 180
1.3848371505737305 180
1.394840955734253 180
1.4040958881378174 180
1.4134624004364014 180
1.4223952293395996 180
1.434619665145874 180
1.4501302242279053 180
1.4621245861053467 180
1.4738233089447021 180
1.4873769283294678 180
1.5005850791931152 180
1.5125386714935303 180
1.524221658706665 180
1.533902883529663 180
1.5438265800476074 180
1.5527422428131104 180
1.5620458126068115 180
1.5707390308380127 180
1.5802850723266602 180
1.5895087718963623 180
1.5994868278503418 180
1.608184576034546 180
1.6174986362457275 180
1.6257102489471436 180
1.6347887516021729 180
1.6446866989135742 180
1.6538851261138916 180
1.6628289222717285 180
1.6720988750457764 180
1.6809310913085938 180
1.6908674240112305 180
1.7008628845214844 180
1.710014820098877 180
1.7187960147857666 180
1.7278037071228027 180
1.737550973892212 180
1.7481231689453125 180
1.7584424018859863 180
1.7676007747650146 180
1.7804577350616455 180
1.789757251739502 180
1.7998790740966797 180
1.8088102340698242 180
1.8178346157073975 180
1.8263459205627441 180
1.8356621265411377 180
1.844405174255371 180
1.854349136352539 180
1.8636114597320557 180
1.872584581375122 180
1.8817882537841797 180
1.8905749320983887 180
1.9005498886108398 180
1.9097483158111572 180
1.91853928565979 180
1.927690029144287 180
1.9358470439910889 180
1.9467754364013672 180
1.9564054012298584 180
1.967491626739502 180
1.9757859706878662 180
1.9845209121704102 180
1.9936981201171875 180
2.004504680633545 180
2.013859987258911 180
2.022775173187256 180
2.0319290161132812 180
2.041529893875122 180
2.051457405090332 180
2.0624377727508545 180
2.0715832710266113 180
2.0803475379943848 180
2.0894834995269775 180
2.098301649093628 180
2.1122419834136963 180
2.12148118019104 180
2.130319833755493 180
2.1397106647491455 180
2.15779447555542 180
2.1820740699768066 180
2.2007343769073486 180
2.2185542583465576 180
2.2372560501098633 180
2.245913505554199 180
2.2545788288116455 180
2.266841173171997 180
2.2747561931610107 180
2.297334671020508 180
2.3097727298736572 180
2.319225788116455 180
2.3279831409454346 180
2.3380539417266846 180
2.347581386566162 180
2.355767011642456 180
2.3644306659698486 180
2.3736186027526855 180
2.3825912475585938 180
2.392486810684204 180
2.4017221927642822 180
2.4105069637298584 180
2.4196581840515137 180
2.4283063411712646 180
2.438217878341675 180
2.44746994972229 180
2.456932544708252 180
2.464853048324585 180
2.4740898609161377 180
2.483227491378784 180
2.4931793212890625 180
2.5021283626556396 180
2.5107879638671875 180
2.520097017288208 180
2.5294277667999268 180
2.5380825996398926 180
2.548039674758911 180
2.557697296142578 180
2.5658457279205322 180
2.574561834335327 180
2.5885136127471924 180
2.5985653400421143 180
2.607822895050049 180
2.616783380508423 180
2.624732494354248 180
2.6340503692626953 180
2.6447925567626953 180
2.654445171356201 180
2.6637377738952637 180
2.672670602798462 180
2.6817638874053955 180
2.6925437450408936 180
2.7026705741882324 180
2.7117483615875244 180
2.7205371856689453 180
2.72969126701355 180
2.738321542739868 180
2.748222827911377 180
2.758577346801758 180
2.7686238288879395 180
2.7781028747558594 180
2.7873692512512207 180
2.7973058223724365 180
2.8054890632629395 180
2.8142223358154297 180
2.8235347270965576 180
2.8324713706970215 180
2.841604232788086 180
2.8514392375946045 180
2.8607306480407715 180
2.8699393272399902 180
2.87892746925354 180
2.887902021408081 180
2.897897720336914 180
2.906813859939575 180
2.9147157669067383 180
2.924018621444702 180
2.9329335689544678 180
2.9422097206115723 180
2.9521632194519043 180
2.9616355895996094 180
2.970489263534546 180
2.983344078063965 180
2.9923808574676514 180
3.002377510070801 180
3.011603355407715 180
3.0204060077667236 180
3.029654026031494 180
3.038299083709717 180
3.0482685565948486 180
3.0575613975524902 180
3.067195177078247 180
3.0748941898345947 180
3.0841004848480225 180
3.0932161808013916 180
3.102917432785034 180
3.1120853424072266 180
3.1208736896514893 180
3.130150556564331 180
3.1394402980804443 180
3.1493170261383057 180
3.158017635345459 180
3.1676547527313232 180
3.176311492919922 180
3.1846377849578857 180
3.1938719749450684 180
3.203831672668457 180
3.212716817855835 180
3.2218356132507324 180
3.2305948734283447 180
3.239907741546631 180
3.2485976219177246 180
3.2585809230804443 180
3.269355297088623 180
3.2780721187591553 180
3.2871944904327393 180
3.2948663234710693 180
3.3055834770202637 180
3.314359188079834 180
3.323532819747925 180
3.332472562789917 180
3.3415818214416504 180
3.3503522872924805 180
3.3603734970092773 180
3.3696117401123047 180
3.3782541751861572 180
3.3914852142333984 180
3.4004099369049072 180
3.4104578495025635 180
3.4197683334350586 180
3.428436279296875 180
3.4377493858337402 180
3.4462804794311523 180
3.455864906311035 180
3.4645628929138184 180
3.4742352962493896 180
3.4835867881774902 180
3.498788595199585 180
3.510531187057495 180
3.522643566131592 180
3.534607172012329 180
3.5481624603271484 180
3.5614869594573975 180
3.5736236572265625 180
3.5875322818756104 180
3.600127935409546 180
3.6104979515075684 180
3.619680643081665 180
3.6283795833587646 180
3.6375346183776855 180
3.6457407474517822 180
3.6544694900512695 180
3.664485454559326 180
3.673661947250366 180
3.6832926273345947 180
3.693171262741089 180
3.7022652626037598 180
3.7121877670288086 180
3.721336603164673 180
3.7301371097564697 180
3.7391769886016846 180
3.7479569911956787 180
3.7568769454956055 180
3.7669284343719482 180
3.7748711109161377 180
3.7914388179779053 180
3.800370454788208 180
3.810412883758545 180
3.8197786808013916 180
3.8285977840423584 180
3.8378779888153076 180
3.846773862838745 180
3.85473895072937 180
3.8647220134735107 180
3.8739113807678223 180
3.8836140632629395 180
3.8925044536590576 180
3.9017162322998047 180
3.9117026329040527 180
3.920530080795288 180
3.929655075073242 180
3.9383180141448975 180
3.9474828243255615 180
3.9557700157165527 180
3.9657700061798096 180
3.974815607070923 180
3.98403263092041 180
3.993710517883301 180
4.002665042877197 180
4.012582063674927 180
4.021964073181152 180
4.030635833740234 180
4.039862155914307 180
4.048547983169556 180
4.057701587677002 180
4.067561864852905 180
4.075881004333496 180
4.084588050842285 180
4.094355344772339 180
4.10356879234314 180
4.116317987442017 180
4.125787734985352 180
4.134583473205566 180
4.143968105316162 180
4.152864217758179 180
4.162057876586914 180
4.172902584075928 180
4.182096719741821 180
4.194829225540161 180
4.204243183135986 180
4.213596343994141 180
4.223748207092285 180
4.234637975692749 180
4.243850946426392 180
4.252825736999512 180
4.262171506881714 180
4.271954536437988 180
4.2806715965271 180
4.289838790893555 180
4.29948616027832 180
4.308154582977295 180
4.318077325820923 180
4.327270746231079 180
4.335324048995972 180
4.34416651725769 180
4.35347580909729 180
4.362410306930542 180
4.372345447540283 180
4.381472826004028 180
4.390306234359741 180
4.399982690811157 180
4.408746719360352 180
4.417785406112671 180
4.427786827087402 180
4.43679666519165 180
4.44474458694458 180
4.453921318054199 180
4.462889909744263 180
4.4728052616119385 180
4.482133150100708 180
4.4908552169799805 180
4.50048041343689 180
4.509656667709351 180
4.518318176269531 180
4.5282979011535645 180
4.537447690963745 180
4.545636415481567 180
4.554365873336792 180
4.563631772994995 180
4.573586702346802 180
4.58254075050354 180
4.595523357391357 180
4.6046977043151855 180
4.614104986190796 180
4.624268531799316 180
4.633482456207275 180
4.642384052276611 180
4.651392936706543 180
4.6601738929748535 180
4.669378042221069 180
4.679450750350952 180
4.689352512359619 180
4.698074817657471 180
4.707817792892456 180
4.71634316444397 180
4.72633171081543 180
4.734637260437012 180
4.744772911071777 180
4.75401759147644 180
4.762933015823364 180
4.772096633911133 180
4.78209114074707 180
4.7907774448394775 180
4.800082206726074 180
4.809166669845581 180
4.8179309368133545 180
4.8279242515563965 180
4.836827516555786 180
4.844753980636597 180
4.853968620300293 180
4.863187313079834 180
4.872295618057251 180
4.882262945175171 180
4.891225099563599 180
4.900102376937866 180
4.90964937210083 180
4.918423414230347 180
4.928313493728638 180
4.937480211257935 180
4.945639371871948 180
4.954367637634277 180
4.963577747344971 180
4.972499132156372 180
4.982426643371582 180
4.994556903839111 180
5.003941059112549 180
5.01375675201416 180
5.022805452346802 180
5.032719612121582 180
5.042051792144775 180
5.0507354736328125 180
5.0599119663238525 180
5.068578004837036 180
5.07780122756958 180
5.087734937667847 180
5.096349716186523 180
5.104668855667114 180
5.11386251449585 180
5.122792482376099 180
5.132819652557373 180
5.14210844039917 180
5.150864839553833 180
5.160100221633911 180
5.169172525405884 180
5.178256988525391 180
5.1882007122039795 180
5.197440147399902 180
5.205564975738525 180
5.214324474334717 180
5.223993301391602 180
5.233973503112793 180
5.24288010597229 180
5.254029989242554 180
5.263286352157593 180
5.272233247756958 180
5.282078504562378 180
5.2908430099487305 180
5.299967288970947 180
5.308783769607544 180
5.318187475204468 180
5.32733941078186 180
5.3373939990997314 180
5.345547437667847 180
5.3542540073394775 180
5.363470554351807 180
5.372445583343506 180
5.381523609161377 180
5.3948400020599365 180
5.404249906539917 180
5.413562297821045 180
5.423410415649414 180
5.432315349578857 180
5.442260026931763 180
5.450910806655884 180
5.460211277008057 180
5.469364643096924 180
5.478093147277832 180
5.48808479309082 180
5.4983837604522705 180
5.507611036300659 180
5.516280651092529 180
5.525579214096069 180
5.534333944320679 180
5.544106960296631 180
5.553279638290405 180
5.562179803848267 180
5.570891618728638 180
5.580166816711426 180
5.591725826263428 180
5.603652238845825 180
5.615756988525391 180
5.629499673843384 180
5.642763137817383 180
5.654729604721069 180
5.670481204986572 180
5.6856818199157715 180
5.69584846496582 180
5.704566717147827 180
5.713739395141602 180
5.7226722240448 180
5.732268810272217 180
5.742170810699463 180
5.75084662437439 180
5.760833978652954 180
5.769979476928711 180
5.779190540313721 180
5.792578220367432 180
5.801954746246338 180
5.810741186141968 180
5.820126533508301 180
5.82978367805481 180
5.838450193405151 180
5.84843111038208 180
5.8576130867004395 180
5.865782737731934 180
5.874477386474609 180
5.883756875991821 180
5.893734693527222 180
5.9026689529418945 180
5.911974668502808 180
5.920675754547119 180
5.930311918258667 180
5.939708471298218 180
5.949690103530884 180
5.9583375453948975 180
5.967499256134033 180
5.975680112838745 180
5.984411954879761 180
5.994257211685181 180
6.003638029098511 180
6.012614965438843 180
6.0217204093933105 180
6.030499696731567 180
6.040304660797119 180
6.050320863723755 180
6.059622764587402 180
6.0685200691223145 180
6.077738523483276 180
6.085887432098389 180
6.0958380699157715 180
6.104567766189575 180
6.122147083282471 180
6.131245136260986 180
6.1407482624053955 180
6.150608777999878 180
6.159815549850464 180
6.170236825942993 180
6.179941892623901 180
6.192285537719727 180
6.202347040176392 180
6.211522817611694 180
6.220412492752075 180
6.230399131774902 180
6.240192174911499 180
6.250110387802124 180
6.2593138217926025 180
6.2679972648620605 180
6.276902198791504 180
6.284841299057007 180
6.294068336486816 180
6.3042449951171875 180
6.313440799713135 180
6.3223395347595215 180
6.3313703536987305 180
6.340647459030151 180
6.35056471824646 180
6.359886646270752 180
6.3685643672943115 180
6.378092050552368 180
6.387258768081665 180
6.395284414291382 180
6.404892921447754 180
6.414107322692871 180
6.423433303833008 180
6.432510137557983 180
6.441558837890625 180
6.452056407928467 180
6.460783958435059 180
6.469961881637573 180
6.479182243347168 180
6.487984657287598 180
6.496891736984253 180
6.506792783737183 180
6.514724969863892 180
6.5239622592926025 180
6.532900810241699 180
6.542179346084595 180
6.552516460418701 180
6.561822891235352 180
6.570590257644653 180
6.5798022747039795 180
6.588463068008423 180
6.60178279876709 180
6.611972808837891 180
6.6207435131073 180
6.6299169063568115 180
6.63873291015625 180
6.64821195602417 180
6.658361911773682 180
6.667520046234131 180
6.675672292709351 180
6.68569803237915 180
6.694444179534912 180
6.703575134277344 180
6.713585138320923 180
6.723445892333984 180
6.732354640960693 180
6.743448972702026 180
6.752791404724121 180
6.762761116027832 180
6.7719337940216064 180
6.780742645263672 180
6.789979457855225 180
6.798760414123535 180
6.808529615402222 180
6.8178486824035645 180
6.826345920562744 180
6.834709644317627 180
6.843974828720093 180
6.853590726852417 180
6.8634865283966064 180
6.872396230697632 180
6.881486892700195 180
6.890300273895264 180
6.899641036987305 180
6.909564256668091 180
6.918235778808594 180
6.927443027496338 180
6.9355974197387695 180
6.944330215454102 180
6.953701496124268 180
6.964331150054932 180
6.973537445068359 180
6.982453346252441 180
6.994797706604004 180
7.004124641418457 180
7.01413893699646 180
7.02353835105896 180
7.032454967498779 180
7.047642469406128 180
7.055874347686768 180
7.067204713821411 180
7.07489538192749 180
7.084174871444702 180
7.0933661460876465 180
7.102323293685913 180
7.115616321563721 180
7.124337673187256 180
7.133566617965698 180
7.142723798751831 180
7.151793956756592 180
7.161330461502075 180
7.17085862159729 180
7.180009126663208 180
7.188772678375244 180
7.197929859161377 180
7.207329750061035 180
7.217371225357056 180
7.225527286529541 180
7.2342424392700195 180
7.243459701538086 180
7.253451824188232 180
7.262867450714111 180
7.272848844528198 180
7.282010555267334 180
7.29074239730835 180
7.299924850463867 180
7.308619976043701 180
7.318785190582275 180
7.32784366607666 180
7.3369035720825195 180
7.344820976257324 180
7.35397481918335 180
7.362881660461426 180
7.373595952987671 180
7.382678031921387 180
7.391799211502075 180
7.404254913330078 180
7.413526296615601 180
7.423516750335693 180
7.432604551315308 180
7.4419262409210205 180
7.450620889663696 180
7.459805965423584 180
7.470012664794922 180
7.478779315948486 180
7.4878387451171875 180
7.496880292892456 180
7.504838228225708 180
7.513983964920044 180
7.52395224571228 180
7.532837867736816 180
7.541974782943726 180
7.550646543502808 180
7.559974670410156 180
7.575769662857056 180
7.584505558013916 180
7.593698978424072 180
7.602733612060547 180
7.61179780960083 180
7.6219260692596436 180
7.632689476013184 180
7.6419291496276855 180
7.650591611862183 180
7.659761667251587 180
7.669810771942139 180
7.683617353439331 180
7.7236175537109375 180
7.751626014709473 180
7.763573408126831 180
7.777846097946167 180
7.790785074234009 180
7.805540323257446 180
7.814236164093018 180
7.824336528778076 180
7.833628177642822 180
7.842601537704468 180
7.852611541748047 180
7.863231658935547 180
7.872144937515259 180
7.8824827671051025 180
7.8915627002716064 180
7.900381326675415 180
7.909585952758789 180
7.918368339538574 180
7.928262948989868 180
7.93740439414978 180
7.9455647468566895 180
7.954331636428833 180
7.96351957321167 180
7.972426652908325 180
7.9832444190979 180
7.992309093475342 180
8.001341342926025 180
8.010136842727661 180
8.019328594207764 180
8.02875280380249 180
8.037922382354736 180
8.046847343444824 180
8.054795980453491 180
8.064040422439575 180
8.073174953460693 180
8.083660364151001 180
8.092583894729614 180
8.101757287979126 180
8.110554218292236 180
8.119823932647705 180
8.129752397537231 180
8.13859224319458 180
8.147743701934814 180
8.156412124633789 180
8.16470718383789 180
8.173920631408691 180
8.184311866760254 180
8.193504095077515 180
8.207157135009766 180
8.21484899520874 180
8.224266290664673 180
8.234350204467773 180
8.24353551864624 180
8.252621412277222 180
8.261704921722412 180
8.270514488220215 180
8.279806137084961 180
8.290205478668213 180
8.299320459365845 180
8.308010816574097 180
8.317145109176636 180
8.324832916259766 180
8.334892749786377 180
8.344187259674072 180
8.353317737579346 180
8.364116907119751 180
8.37328028678894 180
8.383286952972412 180
8.392712354660034 180
8.402015924453735 180
8.410676956176758 180
8.419853687286377 180
8.428522825241089 180
8.438452959060669 180
8.447601079940796 180
8.456277847290039 180
8.464629650115967 180
8.473848104476929 180
8.48274564743042 180
8.493370532989502 180
8.502339839935303 180
8.511584281921387 180
8.520468950271606 180
8.529653310775757 180
8.539664506912231 180
8.548336029052734 180
8.557480096817017 180
8.565624475479126 180
8.574373006820679 180
8.583709239959717 180
8.59410309791565 180
8.607934713363647 180
8.617294311523438 180
8.625513792037964 180
8.634252071380615 180
8.64417314529419 180
8.653335332870483 180
8.662275075912476 180
8.67092776298523 180
8.680086135864258 180
8.69070839881897 180
8.700369596481323 180
8.709572076797485 180
8.718316793441772 180
8.727463483810425 180
8.735657453536987 180
8.745734453201294 180
8.75443696975708 180
8.763745069503784 180
8.77338981628418 180
8.78232741355896 180
8.792308568954468 180
8.801960229873657 180
8.810672283172607 180
8.819970846176147 180
8.828729391098022 180
8.837801456451416 180
8.847728252410889 180
8.855857372283936 180
8.864587783813477 180
8.874675035476685 180
8.883963108062744 180
8.893941402435303 180
8.903639793395996 180
8.912585020065308 180
8.921684265136719 180
8.930450201034546 180
8.939791917800903 180
8.949765920639038 180
8.958443403244019 180
8.967597007751465 180
8.975780010223389 180
8.984489679336548 180
8.994370460510254 180
9.009238004684448 180
9.018079280853271 180
9.02746057510376 180
9.035650968551636 180
9.047675609588623 180
9.056383609771729 180
9.064731359481812 180
9.073914051055908 180
9.082823038101196 180
9.091977834701538 180
9.101929187774658 180
9.111469984054565 180
9.12039828300476 180
9.129656314849854 180
9.13844108581543 180
9.148251295089722 180
9.157575368881226 180
9.165781736373901 180
9.174477100372314 180
9.183813333511353 180
9.192864894866943 180
9.20284914970398 180
9.212466955184937 180
9.221538782119751 180
9.230344295501709 180
9.23967695236206 180
9.249603509902954 180
9.258245468139648 180
9.267332077026367 180
9.275498867034912 180
9.28421926498413 180
9.29353404045105 180
9.303499460220337 180
9.31280517578125 180
9.321959018707275 180
9.330647945404053 180
9.339831113815308 180
9.349664449691772 180
9.358454704284668 180
9.36760687828064 180
9.377220153808594 180
9.387635469436646 180
9.395793676376343 180
9.410470724105835 180
9.420286178588867 180
9.429576635360718 180
9.43825101852417 180
9.447419166564941 180
9.457476377487183 180
9.465620756149292 180
9.474334716796875 180
9.483611583709717 180
9.492548942565918 180
9.502477884292603 180
9.511552095413208 180
9.520787715911865 180
9.5299973487854 180
9.539191484451294 180
9.548080444335938 180
9.558103084564209 180
9.567242622375488 180
9.574903011322021 180
9.584094047546387 180
9.593276500701904 180
9.603381395339966 180
9.612318515777588 180
9.62175464630127 180
9.630518674850464 180
9.639734029769897 180
9.6483895778656 180
9.658385276794434 180
9.667533874511719 180
9.675879716873169 180
9.685832738876343 180
9.694519758224487 180
9.70442795753479 180
9.713595867156982 180
9.722668170928955 180
9.731734275817871 180
9.740524053573608 180
9.750918865203857 180
9.763952255249023 180
9.777291774749756 180
9.789230823516846 180
9.8007652759552 180
9.819671154022217 180
9.832627534866333 180
9.844324350357056 180
9.85352897644043 180
9.863482236862183 180
9.87238335609436 180
9.881468772888184 180
9.891445636749268 180
9.900357246398926 180
9.910391569137573 180
9.919593811035156 180
9.928898334503174 180
9.937978506088257 180
9.946834802627563 180
9.954752683639526 180
9.964718341827393 180
9.973929405212402 180
9.982835054397583 180
9.992010593414307 180
