0 0
0.004614114761352539 0
0.019577980041503906 0
0.02825760841369629 1
0.038573503494262695 3
0.04782390594482422 5
0.0565190315246582 9
0.06487321853637695 13
0.0742030143737793 19
0.08768415451049805 23
0.09599757194519043 29
0.10486268997192383 36
0.11419034004211426 41
0.12350201606750488 48
0.13257622718811035 55
0.14308786392211914 64
0.15609002113342285 71
0.1649327278137207 79
0.17441773414611816 85
0.1838366985321045 93
0.19391751289367676 100
0.20340275764465332 108
0.21247124671936035 115
0.22172760963439941 123
0.23063182830810547 131
0.2407219409942627 140
0.2506415843963623 146
0.2600576877593994 154
0.26899003982543945 162
0.2781846523284912 169
0.28739500045776367 178
0.2975118160247803 184
0.30577778816223145 190
0.3146388530731201 197
0.3241384029388428 201
0.33348703384399414 205
0.3439805507659912 208
0.35308265686035156 211
0.362485408782959 212
0.3717176914215088 212
0.3807518482208252 211
0.39081335067749023 209
0.40033507347106934 207
0.4096503257751465 204
0.418445348739624 201
0.4277017116546631 197
0.4364750385284424 192
0.4470815658569336 187
0.4556436538696289 182
0.4645369052886963 179
0.47388553619384766 174
0.4829111099243164 172
0.4929060935974121 168
0.5023083686828613 166
0.5110785961151123 164
0.5204358100891113 164
0.5297584533691406 164
0.538517951965332 166
0.5537014007568359 168
0.5629439353942871 170
0.5723476409912109 172
0.5816988945007324 175
0.5918068885803223 178
0.6019251346588135 180
0.6107809543609619 182
0.6201686859130859 184
0.6291162967681885 186
0.6382434368133545 187
0.6482877731323242 188
0.658123254776001 188
0.667426347732544 188
0.6758174896240234 188
0.684675931930542 187
0.6947758197784424 186
0.7041623592376709 184
0.7136516571044922 183
0.722670316696167 182
0.7318816184997559 181
0.7408959865570068 180
0.7509257793426514 179
0.7606196403503418 178
0.7699873447418213 178
0.7787435054779053 177
0.7879254817962646 177
0.7979662418365479 177
0.8070085048675537 177
0.8149888515472412 177
0.8242194652557373 178
0.8334367275238037 178
0.842522382736206 178
0.8524947166442871 179
0.8622803688049316 179
0.8710422515869141 180
0.880234956741333 180
0.8890554904937744 180
0.8989605903625488 180
0.9080259799957275 180
0.9170680046081543 181
0.925023078918457 181
0.9342570304870605 181
0.9434604644775391 181
0.9600687026977539 181
0.969524621963501 181
0.9785220623016357 181
0.9876754283905029 181
0.9958968162536621 181
1.0058865547180176 181
1.0147109031677246 181
1.0239465236663818 181
1.0329153537750244 181
1.0422546863555908 181
1.0522587299346924 181
1.061861515045166 181
1.0707190036773682 181
1.0798990726470947 181
1.0885565280914307 181
1.0989172458648682 181
1.1101365089416504 181
1.1189775466918945 181
1.1290557384490967 181
1.1410095691680908 181
1.154067039489746 181
1.1679656505584717 181
1.180006742477417 181
1.192131519317627 181
1.2056221961975098 181
1.2149581909179688 181
1.224341869354248 181
1.2337009906768799 181
1.242666244506836 181
1.2518177032470703 181
1.261847972869873 181
1.2715234756469727 181
1.2805697917938232 181
1.2898280620574951 181
1.298532247543335 181
1.308562994003296 181
1.3177807331085205 181
1.3260033130645752 181
1.3347735404968262 181
1.3441815376281738 181
1.3591139316558838 181
1.3687355518341064 181
1.3815762996673584 181
1.390481948852539 181
1.3999059200286865 181
1.4097440242767334 181
1.418440341949463 181
1.4281179904937744 181
1.4376921653747559 181
1.445887565612793 181
1.4546568393707275 181
1.4647681713104248 181
1.4744200706481934 181
1.4836721420288086 181
1.494614839553833 181
1.5038299560546875 181
1.5138401985168457 181
1.5228753089904785 181
1.5319955348968506 181
1.5407896041870117 181
1.5500071048736572 181
1.5587639808654785 181
1.5687248706817627 181
1.578061819076538 181
1.5870449542999268 181
1.5949993133544922 181
1.6042256355285645 181
1.6142497062683105 181
1.623603343963623 181
1.6325311660766602 181
1.6417951583862305 181
1.650644302368164 181
1.6598594188690186 181
1.669933557510376 181
1.6795933246612549 181
1.688305139541626 181
1.6976230144500732 181
1.7058618068695068 181
1.7158727645874023 181
1.7246356010437012 181
1.7338426113128662 181
1.7428126335144043 181
1.756035327911377 181
1.766514778137207 181
1.774876356124878 181
1.7845237255096436 181
1.7937753200531006 181
1.8027281761169434 181
1.8118293285369873 181
1.8219568729400635 181
1.8307385444641113 181
1.8399946689605713 181
1.8487412929534912 181
1.8579142093658447 181
1.8679077625274658 181
1.8769702911376953 181
1.8849925994873047 181
1.8942351341247559 181
1.9034314155578613 181
1.912405014038086 181
1.9224178791046143 181
1.9315237998962402 181
1.9405479431152344 181
1.9505257606506348 181
1.959763526916504 181
1.9708716869354248 181
1.9800832271575928 181
1.9898262023925781 181
1.999882698059082 181
2.0086891651153564 181
2.018559455871582 181
2.0277774333953857 181
2.0360031127929688 181
2.044757843017578 181
2.0539777278900146 181
2.0630571842193604 181
2.073439836502075 181
2.0824317932128906 181
2.0921363830566406 181
2.1008694171905518 181
2.110089063644409 181
2.1202480792999268 181
2.129408597946167 181
2.138338088989258 181
2.1475107669830322 181
2.1601407527923584 181
2.1702020168304443 181
2.179673194885254 181
2.188693046569824 181
2.1978986263275146 181
2.2060911655426025 181
2.214817523956299 181
2.2248353958129883 181
2.2345046997070312 181
2.2438321113586426 181
2.2528162002563477 181
2.2619316577911377 181
2.272019863128662 181
2.280864953994751 181
2.290525197982788 181
2.2998604774475098 181
2.3085618019104004 181
2.3177809715270996 181
2.327831268310547 181
2.3360228538513184 181
2.3447678089141846 181
2.3540594577789307 181
2.3631160259246826 181
2.3730175495147705 181
2.382279872894287 181
2.3910317420959473 181
2.4009294509887695 181
2.410162925720215 181
2.419354200363159 181
2.4290781021118164 181
2.438171625137329 181
2.4473350048065186 181
2.4554941654205322 181
2.4643399715423584 181
2.4743010997772217 181
2.4836809635162354 181
2.4926507472991943 181
2.5023608207702637 181
2.5131115913391113 181
2.5223934650421143 181
2.5325284004211426 181
2.5417444705963135 181
2.550591230392456 181
2.5634453296661377 181
2.572549819946289 181
2.5826892852783203 181
2.591909408569336 181
2.6015710830688477 181
2.6104111671447754 181
2.6196959018707275 181
2.6294891834259033 181
2.6382172107696533 181
2.647378921508789 181
2.655103921890259 181
2.664501667022705 181
2.6737074851989746 181
2.683573007583618 181
2.69256591796875 181
2.7022409439086914 181
2.710963487625122 181
2.7203176021575928 181
2.7302896976470947 181
2.739405870437622 181
2.7481913566589355 181
2.757441759109497 181
2.7656121253967285 181
2.774366855621338 181
2.7845566272735596 181
2.793928384780884 181
2.8036773204803467 181
2.812670946121216 181
2.821786403656006 181
2.8317036628723145 181
2.8407089710235596 181
2.849890947341919 181
2.8585641384124756 181
2.867764949798584 181
2.876004934310913 181
2.8860416412353516 181
2.8947901725769043 181
2.904613971710205 181
2.9138407707214355 181
2.9229414463043213 181
2.9329464435577393 181
2.9421546459198 181
2.9521450996398926 181
2.9646759033203125 181
2.974005699157715 181
2.9841058254241943 181
2.9934329986572266 181
3.002415180206299 181
3.0119261741638184 181
3.0222153663635254 181
3.030930280685425 181
3.0408873558044434 181
3.050217628479004 181
3.0590713024139404 181
3.068065881729126 181
3.077397346496582 181
3.0873773097991943 181
3.0950937271118164 181
3.1044323444366455 181
3.1140735149383545 181
3.12304425239563 181
3.1322808265686035 181
3.14239764213562 181
3.1510674953460693 181
3.160262107849121 181
3.169372320175171 181
3.1783039569854736 181
3.1882920265197754 181
3.1976404190063477 181
3.206071138381958 181
3.21989107131958 181
3.2318315505981445 181
3.244473695755005 181
3.257929801940918 181
3.270017147064209 181
3.2820215225219727 181
3.294189214706421 181
3.303415298461914 181
3.3125076293945312 181
3.3223588466644287 181
3.331037998199463 181
3.3409786224365234 181
3.35020112991333 181
3.3627748489379883 181
3.380632162094116 181
3.3907222747802734 181
3.4002883434295654 181
3.4094080924987793 181
3.418635606765747 181
3.4283928871154785 181
3.4403014183044434 181
3.449561595916748 181
3.4582767486572266 181
3.4729158878326416 181
3.482198715209961 181
3.493011236190796 181
3.5023250579833984 181
3.5110950469970703 181
3.5208370685577393 181
3.5301127433776855 181
3.5389819145202637 181
3.548776149749756 181
3.5581464767456055 181
3.5674943923950195 181
3.575749635696411 181
3.5845272541046143 181
3.594498634338379 181
3.603778600692749 181
3.6129486560821533 181
3.6227493286132812 181
3.6319806575775146 181
3.6408166885375977 181
3.650843858718872 181
3.660080909729004 181
3.6689200401306152 181
3.6781246662139893 181
3.6873745918273926 181
3.6975185871124268 181
3.7057478427886963 181
3.714608669281006 181
3.724317789077759 181
3.733656406402588 181
3.7427773475646973 181
3.7528324127197266 181
3.76580548286438 181
3.7745766639709473 181
3.7839229106903076 181
3.7929675579071045 181
3.8031110763549805 181
3.812387466430664 181
3.8211007118225098 181
3.830923557281494 181
3.840141534805298 181
3.850085496902466 181
3.859118700027466 181
3.868128538131714 181
3.8771142959594727 181
3.8850739002227783 181
3.8943660259246826 181
3.9043314456939697 181
3.9137113094329834 181
3.922873020172119 181
3.9320082664489746 181
3.9408228397369385 181
3.9520230293273926 181
3.9609766006469727 181
3.9702022075653076 181
3.979558229446411 181
3.98828125 181
3.998051881790161 181
4.009763479232788 181
4.018524408340454 181
4.027798175811768 181
4.0376670360565186 181
4.045879602432251 181
4.055973291397095 181
4.0647900104522705 181
4.074090957641602 181
4.083061933517456 181
4.092453479766846 181
4.102580547332764 181
4.111796855926514 181
4.120682001113892 181
4.129919052124023 181
4.139650344848633 181
4.148387670516968 181
4.162448167800903 181
4.171807050704956 181
4.180825471878052 181
4.19017481803894 181
4.199061393737793 181
4.208970546722412 181
4.218236446380615 181
4.227478981018066 181
4.237007141113281 181
4.244960784912109 181
4.254991054534912 181
4.264305353164673 181
4.273563385009766 181
4.282679557800293 181
4.291866302490234 181
4.300715446472168 181
4.3107335567474365 181
4.31998348236084 181
4.328752279281616 181
4.338452100753784 181
4.3478028774261475 181
4.357865571975708 181
4.37071418762207 181
4.38000226020813 181
4.388717889785767 181
4.3981544971466064 181
4.412446975708008 181
4.431908845901489 181
4.453950643539429 181
4.472152948379517 181
4.483083486557007 181
4.4923553466796875 181
4.501108407974243 181
4.511464834213257 181
4.528573513031006 181
4.5450732707977295 181
4.554839372634888 181
4.56893253326416 181
4.579345941543579 181
4.588309049606323 181
4.597517490386963 181
4.605900764465332 181
4.614684343338013 181
4.623946666717529 181
4.633878946304321 181
4.6429829597473145 181
4.652680158615112 181
4.661855459213257 181
4.670712947845459 181
4.680692672729492 181
4.689952850341797 181
4.698931455612183 181
4.708004474639893 181
4.716599464416504 181
4.725035190582275 181
4.735062837600708 181
4.7444236278533936 181
4.754089593887329 181
4.763444662094116 181
4.772435665130615 181
4.782380104064941 181
4.791108131408691 181
4.800354480743408 181
4.809711217880249 181
4.81858491897583 181
4.827828884124756 181
4.837897062301636 181
4.846471548080444 181
4.854845762252808 181
4.864138126373291 181
4.8735127449035645 181
4.883671522140503 181
4.8926732540130615 181
4.901844263076782 181
4.9107091426849365 181
4.919903993606567 181
4.928699016571045 181
4.93891716003418 181
4.948765516281128 181
4.958520889282227 181
4.971643447875977 181
4.980634689331055 181
4.990793228149414 181
5.000141859054565 181
5.00896430015564 181
5.0186262130737305 181
5.029412746429443 181
5.039423704147339 181
5.048222303390503 181
5.058079242706299 181
5.067106485366821 181
5.0750579833984375 181
5.085481643676758 181
5.09439754486084 181
5.103644609451294 181
5.112647533416748 181
5.121943473815918 181
5.13092041015625 181
5.140937328338623 181
5.150159120559692 181
5.159823179244995 181
5.1685991287231445 181
5.177944660186768 181
5.18792200088501 181
5.196505784988403 181
5.204887628555298 181
5.214158296585083 181
5.223366975784302 181
5.232365608215332 181
5.242422342300415 181
5.251581907272339 181
5.260983467102051 181
5.270217180252075 181
5.279376029968262 181
5.290284633636475 181
5.302567005157471 181
5.314481973648071 181
5.327946901321411 181
5.341096639633179 181
5.353388547897339 181
5.371407985687256 181
5.383607387542725 181
5.398306131362915 181
5.4078733921051025 181
5.416560411453247 181
5.424965858459473 181
5.434255361557007 181
5.444268465042114 181
5.453504800796509 181
5.462549686431885 181
5.473785400390625 181
5.4829161167144775 181
5.492988348007202 181
5.50221848487854 181
5.51095986366272 181
5.520357608795166 181
5.530388355255127 181
5.539769411087036 181
5.54986047744751 181
5.558568000793457 181
5.568184852600098 181
5.577411413192749 181
5.585651636123657 181
5.595827102661133 181
5.604644060134888 181
5.613866806030273 181
5.622868776321411 181
5.632115125656128 181
5.640892028808594 181
5.651037693023682 181
5.660354375839233 181
5.670077323913574 181
5.679920673370361 181
5.697897911071777 181
5.70651388168335 181
5.714878559112549 181
5.724267244338989 181
5.733487129211426 181
5.742500066757202 181
5.752460718154907 181
5.7616190910339355 181
5.774637937545776 181
5.784130096435547 181
5.793436765670776 181
5.803598642349243 181
5.812597036361694 181
5.821785926818848 181
5.830618619918823 181
5.840421915054321 181
5.8504555225372314 181
5.859771728515625 181
5.868520975112915 181
5.878222227096558 181
5.88749098777771 181
5.895859956741333 181
5.906068801879883 181
5.91483998298645 181
5.924111604690552 181
5.9330735206604 181
5.942320823669434 181
5.953417539596558 181
5.962528228759766 181
5.971627235412598 181
5.9809160232543945 181
5.99014139175415 181
5.999063014984131 181
6.0090625286102295 181
6.0182695388793945 181
6.027533769607544 181
6.036074876785278 181
6.04780387878418 181
6.0577826499938965 181
6.066044092178345 181
6.074846982955933 181
6.084718227386475 181
6.093979835510254 181
6.103946924209595 181
6.112987041473389 181
6.122290134429932 181
6.1310646533966064 181
6.140422105789185 181
6.149658679962158 181
6.159703016281128 181
6.1726202964782715 181
6.182509899139404 181
6.191805124282837 181
6.200857877731323 181
6.210755109786987 181
6.219988107681274 181
6.228750705718994 181
6.23801326751709 181
6.246979713439941 181
6.257385730743408 181
6.265510559082031 181
6.274377107620239 181
6.2841081619262695 181
6.293355464935303 181
6.3024983406066895 181
6.3125159740448 181
6.321827411651611 181
6.330706834793091 181
6.3399622440338135 181
6.348682165145874 181
6.358555793762207 181
6.36778450012207 181
6.376471757888794 181
6.388139963150024 181
6.397507190704346 181
6.405767202377319 181
6.415741205215454 181
6.424539804458618 181
6.433904647827148 181
6.444076299667358 181
6.453056335449219 181
6.463080167770386 181
6.47234582901001 181
6.4810709953308105 181
6.490996599197388 181
6.5020060539245605 181
6.512521982192993 181
6.521664381027222 181
6.530552387237549 181
6.539855718612671 181
6.548558950424194 181
6.557919025421143 181
6.571648120880127 181
6.580624580383301 181
6.5904388427734375 181
6.599846124649048 181
6.608594655990601 181
6.618715763092041 181
6.6279096603393555 181
6.636512517929077 181
6.644874811172485 181
6.6541337966918945 181
6.6641716957092285 181
6.673368215560913 181
6.682515859603882 181
6.69235634803772 181
6.7010955810546875 181
6.710354566574097 181
6.720432758331299 181
6.729677677154541 181
6.738525152206421 181
6.7477734088897705 181
6.755994558334351 181
6.766019344329834 181
6.7748048305511475 181
6.784164667129517 181
6.793388605117798 181
6.802986145019531 181
6.8122475147247314 181
6.822479248046875 181
6.831610202789307 181
6.84054708480835 181
6.8498313426971436 181
6.858688116073608 181
6.868663787841797 181
6.8778674602508545 181
6.886095762252808 181
6.894843578338623 181
6.904559850692749 181
6.9138922691345215 181
6.924030065536499 181
6.933040380477905 181
6.942276239395142 181
6.9524407386779785 181
6.961569547653198 181
6.975001335144043 181
6.984521150588989 181
6.993849754333496 181
7.0037150382995605 181
7.013850450515747 181
7.023751735687256 181
7.032764434814453 181
7.042508840560913 181
7.051635503768921 181
7.060523271560669 181
7.076064109802246 181
7.0848729610443115 181
7.0941102504730225 181
7.103941917419434 181
7.112928152084351 181
7.122945070266724 181
7.132232666015625 181
7.141003847122192 181
7.150214433670044 181
7.159626722335815 181
7.16834020614624 181
7.178295373916626 181
7.187524795532227 181
7.195765018463135 181
7.20502495765686 181
7.214412689208984 181
7.224551677703857 181
7.233842134475708 181
7.242835521697998 181
7.251964807510376 181
7.260770320892334 181
7.270000219345093 181
7.280144929885864 181
7.288954734802246 181
7.298050403594971 181
7.307631731033325 181
7.315892934799194 181
7.3258960247039795 181
7.334692716598511 181
7.344073057174683 181
7.3530378341674805 181
7.3622963428497314 181
7.380147218704224 181
7.392224073410034 181
7.404300212860107 181
7.418005704879761 181
7.430698871612549 181
7.442678689956665 181
7.454622030258179 181
7.464986085891724 181
7.475500583648682 181
7.484403848648071 181
7.493674993515015 181
7.502649784088135 181
7.512315273284912 181
7.523366451263428 181
7.533456802368164 181
7.542490243911743 181
7.551617860794067 181
7.560497283935547 181
7.569784879684448 181
7.579787254333496 181
7.5885419845581055 181
7.597920894622803 181
7.606497764587402 181
7.615821599960327 181
7.624596357345581 181
7.634535312652588 181
7.64386248588562 181
7.652902841567993 181
7.662145376205444 181
7.670879364013672 181
7.680850505828857 181
7.690111875534058 181
7.699376583099365 181
7.70820426940918 181
7.717819452285767 181
7.726542234420776 181
7.736966371536255 181
7.744997024536133 181
7.7542431354522705 181
7.763674974441528 181
7.7775797843933105 181
7.78770899772644 181
7.796045780181885 181
7.8048341274261475 181
7.814068555831909 181
7.823799133300781 181
7.833894491195679 181
7.842877626419067 181
7.85202169418335 181
7.860954523086548 181
7.870159387588501 181
7.879385471343994 181
7.889410018920898 181
7.898206949234009 181
7.907386541366577 181
7.915475368499756 181
7.9248175621032715 181
7.934848785400391 181
7.944973945617676 181
7.954275608062744 181
7.963455438613892 181
7.972400903701782 181
7.981517314910889 181
7.991618871688843 181
8.00060772895813 181
8.00987458229065 181
8.018549919128418 181
8.029569864273071 181
8.03961968421936 181
8.04833722114563 181
8.0576491355896 181
8.065917253494263 181
8.074676752090454 181
8.084596872329712 181
8.093899250030518 181
8.102905750274658 181
8.112114906311035 181
8.121033191680908 181
8.13062071800232 181
8.140615463256836 181
8.149864196777344 181
8.15859603881836 181
8.167813062667847 181
8.180789232254028 181
8.190910577774048 181
8.20027470588684 181
8.209490299224854 181
8.218237400054932 181
8.2275071144104 181
8.238133430480957 181
8.247493505477905 181
8.255705833435059 181
8.264487743377686 181
8.273758888244629 181
8.282703638076782 181
8.292704582214355 181
8.301979303359985 181
8.310819625854492 181
8.320064544677734 181
8.328945875167847 181
8.339799642562866 181
8.34852933883667 181
8.357846736907959 181
8.366072416305542 181
8.379698514938354 181
8.388420820236206 181
8.398540019989014 181
8.407773971557617 181
8.41647720336914 181
8.424856662750244 181
8.43776822090149 181
8.447784900665283 181
8.456000328063965 181
8.464766263961792 181
8.47401237487793 181
8.483071565628052 181
8.494190454483032 181
8.503406286239624 181
8.512501955032349 181
8.521680116653442 181
8.530534029006958 181
8.540222883224487 181
8.550253868103027 181
8.5594003200531 181
8.568324565887451 181
8.58152985572815 181
8.590509414672852 181
8.600743770599365 181
8.609991073608398 181
8.618719816207886 181
8.627920866012573 181
8.637002229690552 181
8.647904872894287 181
8.656977891921997 181
8.664985656738281 181
8.674253940582275 181
8.683444023132324 181
8.692437410354614 181
8.702327013015747 181
8.71104383468628 181
8.720373630523682 181
8.734272480010986 181
8.744819164276123 181
8.754106521606445 181
8.777598142623901 181
8.80079960823059 181
8.814854383468628 181
8.824270725250244 181
8.83364987373352 181
8.844258069992065 181
8.854126453399658 181
8.864017486572266 181
8.873024225234985 181
8.882291793823242 181
8.891057252883911 181
8.90104603767395 181
8.910223960876465 181
8.920769214630127 181
8.930421829223633 181
8.939624547958374 181
8.950753688812256 181
8.960127115249634 181
8.968960046768188 181
8.982646465301514 181
8.99192214012146 181
9.002131938934326 181
9.011029720306396 181
9.020821332931519 181
9.03020715713501 181
9.039400339126587 181
9.048622846603394 181
9.058588027954102 181
9.067822456359863 181
9.078340530395508 181
9.087526321411133 181
9.095768690109253 181
9.105794191360474 181
9.11454463005066 181
9.12380599975586 181
9.132805347442627 181
9.142132997512817 181
9.152539014816284 181
9.161815643310547 181
9.170653581619263 181
9.179864406585693 181
9.18860149383545 181
9.197913885116577 181
9.207911491394043 181
9.21653413772583 181
9.224879026412964 181
9.234139680862427 181
9.243411779403687 181
9.253881216049194 181
9.263034582138062 181
9.27229356765747 181
9.281030416488647 181
9.29036569595337 181
9.299554347991943 181
9.309546947479248 181
9.31841516494751 181
9.327608346939087 181
9.335850954055786 181
9.34466028213501 181
9.353903532028198 181
9.364422082901001 181
9.382135152816772 181
9.391031503677368 181
9.40047574043274 181
9.414634466171265 181
9.434611797332764 181
9.459768772125244 181
9.48777985572815 181
9.508362770080566 181
9.520519971847534 181
9.543541669845581 181
9.563010215759277 181
9.572696447372437 181
9.581854104995728 181
9.590732097625732 181
9.600714683532715 181
9.610038042068481 181
9.61898946762085 181
9.628049373626709 181
9.637070417404175 181
9.645041227340698 181
9.655076742172241 181
9.664833784103394 181
9.674094200134277 181
9.683449506759644 181
9.692544937133789 181
9.702453374862671 181
9.711631059646606 181
9.720507144927979 181
9.729781150817871 181
9.738626718521118 181
9.747873544692993 181
9.757828712463379 181
9.767563343048096 181
9.780217170715332 181
9.789619445800781 181
9.798572063446045 181
9.80866026878357 181
9.818013906478882 181
9.826972723007202 181
9.834964752197266 181
9.84425973892212 181
9.854132413864136 181
9.863671064376831 181
9.873120784759521 181
9.882336616516113 181
9.891059398651123 181
9.900274753570557 181
9.910326957702637 181
9.919696569442749 181
9.928442478179932 181
9.937673091888428 181
9.94779896736145 181
9.95783281326294 181
9.966042518615723 181
9.975759744644165 181
9.984537601470947 181
9.99383020401001 181
