0 0
0.004605531692504883 0
0.01938033103942871 0
0.028939485549926758 1
0.038743019104003906 4
0.05043530464172363 7
0.05938220024108887 10
0.06851458549499512 15
0.07854366302490234 22
0.09091854095458984 30
0.10444426536560059 38
0.11795210838317871 47
0.13061881065368652 55
0.1429896354675293 64
0.15773296356201172 75
0.16997504234313965 84
0.18242740631103516 92
0.19262003898620605 103
0.2067735195159912 110
0.21530485153198242 118
0.22494244575500488 127
0.23488116264343262 133
0.2442615032196045 143
0.2551553249359131 151
0.26475095748901367 158
0.2741672992706299 166
0.28334975242614746 174
0.29270195960998535 182
0.3027794361114502 188
0.3120839595794678 196
0.3212246894836426 202
0.3305954933166504 207
0.34044361114501953 211
0.3499889373779297 214
0.3602161407470703 216
0.3690934181213379 218
0.3786773681640625 218
0.38806939125061035 217
0.396801233291626 215
0.40738987922668457 213
0.4159584045410156 210
0.4248943328857422 207
0.43484950065612793 202
0.44440603256225586 196
0.4546072483062744 192
0.46404409408569336 186
0.47318291664123535 180
0.48271703720092773 175
0.49196839332580566 170
0.5010647773742676 165
0.511235237121582 161
0.5205745697021484 159
0.5298914909362793 156
0.5392358303070068 155
0.548992395401001 155
0.5599827766418457 156
0.5688478946685791 158
0.5782115459442139 159
0.5872802734375 162
0.5954065322875977 169
0.6109614372253418 174
0.6204781532287598 177
0.6299326419830322 182
0.6388299465179443 186
0.6486284732818604 190
0.6587581634521484 193
0.6681346893310547 195
0.6810951232910156 198
0.6904885768890381 198
0.6998269557952881 198
0.7140512466430664 196
0.7341904640197754 191
0.7525532245635986 184
0.7724270820617676 178
0.7860636711120605 174
0.7949810028076172 171
0.8044595718383789 169
0.8138017654418945 165
0.8332748413085938 164
0.8499794006347656 164
0.8590550422668457 164
0.8685071468353271 166
0.8778102397918701 168
0.8879289627075195 170
0.8962855339050293 172
0.9051337242126465 175
0.9144959449768066 178
0.9240329265594482 181
0.9342136383056641 184
0.9439222812652588 186
0.9537038803100586 188
0.9628186225891113 190
0.9721453189849854 191
0.9825220108032227 192
0.9918293952941895 191
1.0052814483642578 190
1.0147531032562256 190
1.0242092609405518 188
1.03452467918396 186
1.0440504550933838 184
1.0539779663085938 181
1.0650410652160645 179
1.0743887424468994 177
1.0844902992248535 176
1.0938289165496826 174
1.103041648864746 174
1.1123130321502686 173
1.1212847232818604 172
1.1307637691497803 173
1.1408727169036865 173
1.1506741046905518 174
1.1602320671081543 175
1.1690869331359863 176
1.178422451019287 178
1.1885135173797607 179
1.197880506515503 180
1.2062406539916992 181
1.2151048183441162 182
1.2245581150054932 182
1.2341053485870361 183
1.244222640991211 184
1.254047155380249 184
1.264960527420044 184
1.274322748184204 183
1.2878434658050537 183
1.2976243495941162 182
1.3063526153564453 182
1.3168308734893799 181
1.325279951095581 180
1.3345799446105957 180
1.3447604179382324 180
1.354048490524292 179
1.363126516342163 179
1.3724522590637207 179
1.3812322616577148 178
1.3914101123809814 178
1.4049582481384277 178
1.4144046306610107 178
1.4238059520721436 178
1.4329643249511719 178
1.442991018295288 179
1.4522004127502441 179
1.462144374847412 179
1.4710173606872559 179
1.480290412902832 179
1.4902007579803467 180
1.4992315769195557 180
1.5083677768707275 180
1.51778244972229 180
1.5260353088378906 180
1.5348379611968994 180
1.5448825359344482 180
1.5541431903839111 180
1.5638694763183594 180
1.5739824771881104 180
1.5831105709075928 180
1.5930495262145996 180
1.602250576019287 180
1.611053466796875 180
1.6203012466430664 180
1.629030704498291 180
1.6383724212646484 180
1.648488998413086 180
1.6576838493347168 180
1.6668057441711426 180
1.675161600112915 180
1.6844146251678467 180
1.6943933963775635 180
1.7037529945373535 180
1.7128703594207764 180
1.7220368385314941 180
1.7308943271636963 180
1.740166187286377 180
1.7501966953277588 180
1.75905179977417 180
1.7682268619537354 180
1.7772905826568604 180
1.7853009700775146 180
1.7953155040740967 180
1.8092854022979736 180
1.8186678886413574 180
1.8279879093170166 180
1.836233377456665 180
1.8462839126586914 180
1.855029582977295 180
1.864243745803833 180
1.8738501071929932 180
1.8829870223999023 180
1.8921175003051758 180
1.902219295501709 180
1.9111404418945312 180
1.9203803539276123 180
1.92926025390625 180
1.9384794235229492 180
1.948638677597046 180
1.9589910507202148 180
1.9719774723052979 180
1.9811360836029053 180
1.9903740882873535 180
2.000375270843506 180
2.0092248916625977 180
2.0183000564575195 180
2.027366876602173 180
2.0353312492370605 180
2.0446629524230957 180
2.054582118988037 180
2.0639898777008057 180
2.0736875534057617 180
2.0863163471221924 180
2.0953519344329834 180
2.107921838760376 180
2.116269826889038 180
2.124995231628418 180
2.1342225074768066 180
2.1432371139526367 180
2.15325665473938 180
2.164936065673828 180
2.1791038513183594 180
2.1913654804229736 180
2.2106525897979736 180
2.2231123447418213 180
2.2352988719940186 180
2.2489731311798096 180
2.260298252105713 180
2.269038438796997 180
2.278616428375244 180
2.287848472595215 180
2.2962191104888916 180
2.306295156478882 180
2.3150794506073 180
2.3243916034698486 180
2.333326816558838 180
2.342568874359131 180
2.3513410091400146 180
2.3619210720062256 180
2.3707971572875977 180
2.3804450035095215 180
2.389286994934082 180
2.398366689682007 180
2.408360242843628 180
2.4177086353302 180
2.426013469696045 180
2.4348087310791016 180
2.4440805912017822 180
2.45310378074646 180
2.4630355834960938 180
2.4722073078155518 180
2.4811739921569824 180
2.4908230304718018 180
2.500115156173706 180
2.510169267654419 180
2.518883228302002 180
2.528090238571167 180
2.5367681980133057 180
2.5451698303222656 180
2.554384708404541 180
2.5645387172698975 180
2.573751449584961 180
2.58272647857666 180
2.593352794647217 180
2.6027252674102783 180
2.616389513015747 180
2.625103235244751 180
2.634460210800171 180
2.6438119411468506 180
2.6528167724609375 180
2.6628127098083496 180
2.6719183921813965 180
2.68078351020813 180
2.690465211868286 180
2.6994032859802246 180
2.7098355293273926 180
2.7187530994415283 180
2.7279810905456543 180
2.736201286315918 180
2.7449564933776855 180
2.754153251647949 180
2.7641713619232178 180
2.7731773853302 180
2.782543659210205 180
2.792081356048584 180
2.800924777984619 180
2.8109261989593506 180
2.8203060626983643 180
2.829024314880371 180
2.8383712768554688 180
2.8473613262176514 180
2.855316162109375 180
2.8652970790863037 180
2.874562978744507 180
2.883768081665039 180
2.893188238143921 180
2.9025869369506836 180
2.9126009941101074 180
2.9213671684265137 180
2.930602550506592 180
2.9397149085998535 180
2.9486396312713623 180
2.9579832553863525 180
2.9679887294769287 180
2.976205348968506 180
2.9849884510040283 180
2.9947690963745117 180
3.0040218830108643 180
3.0186357498168945 180
3.0279805660247803 180
3.0363128185272217 180
3.045067071914673 180
3.0543525218963623 180
3.0643112659454346 180
3.0733377933502197 180
3.082770347595215 180
3.0918517112731934 180
3.103083372116089 180
3.112253427505493 180
3.12229061126709 180
3.1311583518981934 180
3.1404571533203125 180
3.149350643157959 180
3.1583874225616455 180
3.168450355529785 180
3.177823543548584 180
3.1860783100128174 180
3.194861650466919 180
3.204740047454834 180
3.214090347290039 180
3.224132537841797 180
3.2330846786499023 180
3.2422165870666504 180
3.251067876815796 180
3.2623109817504883 180
3.2721803188323975 180
3.2810323238372803 180
3.290282726287842 180
3.2990214824676514 180
3.3100197315216064 180
3.3200435638427734 180
3.328749895095825 180
3.3381025791168213 180
3.3473994731903076 180
3.35536789894104 180
3.3647749423980713 180
3.378080129623413 180
3.3863515853881836 180
3.3951029777526855 180
3.4047954082489014 180
3.418503522872925 180
3.4286019802093506 180
3.4379942417144775 180
3.4462850093841553 180
3.455051898956299 180
3.464301347732544 180
3.4743540287017822 180
3.483323097229004 180
3.4925365447998047 180
3.5018529891967773 180
3.5178444385528564 180
3.540269613265991 180
3.55816388130188 180
3.5807158946990967 180
3.59847354888916 180
3.6225688457489014 180
3.658047676086426 180
3.6786210536956787 180
3.6988723278045654 180
3.7210185527801514 180
3.7427802085876465 180
3.762591600418091 180
3.7847983837127686 180
3.812838077545166 180
3.8227860927581787 180
3.8330583572387695 180
3.842543840408325 180
3.851724863052368 180
3.8609228134155273 180
3.87015700340271 180
3.8801913261413574 180
3.8889641761779785 180
3.898205280303955 180
3.9067647457122803 180
3.915165424346924 180
3.924980640411377 180
3.934889793395996 180
3.944150447845459 180
3.9531304836273193 180
3.9622740745544434 180
3.971144199371338 180
3.981140613555908 180
3.990530014038086 180
3.9996914863586426 180
4.008489608764648 180
4.018054723739624 180
4.026349067687988 180
4.03687596321106 180
4.045230388641357 180
4.054528713226318 180
4.063801288604736 180
4.072793245315552 180
4.082821846008301 180
4.091960191726685 180
4.100966691970825 180
4.110169887542725 180
4.118973970413208 180
4.128737449645996 180
4.13863205909729 180
4.147817611694336 180
4.15618371963501 180
4.164977312088013 180
4.174217700958252 180
4.184366941452026 180
4.193305730819702 180
4.202547550201416 180
4.215087413787842 180
4.225021123886108 180
4.23514723777771 180
4.2490057945251465 180
4.263253211975098 180
4.275213241577148 180
4.28989315032959 180
4.3019537925720215 180
4.314645290374756 180
4.324663162231445 180
4.335116147994995 180
4.344441175460815 180
4.353404998779297 180
4.362660646438599 180
4.373836040496826 180
4.383911848068237 180
4.392970561981201 180
4.402214050292969 180
4.411062717437744 180
4.42030668258667 180
4.431745290756226 180
4.441847324371338 180
4.450720548629761 180
4.460129976272583 180
4.4688451290130615 180
4.47810173034668 180
4.488899230957031 180
4.498152732849121 180
4.507272005081177 180
4.5152647495269775 180
4.524667501449585 180
4.534306526184082 180
4.544640302658081 180
4.556056976318359 180
4.564844608306885 180
4.574126482009888 180
4.583257675170898 180
4.593217611312866 180
4.602445602416992 180
4.61125111579895 180
4.624112606048584 180
4.633929491043091 180
4.64409065246582 180
4.653087377548218 180
4.66225004196167 180
4.67110538482666 180
4.6803507804870605 180
4.690329074859619 180
4.699368000030518 180
4.708570957183838 180
4.717790603637695 180
4.725998640060425 180
4.735273599624634 180
4.745284557342529 180
4.754579305648804 180
4.7639806270599365 180
4.7730872631073 180
4.782247304916382 180
4.792130708694458 180
4.8010008335113525 180
4.810216188430786 180
4.819075107574463 180
4.8282997608184814 180
4.837927579879761 180
4.848067045211792 180
4.856274843215942 180
4.86501145362854 180
4.874258041381836 180
4.883334159851074 180
4.893331050872803 180
4.902724742889404 180
4.911884784698486 180
4.920721530914307 180
4.929999828338623 180
4.9388816356658936 180
4.949416875839233 180
4.958447217941284 180
4.967691421508789 180
4.97592306137085 180
4.984726667404175 180
4.994707345962524 180
5.004088640213013 180
5.013080358505249 180
5.0261571407318115 180
5.034915208816528 180
5.046050071716309 180
5.0548717975616455 180
5.064964056015015 180
5.074251413345337 180
5.083226203918457 180
5.092446565628052 180
5.102541208267212 180
5.111285924911499 180
5.120620965957642 180
5.129855394363403 180
5.138725280761719 180
5.1492414474487305 180
5.158498048782349 180
5.167701959609985 180
5.176028251647949 180
5.1848297119140625 180
5.1941118240356445 180
5.203993797302246 180
5.212975025177002 180
5.222139358520508 180
5.23097562789917 180
5.240783214569092 180
5.251053094863892 180
5.262160778045654 180
5.270996332168579 180
5.280241250991821 180
5.289084196090698 180
5.299371957778931 180
5.3098132610321045 180
5.319812297821045 180
5.328595399856567 180
5.337808847427368 180
5.3460166454315186 180
5.359058141708374 180
5.369032382965088 180
5.378277778625488 180
5.387309551239014 180
5.395299911499023 180
5.4052441120147705 180
5.414568662643433 180
5.42856502532959 180
5.437994718551636 180
5.44633150100708 180
5.457785129547119 180
5.465967893600464 180
5.474762678146362 180
5.4841392040252686 180
5.493121385574341 180
5.503164768218994 180
5.512434482574463 180
5.5211710929870605 180
5.530418395996094 180
5.539695501327515 180
5.5486156940460205 180
5.558971881866455 180
5.568153381347656 180
5.5763514041900635 180
5.585132360458374 180
5.594428539276123 180
5.604507684707642 180
5.613712787628174 180
5.622774124145508 180
5.631865978240967 180
5.640713930130005 180
5.649990558624268 180
5.660676956176758 180
5.669921875 180
5.690716981887817 180
5.7004265785217285 180
5.71856951713562 180
5.741251468658447 180
5.760785102844238 180
5.780503988265991 180
5.789683103561401 180
5.799803733825684 180
5.808742046356201 180
5.826042413711548 180
5.844435691833496 180
5.855334043502808 180
5.865000247955322 180
5.874221086502075 180
5.884330749511719 180
5.893313407897949 180
5.90253472328186 180
5.911715030670166 180
5.920647621154785 180
5.92983078956604 180
5.93999457359314 180
5.948741912841797 180
5.9579267501831055 180
5.967721462249756 180
5.976013898849487 180
5.985900640487671 180
5.994717359542847 180
6.003980875015259 180
6.01295280456543 180
6.022114515304565 180
6.031135559082031 180
6.041131973266602 180
6.050416707992554 180
6.059258699417114 180
6.068895578384399 180
6.0780861377716064 180
6.088233470916748 180
6.096851825714111 180
6.1052680015563965 180
6.114535570144653 180
6.1237568855285645 180
6.132763624191284 180
6.142791509628296 180
6.152060270309448 180
6.160918235778809 180
6.17063570022583 180
6.17985725402832 180
6.18996787071228 180
6.198790073394775 180
6.208118915557861 180
6.21635890007019 180
6.2299089431762695 180
6.248517990112305 180
6.2585084438323975 180
6.2679283618927 180
6.277414560317993 180
6.285376310348511 180
6.295338153839111 180
6.304601430892944 180
6.317345380783081 180
6.329899787902832 180
6.343083143234253 180
6.354978322982788 180
6.368004560470581 180
6.380895376205444 180
6.394032955169678 180
6.406133651733398 180
6.419111013412476 180
6.429394721984863 180
6.438460111618042 180
6.448533535003662 180
6.45792031288147 180
6.466163158416748 180
6.474915027618408 180
6.484622478485107 180
6.494699239730835 180
6.503957748413086 180
6.513091564178467 180
6.522259712219238 180
6.531125783920288 180
6.540388107299805 180
6.550405979156494 180
6.559264421463013 180
6.5685319900512695 180
6.578197240829468 180
6.587283372879028 180
6.5968337059021 180
6.605172634124756 180
6.614423036575317 180
6.62807822227478 180
6.6367857456207275 180
6.646877288818359 180
6.6552722454071045 180
6.6645402908325195 180
6.673761367797852 180
6.683248281478882 180
6.692599534988403 180
6.7026379108428955 180
6.7119104862213135 180
6.720903635025024 180
6.730143785476685 180
6.738857984542847 180
6.748975515365601 180
6.758191108703613 180
6.7667577266693115 180
6.775181770324707 180
6.784899711608887 180
6.794136047363281 180
6.804244518280029 180
6.813318967819214 180
6.823335647583008 180
6.832598447799683 180
6.841345310211182 180
6.8518431186676025 180
6.860714912414551 180
6.870090961456299 180
6.8788230419158936 180
6.888565540313721 180
6.898510932922363 180
6.907821416854858 180
6.916033506393433 180
6.924803018569946 180
6.93412446975708 180
6.943658351898193 180
6.95368218421936 180
6.9627063274383545 180
6.971722602844238 180
6.980833530426025 180
6.990689277648926 180
7.000677824020386 180
7.009941101074219 180
7.018661022186279 180
7.031907558441162 180
7.040896892547607 180
7.051191806793213 180
7.060446262359619 180
7.069270372390747 180
7.078366994857788 180
7.087337970733643 180
7.096272230148315 180
7.106806516647339 180
7.1151816844940186 180
7.124453783035278 180
7.133659601211548 180
7.142652750015259 180
7.152637004852295 180
7.161368370056152 180
7.170695543289185 180
7.179941177368164 180
7.188657999038696 180
7.198299169540405 180
7.208331823348999 180
7.217309951782227 180
7.225342273712158 180
7.234663009643555 180
7.244077920913696 180
7.25416898727417 180
7.264156103134155 180
7.273143291473389 180
7.282285213470459 180
7.291245937347412 180
7.301006078720093 180
7.311007738113403 180
7.3202197551727295 180
7.3303751945495605 180
7.340359210968018 180
7.349669933319092 180
7.359258413314819 180
7.3684728145599365 180
7.377686262130737 180
7.392035722732544 180
7.401393890380859 180
7.411947965621948 180
7.424579620361328 180
7.43400764465332 180
7.4431726932525635 180
7.452536582946777 180
7.462630271911621 180
7.471849203109741 180
7.480722904205322 180
7.489996671676636 180
7.498856782913208 180
7.509383201599121 180
7.518563270568848 180
7.527937650680542 180
7.536186218261719 180
7.5449464321136475 180
7.554262638092041 180
7.564153432846069 180
7.573147296905518 180
7.5823118686676025 180
7.5912885665893555 180
7.600489139556885 180
7.610986948013306 180
7.620241403579712 180
7.6290833950042725 180
7.6383655071258545 180
7.647704124450684 180
7.655902624130249 180
7.665907144546509 180
7.674729347229004 180
7.683959722518921 180
7.692936420440674 180
7.7021403312683105 180
7.712863922119141 180
7.72197413444519 180
7.730880260467529 180
7.74016809463501 180
7.748849868774414 180
7.758182525634766 180
7.768374681472778 180
7.777328252792358 180
7.785296678543091 180
7.794614553451538 180
7.803833484649658 180
7.814246654510498 180
7.828202724456787 180
7.83801531791687 180
7.847700119018555 180
7.85579252243042 180
7.865355014801025 180
7.874638557434082 180
7.883857250213623 180
7.893006801605225 180
7.9021759033203125 180
7.911924123764038 180
7.921867370605469 180
7.930735349655151 180
7.939978361129761 180
7.948840618133545 180
7.9581098556518555 180
7.968126535415649 180
7.976355791091919 180
7.985116243362427 180
7.994379043579102 180
8.00332236289978 180
8.013094425201416 180
8.0232572555542 180
8.032536745071411 180
8.041285276412964 180
8.050503015518188 180
8.059408187866211 180
8.069819688796997 180
8.078624725341797 180
8.087831735610962 180
8.096057176589966 180
8.104827165603638 180
8.11458420753479 180
8.124615669250488 180
8.134000301361084 180
8.142999410629272 180
8.15223741531372 180
8.161030292510986 180
8.170966625213623 180
8.18017840385437 180
8.18901252746582 180
8.198225021362305 180
8.20678186416626 180
8.21517539024353 180
8.23056173324585 180
8.239950180053711 180
8.248879432678223 180
8.258893966674805 180
8.268076419830322 180
8.278176307678223 180
8.28681230545044 180
8.295187950134277 180
8.304431915283203 180
8.313796520233154 180
8.324264287948608 180
8.333205223083496 180
8.342440605163574 180
8.353224754333496 180
8.36247968673706 180
8.37259817123413 180
8.381307125091553 180
8.390508890151978 180
8.401073932647705 180
8.413226842880249 180
8.4281325340271 180
8.440213918685913 180
8.452261447906494 180
8.464142799377441 180
8.478244066238403 180
8.49040150642395 180
8.499261379241943 180
8.508377075195312 180
8.517675399780273 180
8.52814531326294 180
8.536860466003418 180
8.545241832733154 180
8.554638862609863 180
8.563848972320557 180
8.572827100753784 180
8.582902669906616 180
8.592037916183472 180
8.600851058959961 180
8.610271453857422 180
8.619011163711548 180
8.633291482925415 180
8.642640352249146 180
8.651871681213379 180
8.660860776901245 180
8.670283317565918 180
8.680145263671875 180
8.688866138458252 180
8.698111534118652 180
8.706814289093018 180
8.715153932571411 180
8.724390506744385 180
8.738966703414917 180
8.75016975402832 180
8.758884191513062 180
8.76812744140625 180
8.776348114013672 180
8.787946701049805 180
8.797666549682617 180
8.805806398391724 180
8.81464695930481 180
8.82389235496521 180
8.834425926208496 180
8.843664169311523 180
8.854658365249634 180
8.86398458480835 180
8.872978925704956 180
8.882991075515747 180
8.892153978347778 180
8.901054620742798 180
8.910415649414062 180
8.919243812561035 180
8.92849588394165 180
8.939040899276733 180
8.948248863220215 180
8.95685601234436 180
8.96523404121399 180
8.97462797164917 180
8.984655141830444 180
8.993986129760742 180
9.002959728240967 180
9.012085914611816 180
9.020970106124878 180
9.034610986709595 180
9.044381380081177 180
9.053728818893433 180
9.062931299209595 180
9.072136878967285 180
9.08103346824646 180
9.091124773025513 180
9.100332260131836 180
9.109099626541138 180
9.11830472946167 180
9.127258777618408 180
9.137276887893677 180
9.146373748779297 180
9.155112981796265 180
9.164388179779053 180
9.173327922821045 180
9.182591199874878 180
9.192771911621094 180
9.201855421066284 180
9.210880994796753 180
9.220168590545654 180
9.22887635231018 180
9.238881826400757 180
9.248625040054321 180
9.258579015731812 180
9.267937421798706 180
9.276180744171143 180
9.286130666732788 180
9.294963836669922 180
9.304213762283325 180
9.313232421875 180
9.322632789611816 180
9.331873416900635 180
9.341723442077637 180
9.351730346679688 180
9.361850500106812 180
9.370687246322632 180
9.379927396774292 180
9.390092611312866 180
9.40049433708191 180
9.409377813339233 180
9.418429613113403 180
9.431005477905273 180
9.441221714019775 180
9.451213359832764 180
9.46052098274231 180
9.469392776489258 180
9.47849178314209 180
9.487655639648438 180
9.497407913208008 180
9.505361318588257 180
9.514748573303223 180
9.524035215377808 180
9.533031225204468 180
9.543023824691772 180
9.552708625793457 180
9.561412811279297 180
9.570844888687134 180
9.58021330833435 180
9.588919639587402 180
9.599088191986084 180
9.608279466629028 180
9.616880416870117 180
9.625274181365967 180
9.634651184082031 180
9.644575357437134 180
9.654298067092896 180
9.663292646408081 180
9.672499656677246 180
9.681268215179443 180
9.69064736366272 180
9.700650930404663 180
9.710120916366577 180
9.718855857849121 180
9.728081226348877 180
9.73629641532898 180
9.746792316436768 180
9.756295442581177 180
9.765044450759888 180
9.774366617202759 180
9.78332233428955 180
9.792539834976196 180
9.802621364593506 180
9.811884641647339 180
9.820722818374634 180
9.83320164680481 180
9.842642784118652 180
9.85282301902771 180
9.862715482711792 180
9.873810768127441 180
9.882849216461182 180
9.891956329345703 180
9.902050018310547 180
9.9109525680542 180
9.92017912864685 180
9.929020643234253 180
9.938209533691406 180
9.948174238204956 180
9.957190990447998 180
9.966109275817871 180
9.974992275238037 180
9.984225749969482 180
9.993351221084595 180
