0 0
0.006804466247558594 0
0.02067112922668457 0
0.030522823333740234 2
0.040083885192871094 4
0.04935407638549805 7
0.06085371971130371 10
0.07045960426330566 15
0.08006477355957031 20
0.08941197395324707 26
0.0991365909576416 32
0.10946989059448242 38
0.11916017532348633 45
0.12877202033996582 52
0.1399824619293213 59
0.14931058883666992 66
0.15980839729309082 74
0.16914916038513184 81
0.17889046669006348 88
0.1883845329284668 96
0.19803833961486816 105
0.2089219093322754 111
0.21853852272033691 119
0.2282271385192871 128
0.23859357833862305 136
0.24811196327209473 144
0.25852203369140625 152
0.26810431480407715 160
0.27724695205688477 168
0.28677916526794434 175
0.29646921157836914 183
0.3061068058013916 190
0.3164353370666504 196
0.32607507705688477 203
0.33991432189941406 207
0.3493936061859131 210
0.36022257804870605 211
0.36998510360717773 212
0.379352331161499 211
0.3889038562774658 210
0.3984975814819336 208
0.4080195426940918 205
0.4186892509460449 201
0.4282217025756836 196
0.4382205009460449 192
0.4474320411682129 187
0.45702385902404785 182
0.46742701530456543 176
0.48093414306640625 172
0.4906463623046875 169
0.5002231597900391 166
0.509859561920166 164
0.5292751789093018 164
0.5523335933685303 167
0.5757920742034912 172
0.5885133743286133 175
0.598118782043457 178
0.6072673797607422 181
0.6169312000274658 184
0.6349589824676514 188
0.6547536849975586 189
0.6660504341125488 189
0.6751677989959717 189
0.6859562397003174 188
0.6950488090515137 188
0.7046167850494385 186
0.7142481803894043 185
0.7238903045654297 183
0.7385728359222412 181
0.748772144317627 180
0.758345365524292 179
0.7677998542785645 178
0.7772300243377686 177
0.7874808311462402 176
0.7971341609954834 176
0.8067243099212646 176
0.8162448406219482 176
0.8253471851348877 177
0.8348498344421387 177
0.8461587429046631 178
0.8551778793334961 178
0.8646767139434814 179
0.8743278980255127 180
0.8839445114135742 180
0.894474983215332 180
0.903921365737915 181
0.9123783111572266 181
0.9214584827423096 181
0.9309475421905518 181
0.9411661624908447 181
0.951185941696167 181
0.9608287811279297 181
0.970329999923706 181
0.9798436164855957 181
0.9900579452514648 181
0.9993281364440918 181
1.00901198387146 181
1.0186002254486084 181
1.0279757976531982 181
1.0371012687683105 181
1.047426462173462 181
1.0594024658203125 181
1.0689210891723633 181
1.0785441398620605 181
1.0879054069519043 181
1.0982396602630615 181
1.1087031364440918 181
1.1181175708770752 181
1.1272509098052979 181
1.1412866115570068 181
1.1667134761810303 181
1.1824266910552979 181
1.2170534133911133 181
1.2423763275146484 181
1.2670137882232666 181
1.2870392799377441 181
1.3088970184326172 181
1.3289124965667725 181
1.3506076335906982 181
1.372929573059082 181
1.3912501335144043 181
1.414362907409668 181
1.436640977859497 181
1.4551608562469482 181
1.4653522968292236 181
1.475067377090454 181
1.484633207321167 181
1.494248628616333 181
1.5046896934509277 181
1.514807939529419 181
1.525080680847168 181
1.5382423400878906 181
1.548673152923584 181
1.5583631992340088 181
1.5684971809387207 181
1.5788609981536865 181
1.588221788406372 181
1.5973103046417236 181
1.6079447269439697 181
1.6171810626983643 181
1.6266233921051025 181
1.637467622756958 181
1.6472523212432861 181
1.658033847808838 181
1.668008804321289 181
1.6797716617584229 181
1.6922357082366943 181
1.707007646560669 181
1.7194592952728271 181
1.7322909832000732 181
1.7459821701049805 181
1.7598705291748047 181
1.772287130355835 181
1.7813401222229004 181
1.7909789085388184 181
1.8006064891815186 181
1.810924768447876 181
1.8204221725463867 181
1.8299133777618408 181
1.8391823768615723 181
1.8486785888671875 181
1.8589086532592773 181
1.8688790798187256 181
1.878350019454956 181
1.8874495029449463 181
1.8970069885253906 181
1.90714430809021 181
1.9167637825012207 181
1.9262936115264893 181
1.9392876625061035 181
1.948864459991455 181
1.959249496459961 181
1.9703142642974854 181
1.980422019958496 181
1.989964485168457 181
1.999173641204834 181
2.0093586444854736 181
2.0188915729522705 181
2.0282559394836426 181
2.037482738494873 181
2.047109842300415 181
2.0585501194000244 181
2.0679564476013184 181
2.077498197555542 181
2.0869951248168945 181
2.096606492996216 181
2.106111526489258 181
2.1163904666900635 181
2.125784158706665 181
2.134866714477539 181
2.145923137664795 181
2.155085802078247 181
2.165355682373047 181
2.174846887588501 181
2.1848347187042236 181
2.1943092346191406 181
2.2037854194641113 181
2.2141976356506348 181
2.2234227657318115 181
2.2321155071258545 181
2.241138458251953 181
2.25068736076355 181
2.2609593868255615 181
2.2705044746398926 181
2.2805709838867188 181
2.290072202682495 181
2.2993316650390625 181
2.308943271636963 181
2.319087028503418 181
2.3285770416259766 181
2.342043399810791 181
2.35109806060791 181
2.3620617389678955 181
2.3710882663726807 181
2.3806052207946777 181
2.390571355819702 181
2.4001994132995605 181
2.409417152404785 181
2.4199740886688232 181
2.429210901260376 181
2.4389050006866455 181
2.4482855796813965 181
2.457796573638916 181
2.4679598808288574 181
2.4770917892456055 181
2.4869930744171143 181
2.4965109825134277 181
2.5061538219451904 181
2.51641583442688 181
2.525935173034668 181
2.53493595123291 181
2.544372797012329 181
2.5538697242736816 181
2.5629489421844482 181
2.5739905834198 181
2.5824804306030273 181
2.5924224853515625 181
2.601439952850342 181
2.610948085784912 181
2.6212282180786133 181
2.630734443664551 181
2.6403250694274902 181
2.6498513221740723 181
2.660984516143799 181
2.6712515354156494 181
2.6807596683502197 181
2.6906893253326416 181
2.7003517150878906 181
2.7098724842071533 181
2.720177173614502 181
2.7294132709503174 181
2.7433767318725586 181
2.752281665802002 181
2.761342763900757 181
2.7722747325897217 181
2.781303882598877 181
2.7913026809692383 181
2.8009207248687744 181
2.810422658920288 181
2.8208649158477783 181
2.830510377883911 181
2.8400919437408447 181
2.8493587970733643 181
2.8589375019073486 181
2.869129180908203 181
2.8789045810699463 181
2.88834285736084 181
2.898197889328003 181
2.907331705093384 181
2.9168033599853516 181
2.9271388053894043 181
2.936779737472534 181
2.94629168510437 181
2.955889940261841 181
2.9649462699890137 181
2.975090265274048 181
2.9845566749572754 181
2.9941751956939697 181
3.0040717124938965 181
3.012929916381836 181
3.0238687992095947 181
3.0323216915130615 181
3.0413477420806885 181
3.053950309753418 181
3.062434196472168 181
3.0734634399414062 181
3.0823771953582764 181
3.0913774967193604 181
3.101292133331299 181
3.1121890544891357 181
3.1212098598480225 181
3.1313388347625732 181
3.1459317207336426 181
3.1550567150115967 181
3.1659891605377197 181
3.1770546436309814 181
3.186591863632202 181
3.1962242126464844 181
3.206217050552368 181
3.2173540592193604 181
3.227931261062622 181
3.237130880355835 181
3.2466259002685547 181
3.2561028003692627 181
3.26631760597229 181
3.2765917778015137 181
3.286111831665039 181
3.2952980995178223 181
3.3050780296325684 181
3.314544200897217 181
3.3249406814575195 181
3.3364644050598145 181
3.346411943435669 181
3.3560590744018555 181
3.3650259971618652 181
3.3744890689849854 181
3.384814739227295 181
3.3942670822143555 181
3.40370774269104 181
3.413878917694092 181
3.422358751296997 181
3.4339494705200195 181
3.442455530166626 181
3.4514520168304443 181
3.4609572887420654 181
3.4704971313476562 181
3.4849658012390137 181
3.4944639205932617 181
3.5040788650512695 181
3.513986349105835 181
3.5228893756866455 181
3.5342912673950195 181
3.5479254722595215 181
3.557110071182251 181
3.5667288303375244 181
3.576348066329956 181
3.5865976810455322 181
3.5974597930908203 181
3.6073875427246094 181
3.6172680854797363 181
3.6267666816711426 181
3.6370182037353516 181
3.646535634994507 181
3.6561410427093506 181
3.6651418209075928 181
3.6746208667755127 181
3.6848738193511963 181
3.6943321228027344 181
3.703885793685913 181
3.713865280151367 181
3.722417116165161 181
3.733804225921631 181
3.7423043251037598 181
3.751344680786133 181
3.765302896499634 181
3.778146982192993 181
3.792004346847534 181
3.8052966594696045 181
3.8183212280273438 181
3.830859661102295 181
3.8458712100982666 181
3.854905843734741 181
3.8700528144836426 181
3.879415273666382 181
3.8899447917938232 181
3.8993442058563232 181
3.9088478088378906 181
3.9188296794891357 181
3.9282355308532715 181
3.938565969467163 181
3.9514107704162598 181
3.9611167907714844 181
3.9707577228546143 181
3.9804086685180664 181
3.990720510482788 181
4.0003886222839355 181
4.0099265575408936 181
4.019397497177124 181
4.028913974761963 181
4.039211988449097 181
4.048692464828491 181
4.0589659214019775 181
4.06849479675293 181
4.077980995178223 181
4.087093353271484 181
4.097375869750977 181
4.1080474853515625 181
4.117132186889648 181
4.127242088317871 181
4.136847257614136 181
4.1470770835876465 181
4.156590223312378 181
4.166111469268799 181
4.175077676773071 181
4.18461012840271 181
4.1949310302734375 181
4.204400300979614 181
4.213908433914185 181
4.22245717048645 181
4.232845067977905 181
4.243715047836304 181
4.2524049282073975 181
4.261430740356445 181
4.270951271057129 181
4.280474662780762 181
4.290006637573242 181
4.300369739532471 181
4.309879302978516 181
4.3192737102508545 181
4.329305171966553 181
4.338805913925171 181
4.353420734405518 181
4.362308740615845 181
4.371352434158325 181
4.381054401397705 181
4.390706777572632 181
4.400906562805176 181
4.410411357879639 181
4.419914484024048 181
4.42914891242981 181
4.4387547969818115 181
4.449000120162964 181
4.458518028259277 181
4.4678239822387695 181
4.477015733718872 181
4.4864723682403564 181
4.496859788894653 181
4.506525754928589 181
4.516145467758179 181
4.5251641273498535 181
4.535136699676514 181
4.546197891235352 181
4.555498838424683 181
4.56479549407959 181
4.5741918087005615 181
4.583491563796997 181
4.592293977737427 181
4.602874040603638 181
4.611488103866577 181
4.62419056892395 181
4.634066343307495 181
4.643754720687866 181
4.654078722000122 181
4.6629064083099365 181
4.672110319137573 181
4.681143045425415 181
4.690670728683472 181
4.700969457626343 181
4.710445404052734 181
4.7199201583862305 181
4.7292115688323975 181
4.739186525344849 181
4.75390362739563 181
4.762897968292236 181
4.771498203277588 181
4.78119683265686 181
4.790750980377197 181
4.801094055175781 181
4.810589075088501 181
4.820128440856934 181
4.8293962478637695 181
4.839346170425415 181
4.848907709121704 181
4.859317064285278 181
4.868828296661377 181
4.878262996673584 181
4.88738489151001 181
4.896855115890503 181
4.9072277545928955 181
4.916866779327393 181
4.926339626312256 181
4.93576192855835 181
4.945460319519043 181
4.95621657371521 181
4.965193748474121 181
4.974815607070923 181
4.984293460845947 181
4.993908882141113 181
5.004226446151733 181
5.013445138931274 181
5.022191286087036 181
5.031203985214233 181
5.040846824645996 181
5.051863670349121 181
5.062219142913818 181
5.071248769760132 181
5.080764532089233 181
5.090291500091553 181
5.09987998008728 181
5.110146522521973 181
5.119396686553955 181
5.129923343658447 181
5.139214515686035 181
5.153998851776123 181
5.164511442184448 181
5.17414665222168 181
5.1834022998809814 181
5.192091226577759 181
5.201113700866699 181
5.211376667022705 181
5.221014738082886 181
5.230544567108154 181
5.240015745162964 181
5.249939680099487 181
5.260161876678467 181
5.269393682479858 181
5.278974533081055 181
5.288526296615601 181
5.298032283782959 181
5.308289527893066 181
5.317456960678101 181
5.327014446258545 181
5.336609363555908 181
5.346117258071899 181
5.369832515716553 181
5.390232801437378 181
5.400237798690796 181
5.424741744995117 181
5.434332370758057 181
5.44402813911438 181
5.454010725021362 181
5.464324712753296 181
5.480892181396484 181
5.4971022605896 181
5.506849050521851 181
5.524914264678955 181
5.551153898239136 181
5.574093580245972 181
5.595129489898682 181
5.60467267036438 181
5.61415696144104 181
5.623445510864258 181
5.6360108852386475 181
5.656808137893677 181
5.6687867641448975 181
5.678207159042358 181
5.6874754428863525 181
5.69838285446167 181
5.707469463348389 181
5.716986179351807 181
5.726508617401123 181
5.736020088195801 181
5.746525526046753 181
5.764179944992065 181
5.7739105224609375 181
5.782458305358887 181
5.791460037231445 181
5.802093505859375 181
5.811115741729736 181
5.820767879486084 181
5.830254554748535 181
5.84337592124939 181
5.857192754745483 181
5.8759377002716064 181
5.889236211776733 181
5.9048402309417725 181
5.9172303676605225 181
5.92995285987854 181
5.944038391113281 181
5.958307504653931 181
5.968513250350952 181
5.9779698848724365 181
5.987094163894653 181
5.996733665466309 181
6.00702166557312 181
6.016524076461792 181
6.026034116744995 181
6.034994602203369 181
6.044463396072388 181
6.056354522705078 181
6.068165063858032 181
6.078281402587891 181
6.090567350387573 181
6.100820064544678 181
6.115330219268799 181
6.1263039112091064 181
6.135495901107788 181
6.144781112670898 181
6.154852867126465 181
6.164335250854492 181
6.174415111541748 181
6.183913946151733 181
6.19243311882019 181
6.201442718505859 181
6.21229100227356 181
6.221323013305664 181
6.230830430984497 181
6.240501642227173 181
6.250035762786865 181
6.260288715362549 181
6.269798755645752 181
6.279444217681885 181
6.288928985595703 181
6.298536777496338 181
6.308861017227173 181
6.318218231201172 181
6.327354192733765 181
6.3369834423065186 181
6.346462726593018 181
6.360549449920654 181
6.37014365196228 181
6.380289316177368 181
6.389927387237549 181
6.399217367172241 181
6.409477472305298 181
6.419084548950195 181
6.428526163101196 181
6.437847137451172 181
6.446996450424194 181
6.456467390060425 181
6.466851472854614 181
6.476905822753906 181
6.4864561557769775 181
6.495946168899536 181
6.505045652389526 181
6.515489101409912 181
6.524826765060425 181
6.534424543380737 181
6.5438971519470215 181
6.55237889289856 181
6.563422441482544 181
6.572172403335571 181
6.5820934772491455 181
6.591128349304199 181
6.600781679153442 181
6.611084699630737 181
6.621378660202026 181
6.630929470062256 181
6.640464782714844 181
6.6499528884887695 181
6.660845994949341 181
6.670419931411743 181
6.680263519287109 181
6.690556764602661 181
6.700076580047607 181
6.709311485290527 181
6.720088720321655 181
6.729482412338257 181
6.738933086395264 181
6.7483742237091064 181
6.762984275817871 181
6.772329092025757 181
6.781382083892822 181
6.7914018630981445 181
6.8009278774261475 181
6.810478448867798 181
6.820727825164795 181
6.830229997634888 181
6.839841842651367 181
6.849067449569702 181
6.858689308166504 181
6.868927001953125 181
6.8783628940582275 181
6.888339519500732 181
6.89794135093689 181
6.907026767730713 181
6.9173054695129395 181
6.9268200397491455 181
6.9363112449646 181
6.946164131164551 181
6.955492973327637 181
6.964776039123535 181
6.9750306606292725 181
6.984666585922241 181
6.994662523269653 181
7.00414252281189 181
7.013771295547485 181
7.02408766746521 181
7.033419132232666 181
7.042111396789551 181
7.0522801876068115 181
7.061333894729614 181
7.072295904159546 181
7.081327438354492 181
7.090848922729492 181
7.100847959518433 181
7.110324144363403 181
7.120738744735718 181
7.132461071014404 181
7.141455173492432 181
7.150996446609497 181
7.165104150772095 181
7.175981283187866 181
7.185098886489868 181
7.195120096206665 181
7.204610109329224 181
7.214083671569824 181
7.224287033081055 181
7.233757495880127 181
7.242404460906982 181
7.2514307498931885 181
7.261056184768677 181
7.27123761177063 181
7.2807605266571045 181
7.290284156799316 181
7.300236940383911 181
7.3094751834869385 181
7.319067478179932 181
7.329381465911865 181
7.338929176330566 181
7.348339080810547 181
7.357464790344238 181
7.3669843673706055 181
7.37736701965332 181
7.386830806732178 181
7.396338701248169 181
7.406282901763916 181
7.4154980182647705 181
7.425878047943115 181
7.435003042221069 181
7.444475412368774 181
7.453960418701172 181
7.462456226348877 181
7.471452713012695 181
7.482216835021973 181
7.491267204284668 181
7.501469135284424 181
7.511139154434204 181
7.520691633224487 181
7.5309789180755615 181
7.5405659675598145 181
7.550078392028809 181
7.5641820430755615 181
7.573814630508423 181
7.584219932556152 181
7.593462228775024 181
7.602194786071777 181
7.6122448444366455 181
7.6213390827178955 181
7.632354736328125 181
7.642465591430664 181
7.6514434814453125 181
7.660956144332886 181
7.670483589172363 181
7.687068223953247 181
7.696637392044067 181
7.706584692001343 181
7.716857194900513 181
7.726369619369507 181
7.737791061401367 181
7.747020959854126 181
7.757190942764282 181
7.7674949169158936 181
7.778871297836304 181
7.7892091274261475 181
7.799154043197632 181
7.809098720550537 181
7.819027423858643 181
7.828507423400879 181
7.838787078857422 181
7.848165988922119 181
7.857419729232788 181
7.866989850997925 181
7.876466512680054 181
7.886766672134399 181
7.8963847160339355 181
7.905877113342285 181
7.917324066162109 181
7.929896831512451 181
7.944212913513184 181
7.961359024047852 181
7.975473880767822 181
7.989380836486816 181
8.002012968063354 181
8.012218713760376 181
8.022171258926392 181
8.031206369400024 181
8.041403532028198 181
8.052103757858276 181
8.06111216545105 181
8.070664882659912 181
8.080214500427246 181
8.090397357940674 181
8.100064754486084 181
8.109280347824097 181
8.119152307510376 181
8.128675937652588 181
8.138916492462158 181
8.150626182556152 181
8.160285711288452 181
8.169769048690796 181
8.179102659225464 181
8.189427852630615 181
8.198904752731323 181
8.208352088928223 181
8.217918395996094 181
8.22705888748169 181
8.237279891967773 181
8.246781349182129 181
8.256304502487183 181
8.265734195709229 181
8.274914741516113 181
8.284525632858276 181
8.29484224319458 181
8.304332256317139 181
8.313899040222168 181
8.322362661361694 181
8.331392049789429 181
8.342267513275146 181
8.351288795471191 181
8.36606764793396 181
8.375157833099365 181
8.384735822677612 181
8.395153760910034 181
8.404920816421509 181
8.415336608886719 181
8.42472243309021 181
8.434636116027832 181
8.444859027862549 181
8.454481840133667 181
8.463978290557861 181
8.473456859588623 181
8.482205629348755 181
8.492860317230225 181
8.502090454101562 181
8.511088848114014 181
8.520727157592773 181
8.530700445175171 181
8.540920495986938 181
8.550607442855835 181
8.560144424438477 181
8.569382905960083 181
8.578972578048706 181
8.588552236557007 181
8.598888158798218 181
8.608268737792969 181
8.61736249923706 181
8.627341747283936 181
8.642295122146606 181
8.652454853057861 181
8.661484479904175 181
8.671015739440918 181
8.68064832687378 181
8.69095492362976 181
8.70126986503601 181
8.710756301879883 181
8.720284938812256 181
8.730188608169556 181
8.739451169967651 181
8.751411437988281 181
8.766084909439087 181
8.77519679069519 181
8.784817457199097 181
8.795071125030518 181
8.804688692092896 181
8.814208030700684 181
8.823485136032104 181
8.833368062973022 181
8.84205174446106 181
8.8523690700531 181
8.861402034759521 181
8.870885133743286 181
8.880516052246094 181
8.889995574951172 181
8.90020489692688 181
8.909422636032104 181
8.918909788131714 181
8.92886471748352 181
8.93994665145874 181
8.950291872024536 181
8.959787368774414 181
8.96912956237793 181
8.978601217269897 181
8.98795485496521 181
8.998348951339722 181
9.007822513580322 181
9.017003774642944 181
9.026543617248535 181
9.036072492599487 181
9.045969247817993 181
9.057109594345093 181
9.067123413085938 181
9.07659387588501 181
9.08609390258789 181
9.095085859298706 181
9.105433225631714 181
9.114983320236206 181
9.12444519996643 181
9.133921146392822 181
9.143899202346802 181
9.154182434082031 181
9.16722822189331 181
9.17690134048462 181
9.186532497406006 181
9.196143388748169 181
9.206401109695435 181
9.215800523757935 181
9.224867582321167 181
9.234471797943115 181
9.244375228881836 181
9.255987167358398 181
9.264981508255005 181
9.274399518966675 181
9.28391432762146 181
9.292903661727905 181
9.30385160446167 181
9.312371253967285 181
9.321364402770996 181
9.330976009368896 181
9.340803861618042 181
9.350751399993896 181
9.361080884933472 181
9.370649099349976 181
9.380147933959961 181
9.389400243759155 181
9.398895263671875 181
9.40904688835144 181
9.418638944625854 181
9.428074836730957 181
9.437183618545532 181
9.44713044166565 181
9.457910537719727 181
9.46704912185669 181
9.476606845855713 181
9.486134767532349 181
9.49515986442566 181
9.504741430282593 181
9.515164136886597 181
9.524674892425537 181
9.534221410751343 181
9.543456554412842 181
9.553443193435669 181
9.567331552505493 181
9.576978921890259 181
9.586649656295776 181
9.596306324005127 181
9.60549545288086 181
9.61614441871643 181
9.625131845474243 181
9.634674549102783 181
9.644106388092041 181
9.65421986579895 181
9.664576530456543 181
9.674056053161621 181
9.68294620513916 181
9.694283962249756 181
9.703779697418213 181
9.714223146438599 181
9.723498344421387 181
9.732250928878784 181
9.741264343261719 181
9.750802755355835 181
9.762192487716675 181
9.77426290512085 181
9.783496856689453 181
9.792244672775269 181
9.801285743713379 181
9.81205415725708 181
9.821096420288086 181
9.830628871917725 181
9.840261220932007 181
9.849882364273071 181
9.859804630279541 181
9.870132684707642 181
9.879404783248901 181
9.888915538787842 181
9.898512601852417 181
9.907842874526978 181
9.918225049972534 181
9.927326679229736 181
9.936802864074707 181
9.946310043334961 181
9.955965042114258 181
9.970307111740112 181
9.980046510696411 181
9.989393711090088 181
