0 0
0.005911827087402344 0
0.020522356033325195 1
0.029280424118041992 2
0.03855466842651367 3
0.04749417304992676 6
0.05657529830932617 10
0.06684255599975586 13
0.07617735862731934 17
0.0849158763885498 23
0.09441590309143066 29
0.10332870483398438 35
0.11338973045349121 41
0.1228175163269043 47
0.13231921195983887 57
0.14629435539245605 63
0.15581679344177246 71
0.16605639457702637 77
0.17441821098327637 85
0.18335413932800293 93
0.19284892082214355 101
0.2026667594909668 107
0.21214580535888672 115
0.22233152389526367 123
0.2318577766418457 132
0.24097990989685059 138
0.250385046005249 147
0.2593522071838379 155
0.26951169967651367 163
0.27887725830078125 170
0.2882578372955322 178
0.2970621585845947 186
0.30692291259765625 194
0.3168635368347168 201
0.3269672393798828 206
0.33633852005004883 211
0.34546351432800293 215
0.3542184829711914 219
0.36319565773010254 221
0.3733794689178467 222
0.38286280632019043 222
0.3922457695007324 221
0.4041259288787842 219
0.413067102432251 217
0.4232800006866455 213
0.43275904655456543 210
0.44217634201049805 205
0.4513084888458252 201
0.4606587886810303 194
0.4709155559539795 189
0.4801819324493408 183
0.4892849922180176 176
0.49864721298217773 171
0.508474588394165 166
0.5184938907623291 161
0.5279076099395752 157
0.5367653369903564 153
0.5505239963531494 152
0.5595242977142334 151
0.5702004432678223 151
0.5792648792266846 153
0.588597297668457 154
0.5979347229003906 157
0.6069135665893555 161
0.6168079376220703 165
0.6269819736480713 169
0.6362855434417725 173
0.6449739933013916 179
0.6534237861633301 184
0.6627609729766846 189
0.6730508804321289 194
0.6824910640716553 197
0.6918647289276123 200
0.7010283470153809 203
0.7131819725036621 205
0.7280285358428955 204
0.7402510643005371 201
0.7601940631866455 196
0.7771573066711426 189
0.7899682521820068 185
0.7990107536315918 180
0.8091416358947754 175
0.81892991065979 171
0.8290960788726807 167
0.8384203910827637 164
0.8477563858032227 161
0.8567068576812744 160
0.8668386936187744 159
0.878424882888794 159
0.8873615264892578 160
0.896531343460083 161
0.9060249328613281 163
0.9157907962799072 166
0.9259448051452637 169
0.9343357086181641 173
0.9484782218933105 179
0.9579224586486816 183
0.9669811725616455 187
0.9771246910095215 190
0.986520528793335 193
0.9959096908569336 194
1.0044245719909668 196
1.0141167640686035 197
1.0233986377716064 197
1.03407621383667 196
1.0429251194000244 195
1.052293062210083 193
1.0614266395568848 191
1.0707643032073975 187
1.0809428691864014 185
1.090334415435791 181
1.0992686748504639 178
1.1086082458496094 176
1.1183347702026367 173
1.1284496784210205 171
1.137951374053955 169
1.1468956470489502 167
1.1562912464141846 167
1.164947748184204 167
1.1733481884002686 167
1.1834237575531006 167
1.1927270889282227 169
1.202049732208252 170
1.211237907409668 172
1.2210097312927246 175
1.2311716079711914 177
1.240424633026123 179
1.2493481636047363 182
1.2586898803710938 184
1.2681758403778076 186
1.2770161628723145 188
1.2871801853179932 189
1.2965152263641357 190
1.3058807849884033 190
1.3143105506896973 190
1.3259556293487549 190
1.3360569477081299 189
1.3489115238189697 187
1.358396291732788 186
1.3679018020629883 184
1.3781743049621582 182
1.3884234428405762 180
1.397932529449463 178
1.4067931175231934 177
1.4160668849945068 175
1.4243862628936768 174
1.435431718826294 173
1.4434986114501953 173
1.452953815460205 173
1.4623088836669922 173
1.4713187217712402 173
1.4805564880371094 174
1.4906985759735107 175
1.499833583831787 176
1.5089654922485352 177
1.5183072090148926 178
1.528254508972168 179
1.5383272171020508 181
1.547163963317871 182
1.5564329624176025 183
1.5658767223358154 184
1.5742402076721191 185
1.58311128616333 185
1.593092441558838 185
1.6024518013000488 185
1.611771583557129 185
1.6208438873291016 185
1.6306462287902832 184
1.6407060623168945 183
1.649855136871338 183
1.6590476036071777 182
1.6684215068817139 181
1.6773793697357178 180
1.6878173351287842 179
1.6967878341674805 179
1.7060909271240234 178
1.7143981456756592 177
1.7232348918914795 177
1.733025074005127 177
1.7431468963623047 177
1.7569725513458252 178
1.766310691833496 178
1.7758114337921143 179
1.7842991352081299 179
1.7943880558013916 179
1.8031830787658691 180
1.8126802444458008 180
1.8219125270843506 181
1.8311362266540527 181
1.8419556617736816 181
1.8509900569915771 181
1.8601624965667725 181
1.8691799640655518 181
1.8784382343292236 181
1.890129804611206 181
1.8993949890136719 181
1.9089057445526123 181
1.918285846710205 181
1.9271347522735596 181
1.9364099502563477 181
1.9469823837280273 181
1.9562122821807861 181
1.9666688442230225 181
1.9759440422058105 180
1.9843082427978516 180
1.9944262504577637 180
2.003207206726074 180
2.012493133544922 180
2.0214364528656006 180
2.0306320190429688 180
2.040280818939209 180
2.050546884536743 180
2.05926251411438 181
2.068781852722168 181
2.0780467987060547 180
2.0868020057678223 180
2.0969138145446777 180
2.1062209606170654 180
2.114915370941162 180
2.123274087905884 180
2.132537841796875 180
2.1421287059783936 180
2.1568126678466797 180
2.1662025451660156 180
2.1749987602233887 180
2.183364152908325 180
2.1925981044769287 180
2.2025833129882812 180
2.2117695808410645 180
2.2207422256469727 180
2.229849100112915 180
2.238783121109009 180
2.249044418334961 180
2.2582857608795166 180
2.2670013904571533 180
2.276216506958008 180
2.2848758697509766 180
2.2932136058807373 180
2.303264856338501 180
2.312598943710327 180
2.321770668029785 180
2.3317999839782715 180
2.340768575668335 180
2.3512747287750244 180
2.3604135513305664 180
2.3692405223846436 180
2.3784780502319336 180
2.3872244358062744 180
2.3983800411224365 180
2.4077796936035156 180
2.4165892601013184 180
2.4255220890045166 180
2.4334585666656494 180
2.4428329467773438 180
2.4532971382141113 180
2.4625539779663086 180
2.471870183944702 180
2.4808030128479004 180
2.489518165588379 180
2.498731851577759 180
2.508787155151367 180
2.517946481704712 180
2.526784896850586 180
2.5359795093536377 180
2.544358253479004 180
2.559434413909912 180
2.568873405456543 180
2.5782065391540527 180
2.587066411972046 180
2.5962421894073486 180
2.606234073638916 180
2.6144328117370605 180
2.6231932640075684 180
2.6324453353881836 180
2.641423463821411 180
2.6507785320281982 180
2.6612584590911865 180
2.6703782081604004 180
2.6791834831237793 180
2.688392400741577 180
2.6973958015441895 180
2.707817792892456 180
2.7166037559509277 180
2.72574520111084 180
2.733515501022339 180
2.742719888687134 180
2.7519359588623047 180
2.7623088359832764 180
2.7713632583618164 180
2.7807364463806152 180
2.7919557094573975 180
2.8040101528167725 180
2.818162679672241 180
2.8302454948425293 180
2.8421530723571777 180
2.854222536087036 180
2.8689684867858887 180
2.8809545040130615 180
2.8930623531341553 180
2.9026243686676025 180
2.915748119354248 180
2.9234914779663086 180
2.932742118835449 180
2.9419703483581543 180
2.956014633178711 180
2.966627597808838 180
2.975996732711792 180
2.984180450439453 180
2.992966651916504 180
3.0022404193878174 180
3.0124473571777344 180
3.021419048309326 180
3.030643939971924 180
3.03937029838562 180
3.0485637187957764 180
3.0573482513427734 180
3.0684258937835693 180
3.077157974243164 180
3.0865159034729004 180
3.0958659648895264 180
3.104077100753784 180
3.11411714553833 180
3.1229255199432373 180
3.1322343349456787 180
3.141211748123169 180
3.1503748893737793 180
3.159196615219116 180
3.170041084289551 180
3.1789159774780273 180
3.1882619857788086 180
3.19696044921875 180
3.206186056137085 180
3.2162184715270996 180
3.2244393825531006 180
3.233175754547119 180
3.242466926574707 180
3.252480983734131 180
3.262115240097046 180
3.272968053817749 180
3.2822186946868896 180
3.2912282943725586 180
3.3003437519073486 180
3.3092620372772217 180
3.319241523742676 180
3.3291966915130615 180
3.338407039642334 180
3.347360849380493 180
3.360642433166504 180
3.3711555004119873 180
3.3804140090942383 180
3.3899900913238525 180
3.398850917816162 180
3.4080848693847656 180
3.4191486835479736 180
3.4285032749176025 180
3.437501907348633 180
3.4465508460998535 180
3.455479145050049 180
3.4634740352630615 180
3.474919080734253 180
3.4832801818847656 180
3.492640733718872 180
3.5086183547973633 180
3.518622636795044 180
3.5283520221710205 180
3.5371687412261963 180
3.5464999675750732 180
3.555513858795166 180
3.5634779930114746 180
3.5738894939422607 180
3.583106756210327 180
3.5923447608947754 180
3.601287841796875 180
3.6106529235839844 180
3.6206624507904053 180
3.629443883895874 180
3.6386301517486572 180
3.6474735736846924 180
3.656541585922241 180
3.6659209728240967 180
3.675781011581421 180
3.6844849586486816 180
3.6932060718536377 180
3.702472448348999 180
3.711440324783325 180
3.721419334411621 180
3.73078989982605 180
3.7400286197662354 180
3.7579596042633057 180
3.7684342861175537 180
3.7886850833892822 180
3.808323621749878 180
3.8281235694885254 180
3.846897840499878 180
3.8582541942596436 180
3.867079973220825 180
3.8770291805267334 180
3.893895149230957 180
3.9110631942749023 180
3.9218366146087646 180
3.930809259414673 180
3.9398295879364014 180
3.948739528656006 180
3.958829164505005 180
3.9682083129882812 180
3.9769604206085205 180
3.9865968227386475 180
3.9959051609039307 180
4.005934476852417 180
4.014153480529785 180
4.022949457168579 180
4.032277584075928 180
4.041236162185669 180
4.050384521484375 180
4.060332298278809 180
4.069143533706665 180
4.078339099884033 180
4.088191747665405 180
4.096945285797119 180
4.1069176197052 180
4.116188287734985 180
4.124926805496216 180
4.133275032043457 180
4.142548322677612 180
4.156628847122192 180
4.166044235229492 180
4.1743996143341064 180
4.183166265487671 180
4.192923545837402 180
4.202197074890137 180
4.212182998657227 180
4.221223592758179 180
4.230349540710449 180
4.239141225814819 180
4.248386383056641 180
4.258459806442261 180
4.267473220825195 180
4.2764787673950195 180
4.285460710525513 180
4.294381618499756 180
4.303124666213989 180
4.31318998336792 180
4.322469711303711 180
4.33257532119751 180
4.341801881790161 180
4.350768566131592 180
4.360774993896484 180
4.369454622268677 180
4.37871527671814 180
4.389255046844482 180
4.39929461479187 180
4.409242868423462 180
4.418492794036865 180
4.427338361740112 180
4.43644642829895 180
4.445751428604126 180
4.453505039215088 180
4.46349835395813 180
4.472726106643677 180
4.481939315795898 180
4.490928649902344 180
4.500616073608398 180
4.510748624801636 180
4.519961357116699 180
4.528824329376221 180
4.53804874420166 180
4.546793699264526 180
4.560710430145264 180
4.570107460021973 180
4.579108238220215 180
4.588417053222656 180
4.597160339355469 180
4.606853723526001 180
4.617129564285278 180
4.626459836959839 180
4.635376930236816 180
4.643364191055298 180
4.652715682983398 180
4.662698984146118 180
4.672077655792236 180
4.681037664413452 180
4.6903111934661865 180
4.699118137359619 180
4.708813190460205 180
4.718894004821777 180
4.728123664855957 180
4.736853837966919 180
4.746206521987915 180
4.754419803619385 180
4.764391183853149 180
4.773288011550903 180
4.782658576965332 180
4.791831731796265 180
4.800795316696167 180
4.810522556304932 180
4.820376396179199 180
4.829200267791748 180
4.838500022888184 180
4.847337245941162 180
4.8564324378967285 180
4.867477893829346 180
4.879359006881714 180
4.891328573226929 180
4.903505563735962 180
4.918952226638794 180
4.931114435195923 180
4.942544937133789 180
4.96023154258728 180
4.97150993347168 180
4.980901718139648 180
4.9902379512786865 180
4.999111890792847 180
5.008407354354858 180
5.018836259841919 180
5.028218507766724 180
5.037059545516968 180
5.046386480331421 180
5.054999351501465 180
5.063391447067261 180
5.073423624038696 180
5.082664251327515 180
5.091864824295044 180
5.100852966308594 180
5.1101155281066895 180
5.120730400085449 180
5.129475116729736 180
5.138726711273193 180
5.1479339599609375 180
5.156688928604126 180
5.166032791137695 180
5.17602801322937 180
5.184311151504517 180
5.193061590194702 180
5.202317237854004 180
5.211280822753906 180
5.2219672203063965 180
5.231158256530762 180
5.240329027175903 180
5.249135255813599 180
5.258365869522095 180
5.267070055007935 180
5.2769224643707275 180
5.286279678344727 180
5.29502010345459 180
5.303365468978882 180
5.3126232624053955 180
5.324055910110474 180
5.332864999771118 180
5.342122316360474 180
5.351245880126953 180
5.364269733428955 180
5.374302864074707 180
5.3831586837768555 180
5.392538785934448 180
5.401492357254028 180
5.4126269817352295 180
5.422277212142944 180
5.432404279708862 180
5.441387891769409 180
5.450603485107422 180
5.459326505661011 180
5.468683481216431 180
5.4785075187683105 180
5.4873645305633545 180
5.496516942977905 180
5.50545859336853 180
5.519366025924683 180
5.530421733856201 180
5.539198160171509 180
5.5484397411346436 180
5.557401180267334 180
5.5664637088775635 180
5.575445652008057 180
5.58583402633667 180
5.5939247608184814 180
5.6027305126190186 180
5.611974716186523 180
5.620914459228516 180
5.631393909454346 180
5.640660047531128 180
5.649494171142578 180
5.658708095550537 180
5.667952537536621 180
5.676680088043213 180
5.686789035797119 180
5.6959919929504395 180
5.7043256759643555 180
5.71308708190918 180
5.7223286628723145 180
5.732760906219482 180
5.741943597793579 180
5.753270387649536 180
5.768403053283691 180
5.777811527252197 180
5.788028955459595 180
5.796740770339966 180
5.806391000747681 180
5.81640362739563 180
5.8255274295806885 180
5.8361968994140625 180
5.8444085121154785 180
5.853163719177246 180
5.86241340637207 180
5.873272180557251 180
5.883132457733154 180
5.892544507980347 180
5.901479244232178 180
5.910707235336304 180
5.919449806213379 180
5.9286463260650635 180
5.939091444015503 180
5.948431968688965 180
5.9571533203125 180
5.966353416442871 180
5.9749391078948975 180
5.984911680221558 180
5.993255853652954 180
6.0025317668914795 180
6.0119287967681885 180
6.020904541015625 180
6.029979228973389 180
6.040524005889893 180
6.049238681793213 180
6.0584557056427 180
6.067781448364258 180
6.0767223834991455 180
6.086596250534058 180
6.095850467681885 180
6.104054689407349 180
6.112802267074585 180
6.122056007385254 180
6.131117582321167 180
6.141390800476074 180
6.150643825531006 180
6.163161039352417 180
6.172506332397461 180
6.1818623542785645 180
6.192100286483765 180
6.201074838638306 180
6.210353374481201 180
6.219147682189941 180
6.228368043899536 180
6.23874831199646 180
6.248151063919067 180
6.256872653961182 180
6.266075849533081 180
6.2743237018585205 180
6.2830729484558105 180
6.293043375015259 180
6.302331447601318 180
6.311419248580933 180
6.320630073547363 180
6.330626487731934 180
6.341102361679077 180
6.350236654281616 180
6.359120607376099 180
6.368424415588379 180
6.37841534614563 180
6.393315553665161 180
6.403232574462891 180
6.412493944168091 180
6.421450853347778 180
6.430783271789551 180
6.439522743225098 180
6.450347900390625 180
6.459131240844727 180
6.468470573425293 180
6.477180004119873 180
6.4865007400512695 180
6.496537446975708 180
6.505460262298584 180
6.513415813446045 180
6.522703409194946 180
6.53193736076355 180
6.540900945663452 180
6.551366090774536 180
6.564411163330078 180
6.573155403137207 180
6.582546234130859 180
6.591877698898315 180
6.602011203765869 180
6.611154079437256 180
6.620316505432129 180
6.629116773605347 180
6.638292551040649 180
6.648751735687256 180
6.657922029495239 180
6.666789293289185 180
6.676028490066528 180
6.684242486953735 180
6.692994117736816 180
6.702952861785889 180
6.712190628051758 180
6.721163749694824 180
6.730552673339844 180
6.739264965057373 180
6.749965190887451 180
6.758856534957886 180
6.7680816650390625 180
6.776930570602417 180
6.786222219467163 180
6.794436931610107 180
6.804483652114868 180
6.813254117965698 180
6.822518348693848 180
6.831444978713989 180
6.840689659118652 180
6.850811243057251 180
6.860621929168701 180
6.869363784790039 180
6.878573656082153 180
6.889000654220581 180
6.899298667907715 180
6.908658742904663 180
6.917774200439453 180
6.926593780517578 180
6.935736417770386 180
6.944192171096802 180
6.959042072296143 180
6.977319717407227 180
6.989947557449341 180
7.003148555755615 180
7.016148090362549 180
7.028464078903198 180
7.03804349899292 180
7.0467400550842285 180
7.057348012924194 180
7.066425561904907 180
7.075414657592773 180
7.08336877822876 180
7.092737197875977 180
7.102711200714111 180
7.112181663513184 180
7.128273248672485 180
7.137042284011841 180
7.1464152336120605 180
7.156435251235962 180
7.166182994842529 180
7.174459934234619 180
7.183215856552124 180
7.192523717880249 180
7.201470375061035 180
7.2118775844573975 180
7.2208473682403564 180
7.229956150054932 180
7.2387855052948 180
7.248142957687378 180
7.258194923400879 180
7.267993688583374 180
7.2767157554626465 180
7.285971641540527 180
7.294167518615723 180
7.3029351234436035 180
7.312864303588867 180
7.322133541107178 180
7.332207918167114 180
7.341203212738037 180
7.350354194641113 180
7.360265254974365 180
7.3733015060424805 180
7.38271164894104 180
7.392154932022095 180
7.402320623397827 180
7.412332057952881 180
7.4212727546691895 180
7.430530071258545 180
7.439274072647095 180
7.448576211929321 180
7.458542108535767 180
7.468297719955444 180
7.476989507675171 180
7.486205101013184 180
7.494390964508057 180
7.503120422363281 180
7.513146638870239 180
7.522383689880371 180
7.531337261199951 180
7.540537595748901 180
7.549288034439087 180
7.559234380722046 180
7.5686492919921875 180
7.578415632247925 180
7.587131977081299 180
7.596297264099121 180
7.604479074478149 180
7.614899158477783 180
7.623277425765991 180
7.63260555267334 180
7.641945123672485 180
7.650916576385498 180
7.659984588623047 180
7.670005798339844 180
7.6793718338012695 180
7.688701868057251 180
7.6978254318237305 180
7.7065980434417725 180
7.71657133102417 180
7.725523471832275 180
7.733467102050781 180
7.742847681045532 180
7.760662317276001 180
7.776332855224609 180
7.785411596298218 180
7.793354034423828 180
7.8027567863464355 180
7.816025495529175 180
7.824298858642578 180
7.833068132400513 180
7.842309951782227 180
7.851276874542236 180
7.860426664352417 180
7.871419429779053 180
7.881135702133179 180
7.890231609344482 180
7.8991570472717285 180
7.908415794372559 180
7.918394088745117 180
7.927328824996948 180
7.936406850814819 180
7.945381164550781 180
7.953346252441406 180
7.962561845779419 180
7.972553968429565 180
7.982213020324707 180
7.99133038520813 180
8.000549793243408 180
8.009288549423218 180
8.019270896911621 180
8.028605222702026 180
8.037470579147339 180
8.046637058258057 180
8.05588960647583 180
8.064161777496338 180
8.074173927307129 180
8.083374500274658 180
8.0926673412323 180
8.101879835128784 180
8.110936164855957 180
8.120933532714844 180
8.129978656768799 180
8.13887643814087 180
8.148270606994629 180
8.157100200653076 180
8.170942306518555 180
8.180244207382202 180
8.190129518508911 180
8.199057817459106 180
8.208303928375244 180
8.217792749404907 180
8.228050708770752 180
8.23679256439209 180
8.245991945266724 180
8.254225969314575 180
8.263010501861572 180
8.273030281066895 180
8.282251119613647 180
8.292007446289062 180
8.300985336303711 180
8.310061693191528 180
8.31897759437561 180
8.330098390579224 180
8.338929891586304 180
8.348287105560303 180
8.356960773468018 180
8.36611032485962 180
8.37657380104065 180
8.386956453323364 180
8.39663052558899 180
8.405937433242798 180
8.414269924163818 180
8.424182415008545 180
8.432969570159912 180
8.44223666191101 180
8.451180219650269 180
8.460334062576294 180
8.46925163269043 180
8.479261636734009 180
8.488500356674194 180
8.497381448745728 180
8.506480932235718 180
8.515419244766235 180
8.525761365890503 180
8.53404450416565 180
8.542827844619751 180
8.552216291427612 180
8.561222553253174 180
8.573433876037598 180
8.583381414413452 180
8.593312978744507 180
8.602646589279175 180
8.61185622215271 180
8.620805501937866 180
8.630660772323608 180
8.639405250549316 180
8.648797273635864 180
8.65802526473999 180
8.666754484176636 180
8.67676591873169 180
8.686044692993164 180
8.694245338439941 180
8.703385353088379 180
8.712740898132324 180
8.721928119659424 180
8.731967449188232 180
8.74094009399414 180
8.753446102142334 180
8.762685298919678 180
8.772099733352661 180
8.789163827896118 180
8.806840658187866 180
8.826709747314453 180
8.848678588867188 180
8.85857081413269 180
8.867398977279663 180
8.876498460769653 180
8.886237859725952 180
8.901978731155396 180
8.919002532958984 180
8.93063735961914 180
8.939865350723267 180
8.948960065841675 180
8.958958625793457 180
8.972027778625488 180
8.981143951416016 180
8.990360021591187 180
8.999290227890015 180
9.010213851928711 180
9.01902461051941 180
9.029871225357056 180
9.041515827178955 180
9.05552625656128 180
9.068031311035156 180
9.079994440078735 180
9.091892957687378 180
9.106353521347046 180
9.118411540985107 180
9.132581233978271 180
9.142916917800903 180
9.15213656425476 180
9.162189245223999 180
9.171214818954468 180
9.18032693862915 180
9.189263582229614 180
9.198668003082275 180
9.209114789962769 180
9.218345642089844 180
9.227060317993164 180
9.236214399337769 180
9.244924068450928 180
9.25327444076538 180
9.263248682022095 180
9.272485971450806 180
9.281450986862183 180
9.290696620941162 180
9.299416780471802 180
9.310333490371704 180
9.319191694259644 180
9.329262018203735 180
9.338475704193115 180
9.347352027893066 180
9.356426477432251 180
9.366535663604736 180
9.379159688949585 180
9.388483047485352 180
9.398729085922241 180
9.40945553779602 180
9.419463634490967 180
9.42884087562561 180
9.438063383102417 180
9.446784973144531 180
9.456106901168823 180
9.466129779815674 180
9.474351644515991 180
9.483159303665161 180
9.492543935775757 180
9.501509189605713 180
9.511794090270996 180
9.521227359771729 180
9.530324697494507 180
9.539180755615234 180
9.548531532287598 180
9.557363271713257 180
9.567395687103271 180
9.576448440551758 180
9.585788249969482 180
9.594023942947388 180
9.602776050567627 180
9.612890481948853 180
9.622575998306274 180
9.631779432296753 180
9.640770673751831 180
9.649500608444214 180
9.658726453781128 180
9.668824195861816 180
9.678075313568115 180
9.68674921989441 180
9.695937156677246 180
9.704153060913086 180
9.71411943435669 180
9.723298788070679 180
9.732648849487305 180
9.741901397705078 180
9.75088381767273 180
9.760008335113525 180
9.773521184921265 180
9.782879829406738 180
9.792307615280151 180
9.801405668258667 180
9.810604572296143 180
9.820650815963745 180
9.830545902252197 180
9.839229583740234 180
9.848602056503296 180
9.857459306716919 180
9.867106437683105 180
9.87624716758728 180
9.8844313621521 180
9.89322018623352 180
9.902465105056763 180
9.912601232528687 180
9.922555208206177 180
9.932197093963623 180
9.94119906425476 180
9.950330018997192 180
9.95914602279663 180
9.969212532043457 180
9.978593111038208 180
9.987393617630005 180
9.996492385864258 180
