0 0
0.005858182907104492 0
0.02032303810119629 0
0.02958536148071289 2
0.03877520561218262 3
0.047014474868774414 6
0.05711102485656738 9
0.06591510772705078 13
0.07540059089660645 18
0.08451509475708008 23
0.09440898895263672 29
0.10451316833496094 36
0.11386799812316895 40
0.12307548522949219 48
0.13202619552612305 53
0.14141845703125 60
0.15078997611999512 68
0.1611194610595703 76
0.1700000762939453 83
0.1794590950012207 90
0.18873858451843262 96
0.19721555709838867 104
0.20792150497436523 112
0.21642160415649414 120
0.22579717636108398 126
0.23520159721374512 134
0.24436497688293457 143
0.2537243366241455 151
0.26387453079223633 158
0.27324700355529785 166
0.28217315673828125 174
0.29236578941345215 183
0.3016834259033203 191
0.31185102462768555 198
0.3212602138519287 206
0.33020949363708496 215
0.33956122398376465 222
0.3489394187927246 229
0.35900402069091797 239
0.37189531326293945 244
0.38138890266418457 249
0.3909587860107422 252
0.4004707336425781 256
0.41048622131347656 257
0.4196763038635254 258
0.42904067039489746 258
0.4373970031738281 257
0.44628238677978516 255
0.45585060119628906 252
0.4660530090332031 250
0.47540783882141113 246
0.484757661819458 241
0.49390316009521484 236
0.5037028789520264 230
0.5139787197113037 225
0.5232665538787842 218
0.5322191715240479 212
0.541588544845581 206
0.5509262084960938 200
0.5610723495483398 194
0.570098876953125 190
0.5794117450714111 186
0.5888588428497314 184
0.5971736907958984 181
0.6065139770507812 180
0.6169106960296631 179
0.6258420944213867 180
0.6353425979614258 181
0.6443395614624023 183
0.6536974906921387 186
0.6638095378875732 190
0.6751205921173096 195
0.6873695850372314 202
0.70052170753479 208
0.7148857116699219 213
0.7292709350585938 216
0.7414133548736572 219
0.7537281513214111 220
0.773343563079834 220
0.7850856781005859 218
0.7943456172943115 215
0.8057856559753418 212
0.8162987232208252 209
0.825653076171875 206
0.835721492767334 202
0.8454537391662598 198
0.8549017906188965 195
0.8639848232269287 192
0.8742756843566895 190
0.8835763931274414 188
0.8924238681793213 187
0.901674747467041 186
0.9115738868713379 186
0.9216721057891846 186
0.9310986995697021 187
0.9399185180664062 188
0.9492108821868896 189
0.957918643951416 191
0.968407154083252 193
0.977867841720581 195
0.9872646331787109 197
0.9961495399475098 198
1.00590181350708 200
1.015718936920166 201
1.0258963108062744 202
1.0371718406677246 202
1.0464394092559814 202
1.0569243431091309 202
1.0658676624298096 201
1.0759284496307373 200
1.0852267742156982 199
1.0943021774291992 198
1.1035704612731934 196
1.1125102043151855 195
1.123396396636963 194
1.132323980331421 192
1.141629934310913 191
1.1548442840576172 190
1.1639363765716553 189
1.1863484382629395 188
1.2062530517578125 189
1.2260427474975586 190
1.2460505962371826 191
1.2558825016021729 192
1.2653119564056396 192
1.2743330001831055 192
1.283667802810669 193
1.3023011684417725 193
1.3193838596343994 193
1.3291120529174805 193
1.3374247550964355 193
1.3484082221984863 192
1.3564703464508057 192
1.3658504486083984 192
1.3752946853637695 191
1.384392261505127 191
1.3937275409698486 191
1.4036903381347656 190
1.412964105606079 190
1.4219517707824707 190
1.4312639236450195 190
1.439995288848877 190
1.4499821662902832 190
1.459272861480713 190
1.4683785438537598 190
1.476430892944336 190
1.4858763217926025 190
1.49515700340271 190
1.5053739547729492 190
1.5144538879394531 190
1.5237996578216553 190
1.5337581634521484 190
1.542928695678711 190
1.5529828071594238 190
1.5619633197784424 190
1.5744941234588623 190
1.583899736404419 189
1.5933566093444824 189
1.6036224365234375 189
1.612478256225586 188
1.622168779373169 188
1.631967544555664 188
1.6412932872772217 187
1.6501922607421875 187
1.6604714393615723 187
1.669623851776123 187
1.6789398193359375 187
1.6871967315673828 186
1.696012020111084 186
1.7060797214508057 186
1.7155301570892334 186
1.7247636318206787 186
1.735292673110962 186
1.7443015575408936 186
1.7543423175811768 186
1.7637643814086914 186
1.7730705738067627 186
1.7820003032684326 186
1.7913506031036377 186
1.8002071380615234 186
1.8103663921356201 186
1.8194985389709473 186
1.8293101787567139 186
1.840162992477417 186
1.8494327068328857 186
1.8594505786895752 186
1.868969202041626 186
1.8772904872894287 186
1.8861498832702637 186
1.8956327438354492 186
1.905524492263794 186
1.9148797988891602 186
1.9239351749420166 186
1.9337739944458008 186
1.9435575008392334 186
1.9524750709533691 186
1.9637446403503418 186
1.9763603210449219 186
1.9857890605926514 186
1.995232343673706 186
2.0043785572052 186
2.0144002437591553 186
2.0239150524139404 186
2.033267021179199 186
2.042938470840454 186
2.051938533782959 186
2.0619609355926514 186
2.071410894393921 186
2.080343008041382 186
2.089552640914917 186
2.098872423171997 186
2.107144594192505 186
2.117257833480835 185
2.126070261001587 185
2.1354737281799316 184
2.1452953815460205 184
2.154463291168213 184
2.164501905441284 183
2.1737897396087646 183
2.1830620765686035 182
2.1920690536499023 182
2.2013814449310303 182
2.210198163986206 182
2.2201764583587646 182
2.2294554710388184 182
2.2387895584106445 182
2.2484347820281982 182
2.256424903869629 182
2.2669179439544678 182
2.275787115097046 182
2.2851827144622803 182
2.294240951538086 183
2.303408145904541 183
2.3137047290802 182
2.3228442668914795 182
2.3317747116088867 182
2.341912269592285 182
2.351646661758423 182
2.3607630729675293 182
2.371091604232788 182
2.3839292526245117 182
2.3932089805603027 182
2.4021613597869873 182
2.411527156829834 182
2.4215283393859863 182
2.4309279918670654 182
2.439706563949585 182
2.449348211288452 182
2.457911491394043 182
2.4679183959960938 182
2.476301908493042 182
2.4855222702026367 182
2.494943857192993 182
2.5039827823638916 182
2.513124465942383 182
2.523057699203491 182
2.5319430828094482 182
2.5413732528686523 182
2.551272392272949 182
2.560002326965332 182
2.570049285888672 182
2.5792977809906006 182
2.587919235229492 182
2.5963151454925537 182
2.605590343475342 182
2.614985466003418 182
2.625044584274292 182
2.6340701580047607 182
2.6432406902313232 182
2.652927875518799 182
2.6618523597717285 182
2.6719541549682617 182
2.6812565326690674 182
2.6899986267089844 182
2.699298620223999 182
2.7078771591186523 182
2.716308116912842 182
2.7279915809631348 182
2.7363898754119873 182
2.745664596557617 182
2.7593531608581543 182
2.7728092670440674 182
2.7909510135650635 182
2.8032946586608887 182
2.8154263496398926 182
2.829878568649292 182
2.8419666290283203 182
2.8525238037109375 182
2.8630800247192383 182
2.8730294704437256 182
2.8819494247436523 182
2.891291379928589 182
2.9000279903411865 182
2.9093799591064453 182
2.9179999828338623 182
2.9288523197174072 182
2.937103271484375 182
2.9459054470062256 182
2.9552080631256104 182
2.964991807937622 182
2.975186586380005 182
2.9842793941497803 182
2.99352765083313 182
3.0023157596588135 182
3.0115649700164795 182
3.020495891571045 182
3.0307600498199463 182
3.039673328399658 182
3.048933267593384 182
3.057340145111084 182
3.0671546459198 182
3.077174186706543 182
3.0860095024108887 182
3.0954484939575195 182
3.1045117378234863 182
3.1137702465057373 182
3.122854232788086 182
3.133037567138672 182
3.1419498920440674 182
3.1513831615448 182
3.1602253913879395 182
3.1699392795562744 182
3.1839325428009033 182
3.1933329105377197 182
3.20235538482666 182
3.2118470668792725 182
3.22129225730896 182
3.231337070465088 182
3.2401607036590576 182
3.2494585514068604 182
3.258469343185425 181
3.2679858207702637 181
3.27642822265625 181
3.286444664001465 180
3.2958638668060303 180
3.3051865100860596 180
3.3142249584198 180
3.3236231803894043 180
3.333806276321411 180
3.3428597450256348 180
3.351802110671997 180
3.361927032470703 180
3.3715741634368896 180
3.3816072940826416 180
3.3910367488861084 180
3.399815082550049 180
3.4090261459350586 180
3.4173214435577393 180
3.4261274337768555 180
3.436124563217163 180
3.445425033569336 180
3.454815626144409 180
3.463808059692383 180
3.472527265548706 180
3.4834282398223877 180
3.4923365116119385 180
3.5016214847564697 180
3.511049270629883 180
3.5197842121124268 180
3.5290117263793945 180
3.5390894412994385 180
3.547335624694824 180
3.5624423027038574 180
3.571913719177246 180
3.5864038467407227 180
3.5958313941955566 180
3.60524582862854 180
3.614370584487915 180
3.6237475872039795 180
3.6330783367156982 180
3.643162250518799 180
3.6520442962646484 180
3.6613099575042725 180
3.6700620651245117 180
3.6798107624053955 180
3.6899564266204834 180
3.6992056369781494 180
3.707984685897827 180
3.7163889408111572 180
3.7264244556427 180
3.736891746520996 180
3.745832920074463 180
3.755220651626587 180
3.7642412185668945 180
3.7735469341278076 180
3.783127546310425 180
3.793196201324463 180
3.802107095718384 180
3.81152606010437 180
3.820465087890625 180
3.829547166824341 180
3.839555263519287 180
3.8487725257873535 180
3.8570001125335693 180
3.865816593170166 180
3.8772826194763184 180
3.886880397796631 180
3.896486282348633 180
3.905787467956543 180
3.9151101112365723 180
3.9241249561309814 180
3.933406114578247 180
3.943565845489502 180
3.9524731636047363 180
3.961726427078247 180
3.971127986907959 180
3.9840118885040283 180
3.994300603866577 180
4.003684997558594 180
4.0130085945129395 180
4.021906852722168 180
4.031235456466675 180
4.039987564086914 180
4.050078868865967 180
4.059313058853149 180
4.067920446395874 180
4.076326131820679 180
4.0861029624938965 180
4.096151113510132 180
4.105551481246948 180
4.114924907684326 180
4.123969316482544 180
4.133103132247925 180
4.143122911453247 180
4.1548011302948 180
4.163809776306152 180
4.173853874206543 180
4.183114051818848 180
4.192392349243164 180
4.202436923980713 180
4.212480783462524 180
4.221723318099976 180
4.231182336807251 180
4.239938020706177 180
4.249927997589111 180
4.259254693984985 180
4.268996715545654 180
4.279504060745239 180
4.288879156112671 180
4.299408674240112 180
4.308433532714844 180
4.316447019577026 180
4.325706720352173 180
4.335021495819092 180
4.344057559967041 180
4.354218006134033 180
4.363634347915649 180
4.372439861297607 180
4.385152816772461 180
4.395074844360352 180
4.405259132385254 180
4.41451621055603 180
4.423802375793457 180
4.432925462722778 180
4.44179368019104 180
4.451861381530762 180
4.4611382484436035 180
4.4700000286102295 180
4.479279279708862 180
4.4884419441223145 180
4.50397801399231 180
4.522402763366699 180
4.541409015655518 180
4.5635693073272705 180
4.572826385498047 180
4.581984281539917 180
4.591480255126953 180
4.60203218460083 180
4.612978935241699 180
4.622434854507446 180
4.631655931472778 180
4.640900135040283 180
4.649794578552246 180
4.659861087799072 180
4.6691577434539795 180
4.677412271499634 180
4.686215162277222 180
4.695538759231567 180
4.707343816757202 180
4.716147184371948 180
4.725446701049805 180
4.735457897186279 180
4.744434118270874 180
4.754866600036621 180
4.765033483505249 180
4.7741782665252686 180
4.787322282791138 180
4.796127080917358 180
4.80735969543457 180
4.816199064254761 180
4.829350471496582 180
4.8414082527160645 180
4.85413670539856 180
4.866050958633423 180
4.879641056060791 180
4.891852378845215 180
4.903961658477783 180
4.919100761413574 180
4.9313881397247314 180
4.941468715667725 180
4.950748920440674 180
4.960817098617554 180
4.969660520553589 180
4.9789204597473145 180
4.987158536911011 180
4.99599289894104 180
5.005256652832031 180
5.015752553939819 180
5.025047779083252 180
5.034080743789673 180
5.043232679367065 180
5.052178382873535 180
5.062124490737915 180
5.071496248245239 180
5.0803892612457275 180
5.089531660079956 180
5.098783493041992 180
5.10704779624939 180
5.117498397827148 180
5.126274108886719 180
5.135678768157959 180
5.145124197006226 180
5.1541595458984375 180
5.164158344268799 180
5.173346281051636 180
5.18608021736145 180
5.195602655410767 180
5.204980134963989 180
5.215532541275024 180
5.225208044052124 180
5.234223365783691 180
5.243408679962158 180
5.252393007278442 180
5.261630535125732 180
5.271778345108032 180
5.2810378074646 180
5.289858102798462 180
5.299061059951782 180
5.3074562549591064 180
5.318976402282715 180
5.3274312019348145 180
5.337331295013428 180
5.346168756484985 180
5.355444669723511 180
5.365502595901489 180
5.3748884201049805 180
5.383907794952393 180
5.401744604110718 180
5.411084175109863 180
5.421517848968506 180
5.430827617645264 180
5.439683198928833 180
5.448925018310547 180
5.47412109375 180
5.499109268188477 180
5.515177011489868 180
5.5262627601623535 180
5.536041259765625 180
5.545319557189941 180
5.5547590255737305 180
5.5729265213012695 180
5.581866979598999 180
5.59503698348999 180
5.604187488555908 180
5.613709211349487 180
5.624161243438721 180
5.633350133895874 180
5.642167806625366 180
5.653031826019287 180
5.664076805114746 180
5.674220323562622 180
5.683418035507202 180
5.6922688484191895 180
5.701527118682861 180
5.710395097732544 180
5.719529867172241 180
5.7313902378082275 180
5.740179777145386 180
5.749414443969727 180
5.758427143096924 180
5.766438961029053 180
5.776451826095581 180
5.785708427429199 180
5.79519248008728 180
5.80424690246582 180
5.813559532165527 180
5.823574781417847 180
5.832322835922241 180
5.841554880142212 180
5.850822925567627 180
5.859688997268677 180
5.868926763534546 180
5.879014253616333 180
5.887293577194214 180
5.896083116531372 180
5.90539813041687 180
5.9148194789886475 180
5.924882411956787 180
5.934272527694702 180
5.943563461303711 180
5.952328205108643 180
5.961552619934082 180
5.970898389816284 180
5.980915546417236 180
5.993768215179443 180
6.0030388832092285 180
6.012021541595459 180
6.021300792694092 180
6.031938076019287 180
6.041238307952881 180
6.050090551376343 180
6.059316873550415 180
6.067929029464722 180
6.07909631729126 180
6.0897040367126465 180
6.098936557769775 180
6.107166767120361 180
6.1159844398498535 180
6.125259160995483 180
6.135822057723999 180
6.145112991333008 180
6.166147947311401 180
6.175529479980469 180
6.185740232467651 180
6.195200681686401 180
6.204232215881348 180
6.214377403259277 180
6.223698616027832 180
6.2336084842681885 180
6.243327856063843 180
6.252241134643555 180
6.261518478393555 180
6.272150278091431 180
6.282984972000122 180
6.291898727416992 180
6.30120587348938 180
6.310091733932495 180
6.319318532943726 180
6.328434228897095 180
6.339074373245239 180
6.347343444824219 180
6.356184005737305 180
6.365483999252319 180
6.374477863311768 180
6.3844218254089355 180
6.397907495498657 180
6.406309604644775 180
6.41570258140564 180
6.42551064491272 180
6.4355902671813965 180
6.445417642593384 180
6.454519033432007 180
6.463800430297852 180
6.472991228103638 180
6.481889247894287 180
6.491932153701782 180
6.50124192237854 180
6.5100884437561035 180
6.519328594207764 180
6.527930974960327 180
6.537492752075195 180
6.547208309173584 180
6.5559751987457275 180
6.565286159515381 180
6.574413776397705 180
6.584357976913452 180
6.5937042236328125 180
6.602447032928467 180
6.611629009246826 180
6.620831489562988 180
6.62977147102356 180
6.639756441116333 180
6.649489879608154 180
6.6587395668029785 180
6.6669251918792725 180
6.675830364227295 180
6.685909986495972 180
6.695329189300537 180
6.704473257064819 180
6.713731050491333 180
6.722444295883179 180
6.732406854629517 180
6.742457389831543 180
6.752142906188965 180
6.7613842487335205 180
6.770177602767944 180
6.780219793319702 180
6.794073581695557 180
6.803322792053223 180
6.812429904937744 180
6.821774959564209 180
6.831162214279175 180
6.8411126136779785 180
6.850505590438843 180
6.859627723693848 180
6.868997573852539 180
6.877256393432617 180
6.886065721511841 180
6.896117210388184 180
6.905421495437622 180
6.918771028518677 180
6.931168079376221 180
6.944754123687744 180
6.958937883377075 180
6.971212863922119 180
6.983798265457153 180
6.99873948097229 180
7.008857727050781 180
7.017085552215576 180
7.025918006896973 180
7.035219669342041 180
7.045312404632568 180
7.055152177810669 180
7.064240217208862 180
7.073688983917236 180
7.082442998886108 180
7.092519760131836 180
7.101944923400879 180
7.1113903522491455 180
7.120188474655151 180
7.129422426223755 180
7.138435125350952 180
7.148475885391235 180
7.157418251037598 180
7.166172504425049 180
7.175608158111572 180
7.185078859329224 180
7.199572801589966 180
7.209699392318726 180
7.219171762466431 180
7.229301691055298 180
7.237894058227539 180
7.247976303100586 180
7.256385326385498 180
