0 0
0.0046536922454833984 0
0.0240018367767334 0
0.03344988822937012 1
0.04267239570617676 3
0.05196690559387207 6
0.061181068420410156 9
0.0715477466583252 14
0.0805199146270752 19
0.08998632431030273 23
0.09942960739135742 29
0.1082909107208252 35
0.11841917037963867 42
0.12792372703552246 47
0.1373136043548584 53
0.14571428298950195 61
0.15463948249816895 68
0.16481924057006836 75
0.1744062900543213 83
0.18381643295288086 91
0.19385480880737305 97
0.2032761573791504 105
0.21247529983520508 113
0.22270846366882324 121
0.23207974433898926 128
0.24137663841247559 136
0.25054192543029785 145
0.25992679595947266 153
0.2700777053833008 159
0.27947020530700684 168
0.28928637504577637 176
0.2983400821685791 185
0.30869245529174805 193
0.3188340663909912 201
0.32932090759277344 211
0.34143877029418945 222
0.35346174240112305 232
0.36821913719177246 245
0.38030314445495605 254
0.3933835029602051 261
0.4058349132537842 270
0.4231429100036621 274
0.43252086639404297 276
0.4420769214630127 277
0.4513523578643799 278
0.4604012966156006 277
0.47051143646240234 276
0.479947566986084 274
0.48952555656433105 271
0.4994220733642578 267
0.5082859992980957 263
0.5176854133605957 257
0.5278005599975586 253
0.5371646881103516 248
0.5457823276519775 242
0.5547177791595459 235
0.5642702579498291 229
0.5744731426239014 221
0.5838806629180908 215
0.5932927131652832 208
0.603104829788208 201
0.6123964786529541 195
0.6225543022155762 191
0.632009744644165 185
0.6412718296051025 181
0.6502883434295654 178
0.6597194671630859 175
0.6690716743469238 174
0.6792359352111816 173
0.6882448196411133 173
0.6980955600738525 175
0.7074682712554932 176
0.716195821762085 178
0.727116584777832 181
0.7355639934539795 185
0.7444255352020264 190
0.7538168430328369 193
0.7633109092712402 198
0.7724416255950928 203
0.7826755046844482 207
0.7921950817108154 211
0.802067756652832 215
0.8167300224304199 219
0.8272783756256104 220
0.835808515548706 221
0.8446989059448242 222
0.8542358875274658 222
0.8636388778686523 220
0.8767275810241699 218
0.8854227066040039 216
0.8943476676940918 213
0.9042534828186035 209
0.9138040542602539 206
0.9231441020965576 203
0.9333014488220215 199
0.9425089359283447 195
0.9520244598388672 192
0.9612529277801514 189
0.9703977108001709 186
0.9804682731628418 184
0.9898819923400879 182
0.9992382526397705 181
1.0088181495666504 180
1.017991065979004 180
1.0281577110290527 180
1.0375707149505615 180
1.0462398529052734 181
1.0547173023223877 182
1.0640897750854492 183
1.0734829902648926 185
1.0837702751159668 187
1.093287706375122 189
1.1024351119995117 191
1.112278699874878 193
1.121572732925415 195
1.1316885948181152 196
1.1406362056732178 197
1.1502740383148193 198
1.1596899032592773 199
1.168696403503418 199
1.1779086589813232 199
1.1882350444793701 199
1.1976203918457031 198
1.2071189880371094 197
1.220649003982544 196
1.2311999797821045 195
1.240450382232666 193
1.2498342990875244 192
1.2591395378112793 190
1.2682576179504395 189
1.2776401042938232 188
1.2877583503723145 187
1.2970943450927734 186
1.3072583675384521 185
1.3167686462402344 185
1.3254342079162598 185
1.3357248306274414 185
1.344588279724121 185
1.35394287109375 185
1.3632616996765137 185
1.3723831176757812 185
1.3836147785186768 185
1.3930864334106445 186
1.4021296501159668 186
1.4114067554473877 186
1.4208152294158936 187
1.4301941394805908 187
1.4403798580169678 187
1.44978666305542 187
1.4587302207946777 187
1.4680874347686768 187
1.4774219989776611 187
1.4875788688659668 187
1.4962553977966309 187
1.5047123432159424 187
1.5141851902008057 187
1.5239784717559814 187
1.5334994792938232 187
1.5436208248138428 187
1.5527243614196777 187
1.5620760917663574 187
1.5714197158813477 187
1.580383062362671 187
1.5904395580291748 186
1.5999548435211182 186
1.6092796325683594 186
1.6224958896636963 185
1.6320538520812988 185
1.642198085784912 185
1.6516048908233643 185
1.6605169773101807 185
1.6698651313781738 185
1.679126501083374 185
1.689422607421875 185
1.6982789039611816 185
1.7075920104980469 185
1.716261625289917 185
1.7258055210113525 186
1.7444243431091309 186
1.7540128231048584 186
1.7636466026306152 186
1.773266315460205 185
1.7823660373687744 185
1.7942900657653809 185
1.8036303520202637 185
1.8128318786621094 185
1.8222475051879883 185
1.832078456878662 185
1.8422114849090576 184
1.8525152206420898 184
1.8619675636291504 184
1.871321439743042 184
1.8802759647369385 184
1.8896465301513672 183
1.8998451232910156 183
1.9088177680969238 183
1.9179530143737793 183
1.927814245223999 183
1.9371261596679688 183
1.9471635818481445 183
1.9555535316467285 183
1.967116117477417 183
1.9754712581634521 183
1.9843831062316895 184
1.994633436203003 183
2.0040061473846436 183
2.013441801071167 183
2.027435779571533 183
2.037335157394409 183
2.0475456714630127 183
2.056248426437378 183
2.0647099018096924 183
2.0740816593170166 183
2.0834643840789795 183
2.0925614833831787 183
2.1026999950408936 183
2.112149715423584 183
2.121534824371338 183
2.1305270195007324 183
2.1403141021728516 183
2.150413751602173 183
2.159743309020996 183
2.1693005561828613 183
2.1781668663024902 183
2.1874923706054688 183
2.197556257247925 183
2.2062323093414307 183
2.214690923690796 183
2.2240374088287354 183
2.233523368835449 183
2.2434022426605225 183
2.253580331802368 183
2.2626900672912598 183
2.272026538848877 183
2.281205892562866 183
2.2903494834899902 183
2.3004515171051025 183
2.3105523586273193 183
2.3198728561401367 183
2.328814744949341 183
2.338346242904663 183
2.3477814197540283 183
2.359301805496216 183
2.369420051574707 183
2.3783955574035645 183
2.3876888751983643 182
2.3968043327331543 182
2.408156156539917 181
2.424306869506836 181
2.438009023666382 180
2.4520952701568604 180
2.4640538692474365 179
2.4775209426879883 179
2.4896199703216553 179
2.50258469581604 180
2.5146594047546387 180
2.5240116119384766 180
2.533423900604248 180
2.5431361198425293 180
2.553252696990967 180
2.5623257160186768 180
2.5715560913085938 180
2.5804543495178223 180
2.5898706912994385 180
2.5987911224365234 180
2.609097957611084 180
2.6179401874542236 180
2.6272592544555664 180
2.635701894760132 180
2.645646333694458 180
2.6556692123413086 180
2.6645195484161377 180
2.6738858222961426 180
2.683129072189331 180
2.6921722888946533 180
2.701416254043579 180
2.7116851806640625 180
2.7206051349639893 180
2.7335994243621826 180
2.7426247596740723 180
2.7522737979888916 180
2.7706093788146973 180
2.790361166000366 180
2.8080687522888184 180
2.8317437171936035 180
2.842773675918579 180
2.8526315689086914 180
2.8618710041046143 180
2.880624532699585 180
2.8979604244232178 180
2.907601833343506 180
2.916248083114624 180
2.9246630668640137 180
2.933985948562622 180
2.944011688232422 180
2.9538915157318115 180
2.963134765625 180
2.97220778465271 180
2.9814038276672363 180
2.9913578033447266 180
3.000284194946289 180
3.0097389221191406 180
3.0185110569000244 180
3.027883768081665 180
3.0372166633605957 180
3.0473146438598633 180
3.056854486465454 180
3.065457582473755 180
3.0742993354797363 180
3.0836024284362793 180
3.0937068462371826 180
3.1027755737304688 180
3.1120500564575195 180
3.1208322048187256 180
3.130415678024292 180
3.1404261589050293 180
3.1497833728790283 180
3.159672498703003 180
3.1685073375701904 180
3.1784939765930176 180
3.1879124641418457 180
3.1992311477661133 180
3.208056688308716 180
3.2178361415863037 180
3.2314226627349854 180
3.24157977104187 180
3.2519948482513428 180
3.2608089447021484 180
3.272646427154541 180
3.2818915843963623 180
3.29245924949646 180
3.3028085231781006 180
3.3132336139678955 180
3.322283983230591 180
3.332308769226074 180
3.3427953720092773 180
3.352132558822632 180
3.3618948459625244 180
3.3708150386810303 180
3.3821163177490234 180
3.3914411067962646 180
3.401588201522827 180
3.4104745388031006 180
3.4198801517486572 180
3.4293341636657715 180
3.4381520748138428 180
3.448195457458496 180
3.4575183391571045 180
3.4672577381134033 180
3.4755492210388184 180
3.484396457672119 180
3.493797540664673 180
3.503871202468872 180
3.513183116912842 180
3.5222201347351074 180
3.5314316749572754 180
3.540393590927124 180
3.5505731105804443 180
3.559877395629883 180
3.569611072540283 180
3.5783848762512207 180
3.593165397644043 180
3.603271484375 180
3.6125786304473877 180
3.6257829666137695 180
3.6346452236175537 180
3.644059658050537 180
3.654292345046997 180
3.6636171340942383 180
3.6740036010742188 180
3.683480739593506 180
3.692601203918457 180
3.7026264667510986 180
3.7119200229644775 180
3.720766067504883 180
3.7301506996154785 180
3.7394726276397705 180
3.7483396530151367 180
3.758495807647705 180
3.7677910327911377 180
3.7776339054107666 180
3.786750555038452 180
3.794773578643799 180
3.8054869174957275 180
3.8143835067749023 180
3.8236939907073975 180
3.8328254222869873 180
3.842169761657715 180
3.8523545265197754 180
3.861647367477417 180
3.8705060482025146 180
3.880308151245117 180
3.890366554260254 180
3.899671792984009 180
3.9098095893859863 180
3.918811082839966 180
3.9279356002807617 180
3.937411069869995 180
3.9457335472106934 180
3.9557881355285645 180
3.9646379947662354 180
3.974065065383911 180
3.983860969543457 180
3.9931447505950928 180
4.002225160598755 180
4.012399673461914 180
4.025550127029419 180
4.0344319343566895 180
4.043905735015869 180
4.0539796352386475 180
4.063418388366699 180
4.072634935379028 180
4.082381725311279 180
4.091716051101685 180
4.100646018981934 180
4.11070990562439 180
4.120056390762329 180
4.1293840408325195 180
4.138180255889893 180
4.147522926330566 180
4.157659530639648 180
4.16670298576355 180
4.174765110015869 180
4.184554576873779 180
4.193875789642334 180
4.2032880783081055 180
4.213440656661987 180
4.222459554672241 180
4.2316789627075195 180
4.24059796333313 180
4.249879598617554 180
4.259750127792358 180
4.268824338912964 180
4.2779436111450195 180
4.287680625915527 180
4.316206932067871 180
4.332052230834961 180
4.3534629344940186 180
4.363800764083862 180
4.373271703720093 180
4.382448673248291 180
4.3924031257629395 180
4.401635408401489 180
4.413508176803589 180
4.4225921630859375 180
4.4357123374938965 180
4.444540977478027 180
4.454111576080322 180
4.464423894882202 180
4.473745584487915 180
4.482851266860962 180
4.495378255844116 180
4.508445501327515 180
4.522240161895752 180
4.534204959869385 180
4.547252655029297 180
4.559423923492432 180
4.57318639755249 180
4.5845324993133545 180
4.594418287277222 180
4.603765487670898 180
4.613830804824829 180
4.623147964477539 180
4.632333993911743 180
4.6415698528289795 180
4.6505208015441895 180
4.659867763519287 180
4.669865369796753 180
4.679128408432007 180
4.688147068023682 180
4.69780969619751 180
4.706852912902832 180
4.717333555221558 180
4.725666284561157 180
4.734519004821777 180
4.7438695430755615 180
4.753261566162109 180
4.762428283691406 180
4.772557497024536 180
4.781750917434692 180
4.790671348571777 180
4.800473213195801 180
4.809894800186157 180
4.819913625717163 180
4.83280086517334 180
4.84221076965332 180
4.851650238037109 180
4.860676527023315 180
4.870758056640625 180
4.880035638809204 180
4.889358997344971 180
4.898531913757324 180
4.907831907272339 180
4.919110298156738 180
4.929392099380493 180
4.938204050064087 180
4.947508335113525 180
4.955777883529663 180
4.964619874954224 180
4.97476601600647 180
4.9841954708099365 180
4.993629455566406 180
5.003407716751099 180
5.0124475955963135 180
5.022493124008179 180
5.031743764877319 180
5.04066276550293 180
5.05008602142334 180
5.059390068054199 180
5.0681891441345215 180
5.078310489654541 180
5.087627410888672 180
5.09625244140625 180
5.105726957321167 180
5.119435787200928 180
5.129687547683716 180
5.138715744018555 180
5.14790940284729 180
5.157232761383057 180
5.165691614151001 180
5.175812482833862 180
5.1846559047698975 180
5.193980693817139 180
5.204044580459595 180
5.213380575180054 180
5.223445892333984 180
5.2374889850616455 180
5.2462828159332275 180
5.254742383956909 180
5.2641918659210205 180
5.274250745773315 180
5.283620119094849 180
5.2927772998809814 180
5.302104473114014 180
5.312485694885254 180
5.321761131286621 180
5.331864833831787 180
5.340704917907715 180
5.350125312805176 180
5.359449625015259 180
5.3683693408966064 180
5.378525972366333 180
5.387789726257324 180
5.39707350730896 180
5.405500888824463 180
5.415340900421143 180
5.425579786300659 180
5.435577869415283 180
5.444438934326172 180
5.453757286071777 180
5.4628424644470215 180
5.472265958786011 180
5.482220649719238 180
5.491444826126099 180
5.500501871109009 180
5.5098021030426025 180
5.5195794105529785 180
5.540670156478882 180
5.562686204910278 180
5.5722901821136475 180
5.597496747970581 180
5.606308460235596 180
5.615784406661987 180
5.624743938446045 180
5.640821933746338 180
5.650396108627319 180
5.659778356552124 180
5.669705390930176 180
5.678670883178711 180
5.689244508743286 180
5.6980507373809814 180
5.7075090408325195 180
5.717295169830322 180
5.725809812545776 180
5.73826265335083 180
5.747535943984985 180
5.7570788860321045 180
5.765485763549805 180
5.77432656288147 180
5.784438133239746 180
5.794542551040649 180
5.8039000034332275 180
5.813245058059692 180
5.822809457778931 180
5.83316445350647 180
5.842258930206299 180
5.8514628410339355 180
5.860391855239868 180
5.869716167449951 180
5.878512859344482 180
5.889132976531982 180
5.89803671836853 180
5.907330513000488 180
5.915660619735718 180
5.9255290031433105 180
5.935632705688477 180
5.944467067718506 180
5.953917980194092 180
5.963200092315674 180
5.972258567810059 180
5.9814133644104 180
5.9916017055511475 180
6.000550031661987 180
6.009961366653442 180
6.0194079875946045 180
6.03271484375 180
6.043244361877441 180
6.0524256229400635 180
6.061749696731567 180
6.070774555206299 180
6.080041170120239 180
6.090077877044678 180
6.099516868591309 180
6.108311176300049 180
6.117606163024902 180
6.126754283905029 180
6.135740280151367 180
6.146714925765991 180
6.154775857925415 180
6.16416597366333 180
6.173495531082153 180
6.182597398757935 180
6.192820072174072 180
6.2021191120147705 180
6.211308002471924 180
6.220304250717163 180
6.230091571807861 180
6.240131855010986 180
6.249608278274536 180
6.258387327194214 180
6.267695188522339 180
6.27716588973999 180
6.285521030426025 180
6.295834541320801 180
6.308456182479858 180
6.317733287811279 180
6.3295722007751465 180
6.345416069030762 180
6.3543055057525635 180
6.363625526428223 180
6.37277626991272 180
6.382110118865967 180
6.392203092575073 180
6.4014246463775635 180
6.410831689834595 180
6.420163154602051 180
6.433630466461182 180
6.4439051151275635 180
6.453340291976929 180
6.462529182434082 180
6.471846342086792 180
6.480639934539795 180
6.490058183670044 180
6.50014591217041 180
6.509464263916016 180
6.518270015716553 180
6.527554035186768 180
6.537367105484009 180
6.547484874725342 180
6.555777549743652 180
6.564607620239258 180
6.577850818634033 180
6.590334415435791 180
6.603525161743164 180
6.615828990936279 180
6.629237651824951 180
6.641698837280273 180
6.655517101287842 180
6.66455602645874 180
6.6740217208862305 180
6.68335485458374 180
6.69243597984314 180
6.702409744262695 180
6.711631536483765 180
6.720495700836182 180
6.729937791824341 180
6.743109464645386 180
6.752830266952515 180
6.762243986129761 180
6.7714197635650635 180
6.780333995819092 180
6.790560960769653 180
6.800777912139893 180
6.810254096984863 180
6.81961989402771 180
6.828402757644653 180
6.841683864593506 180
6.854348659515381 180
6.863792419433594 180
6.873109817504883 180
6.882198095321655 180
6.891403675079346 180
6.901494741439819 180
6.910495042800903 180
6.919790506362915 180
6.929119825363159 180
6.938030481338501 180
6.947819948196411 180
6.95796537399292 180
6.967389345169067 180
6.975713729858398 180
6.984557390213013 180
6.9938600063323975 180
7.004006385803223 180
7.013400554656982 180
7.022486925125122 180
7.031921625137329 180
7.04073429107666 180
7.050350666046143 180
7.060549259185791 180
7.069880962371826 180
7.078811168670654 180
7.088018417358398 180
7.0973546504974365 180
7.107446908950806 180
7.11574387550354 180
7.124585866928101 180
7.133904457092285 180
7.1431498527526855 180
7.153668642044067 180
7.163116216659546 180
7.172177076339722 180
7.181366443634033 180
7.190429210662842 180
7.199735641479492 180
7.20996618270874 180
7.219278573989868 180
7.2280824184417725 180
7.241312503814697 180
7.250393629074097 180
7.2613654136657715 180
7.270392417907715 180
