0 0
0.0060427188873291016 0
0.019775867462158203 0
0.02979254722595215 1
0.03966927528381348 4
0.05022144317626953 7
0.06008195877075195 11
0.07054734230041504 16
0.08012890815734863 21
0.08981204032897949 27
0.1004939079284668 33
0.1100623607635498 39
0.1195833683013916 45
0.12922930717468262 52
0.1389017105102539 59
0.14828944206237793 66
0.15888595581054688 74
0.1690387725830078 81
0.17832350730895996 89
0.18834280967712402 97
0.19786739349365234 105
0.20832610130310059 113
0.21785593032836914 120
0.22733163833618164 128
0.23648858070373535 136
0.24600720405578613 144
0.25635480880737305 153
0.2660055160522461 163
0.278118371963501 169
0.28774547576904297 181
0.30120062828063965 189
0.3120441436767578 198
0.32143187522888184 206
0.3305051326751709 215
0.34015965461730957 223
0.3498971462249756 232
0.3602259159088135 240
0.3698132038116455 248
0.37978267669677734 254
0.3894474506378174 261
0.3989887237548828 268
0.40940022468566895 273
0.4189119338989258 278
0.4283435344696045 282
0.4378397464752197 284
0.4474167823791504 286
0.45781445503234863 287
0.46734023094177246 287
0.47730112075805664 285
0.48645758628845215 283
0.49599504470825195 280
0.5064349174499512 276
0.5160610675811768 271
0.5256340503692627 267
0.5351691246032715 262
0.5442554950714111 256
0.5539488792419434 250
0.5645933151245117 243
0.5739395618438721 236
0.5840063095092773 231
0.5935497283935547 224
0.603102445602417 217
0.6133456230163574 211
0.6230313777923584 206
0.6319823265075684 201
0.6410834789276123 195
0.6501789093017578 191
0.6604712009429932 187
0.6700239181518555 183
0.6813523769378662 180
0.6904263496398926 177
0.7050409317016602 176
0.7154808044433594 176
0.7250597476959229 176
0.7340865135192871 177
0.7436501979827881 178
0.7531414031982422 179
0.7634224891662598 181
0.7730278968811035 183
0.783534049987793 186
0.7932741641998291 189
0.8029284477233887 191
0.8133978843688965 194
0.8230140209197998 196
0.8315455913543701 198
0.8405530452728271 200
0.8500909805297852 202
0.8596217632293701 203
0.8699960708618164 205
0.8795952796936035 205
0.8896780014038086 206
0.8992090225219727 206
0.908501386642456 206
0.9189796447753906 206
0.9284114837646484 205
0.9379138946533203 205
0.9474318027496338 203
0.9565877914428711 203
0.9671330451965332 201
0.9762401580810547 200
0.9863762855529785 198
0.9958908557891846 197
1.005425214767456 195
1.0157310962677002 194
1.0252602100372314 192
1.0342891216278076 191
1.0439717769622803 190
1.0535409450531006 189
1.0630912780761719 187
1.0735721588134766 187
1.083061933517456 186
1.093001365661621 185
1.1062591075897217 185
1.1165263652801514 184
1.1262311935424805 184
1.1358444690704346 184
1.1453227996826172 184
1.154284954071045 183
1.1638915538787842 183
1.1741490364074707 183
1.183610200881958 183
1.1936757564544678 184
1.203263759613037 184
1.212531566619873 184
1.223926067352295 184
1.2363226413726807 183
1.2490289211273193 183
1.2625455856323242 183
1.2762620449066162 184
1.2890396118164062 184
1.3039178848266602 183
1.3163926601409912 183
1.3292734622955322 183
1.338862657546997 183
1.348264455795288 183
1.3576931953430176 183
1.3670101165771484 183
1.377298355102539 183
1.3870675563812256 183
1.3969993591308594 183
1.406221866607666 183
1.4156861305236816 183
1.4259142875671387 183
1.4354288578033447 183
1.4445698261260986 183
1.4538934230804443 183
1.4634404182434082 183
1.4737095832824707 183
1.4831783771514893 183
1.4920363426208496 183
1.5060677528381348 183
1.5156338214874268 183
1.5259068012237549 183
1.5355048179626465 183
1.5448150634765625 183
1.5538389682769775 183
1.5632522106170654 183
1.5733485221862793 183
1.5829758644104004 183
1.5915584564208984 183
1.60152268409729 183
1.6105353832244873 183
1.620063066482544 183
1.6303539276123047 183
1.6398289203643799 183
1.6495099067687988 183
1.6589939594268799 183
1.6682982444763184 183
1.6785354614257812 183
1.689028263092041 183
1.6982736587524414 183
1.7083311080932617 183
1.7177963256835938 183
1.7281084060668945 183
1.737621545791626 183
1.7470066547393799 183
1.7561352252960205 183
1.765686273574829 183
1.775177240371704 183
1.7854626178741455 183
1.794581651687622 183
1.8038239479064941 183
1.8149631023406982 183
1.8240492343902588 183
1.8343994617462158 183
1.843780279159546 183
1.8532893657684326 183
1.8625264167785645 183
1.8712589740753174 183
1.8815679550170898 183
1.8905186653137207 183
1.9000873565673828 183
1.9151573181152344 183
1.924238681793213 183
1.9350416660308838 183
1.9441413879394531 183
1.9535775184631348 183
1.9642765522003174 183
1.9737887382507324 183
1.984069585800171 183
1.9935388565063477 183
2.0031490325927734 183
2.0132124423980713 183
2.0224785804748535 183
2.033024549484253 183
2.0415143966674805 183
2.050518035888672 183
2.0600526332855225 183
2.0696816444396973 183
2.079200029373169 183
2.0894386768341064 183
2.098893404006958 183
2.1081292629241943 183
2.117741346359253 183
2.1273579597473145 183
2.137782573699951 183
2.14717698097229 183
2.1562788486480713 182
2.165811538696289 182
2.175337314605713 181
2.1855738162994385 181
2.195190191268921 181
2.2043895721435547 181
2.2137703895568848 180
2.223266363143921 180
2.2320501804351807 179
2.2430806159973145 179
2.2515645027160645 179
2.2605502605438232 179
2.2700507640838623 179
2.2796218395233154 179
2.2899012565612793 179
2.2993805408477783 178
2.3135766983032227 179
2.324535369873047 179
2.3359837532043457 179
2.345555543899536 179
2.3550286293029785 179
2.3642420768737793 179
2.3738386631011963 179
2.3832898139953613 179
2.39359974861145 179
2.40301775932312 179
2.4114463329315186 179
2.4220240116119385 179
2.4305877685546875 179
2.441338062286377 179
2.450361967086792 179
2.459792375564575 179
2.469269275665283 179
2.47847056388855 179
2.489030361175537 179
2.4982526302337646 179
2.507856845855713 179
2.517207622528076 179
2.526569366455078 179
2.536078453063965 179
2.546354293823242 179
2.5557525157928467 179
2.5652482509613037 179
2.5741777420043945 179
2.5835728645324707 179
2.593803882598877 179
2.6033074855804443 179
2.6124775409698486 179
2.6210885047912598 179
2.631162643432617 179
2.641369342803955 179
2.6503617763519287 179
2.6598410606384277 179
2.669468879699707 179
2.6789278984069824 179
2.689223051071167 179
2.6994309425354004 179
2.7131991386413574 179
2.722822666168213 179
2.7325961589813232 179
2.7431929111480713 179
2.7520036697387695 179
2.760563611984253 179
2.77013897895813 179
2.7795519828796387 179
2.7891042232513428 179
2.799314022064209 179
2.808495044708252 179
2.8179056644439697 179
2.827235460281372 179
2.838061571121216 179
2.8483123779296875 179
2.8577423095703125 179
2.8671443462371826 179
2.87617564201355 179
2.8856866359710693 179
2.8960583209991455 179
2.9056739807128906 179
2.9151878356933594 179
2.9241559505462646 179
2.933879852294922 179
2.9433348178863525 179
2.953538656234741 179
2.9630954265594482 179
2.971571445465088 179
2.9804985523223877 179
2.9899539947509766 179
3.0001158714294434 179
3.0095643997192383 179
3.0189831256866455 179
3.028371810913086 179
3.0382933616638184 179
3.048525333404541 179
3.058035373687744 179
3.0673916339874268 179
3.0764272212982178 179
3.08599853515625 179
3.095442295074463 179
3.1136996746063232 179
3.123262882232666 179
3.1329731941223145 179
3.1431117057800293 179
3.1540956497192383 179
3.164445161819458 179
3.1750221252441406 179
3.1839685440063477 179
3.193584680557251 179
3.203897476196289 179
3.2132959365844727 179
3.22324275970459 179
3.2330167293548584 179
3.242936134338379 179
3.253197431564331 179
3.262465000152588 179
3.2710862159729004 179
3.2801568508148193 179
3.289729356765747 179
3.299929618835449 179
3.3133864402770996 179
3.3261523246765137 179
3.33838152885437 179
3.35252046585083 179
3.365039825439453 179
3.3772294521331787 179
3.388408660888672 179
3.397843599319458 179
3.408132314682007 179
3.4176552295684814 179
3.4265975952148438 179
3.436082363128662 179
3.446101427078247 179
3.4562504291534424 179
3.4658961296081543 179
3.475374221801758 179
3.484463930130005 179
3.49379301071167 179
3.5040371417999268 179
3.517629623413086 179
3.5271565914154053 179
3.5362930297851562 179
3.545830488204956 179
3.556074857711792 179
3.565648317337036 179
3.5750749111175537 179
3.584029197692871 179
3.598954916000366 179
3.6092796325683594 179
3.6184535026550293 179
3.628023386001587 179
3.637417793273926 179
3.64650559425354 179
3.657639503479004 179
3.6668965816497803 179
3.6762006282806396 179
3.6865270137786865 179
3.6959691047668457 179
3.705457925796509 179
3.715714693069458 179
3.7251718044281006 179
3.735503911972046 179
3.745821714401245 179
3.7557380199432373 179
3.765883445739746 179
3.7753918170928955 179
3.785295248031616 179
3.7942190170288086 179
3.80375075340271 179
3.813904285430908 179
3.823265552520752 179
3.832038402557373 179
3.841097831726074 179
3.8501570224761963 179
3.8614604473114014 179
3.870450496673584 179
3.879917621612549 179
3.889357805252075 179
3.8985533714294434 179
3.913395643234253 179
3.9230525493621826 179
3.932469606399536 179
3.9411354064941406 179
3.9501781463623047 179
3.9613380432128906 179
3.9703316688537598 179
3.979766607284546 179
3.9893763065338135 179
3.9985671043395996 179
4.007996559143066 179
4.018271207809448 179
4.027698993682861 179
4.036996603012085 179
4.046193838119507 179
4.055669069290161 179
4.066419839859009 179
4.075885772705078 179
4.085381746292114 179
4.094425201416016 179
4.107895374298096 179
4.127202272415161 179
4.146575450897217 179
4.167734861373901 179
4.185938835144043 179
4.195558786392212 179
4.204886436462402 179
4.213930606842041 179
4.226168870925903 179
4.247946500778198 179
4.259392499923706 179
4.2693328857421875 179
4.2785186767578125 179
4.288965225219727 179
4.2981836795806885 179
4.311324119567871 179
4.320344686508179 179
4.330056428909302 179
4.340445041656494 179
4.350017070770264 179
4.359563827514648 179
4.369439125061035 179
4.378561735153198 179
4.38903284072876 179
4.398254156112671 179
4.4078474044799805 179
4.417194843292236 179
4.426250696182251 179
4.436366081237793 179
4.445825815200806 179
4.455402851104736 179
4.464823246002197 179
4.474292278289795 179
4.48375129699707 179
4.494002819061279 179
4.503564357757568 179
4.5129992961883545 179
4.521944046020508 179
4.5305140018463135 179
4.541230201721191 179
4.550229787826538 179
4.5597381591796875 179
4.569237947463989 179
4.579216957092285 179
4.589545488357544 179
4.5989296436309814 179
4.6081390380859375 179
4.617614984512329 179
4.626906633377075 179
4.636074542999268 179
4.646435976028442 179
4.655858993530273 179
4.665316581726074 179
4.6750876903533936 179
4.685374021530151 179
4.695694923400879 179
4.705273151397705 179
4.718191862106323 179
4.727730751037598 179
4.737216949462891 179
4.747645854949951 179
4.756591796875 179
4.768132448196411 179
4.778073072433472 179
4.787432670593262 179
4.797755718231201 179
4.807068586349487 179
4.816160202026367 179
4.825717926025391 179
4.835158348083496 179
4.845482349395752 180
4.854582071304321 180
4.8638176918029785 181
4.8732404708862305 181
4.883333683013916 181
4.893470764160156 182
4.902958631515503 182
4.9114320278167725 183
4.920403957366943 183
4.92991304397583 183
4.939416885375977 183
4.949772596359253 183
4.9592976570129395 183
4.968521356582642 184
4.9781174659729 184
4.988029718399048 184
4.998267650604248 183
5.00783634185791 183
5.017191648483276 183
5.026286840438843 183
5.035735607147217 183
5.045876979827881 183
5.055404901504517 183
5.0649638175964355 183
5.073902130126953 183
5.083657264709473 183
5.093631267547607 183
5.116002559661865 183
5.126053094863892 183
5.13575291633606 183
5.145313739776611 183
5.1556477546691895 183
5.165881395339966 183
5.175376892089844 183
5.185468673706055 183
5.194594383239746 183
5.205082654953003 183
5.214031934738159 183
5.22443699836731 183
5.23518705368042 183
5.244403839111328 183
5.255033731460571 183
5.263969898223877 183
5.273431777954102 183
5.282901763916016 183
5.292535305023193 183
5.303135633468628 183
5.311576843261719 183
5.320500612258911 183
5.329967021942139 183
5.339407205581665 183
5.348866939544678 183
5.359273672103882 183
5.368923187255859 183
5.378133773803711 183
5.390419006347656 183
5.405313730239868 183
5.417684078216553 183
5.430299758911133 183
5.443510055541992 183
5.4574432373046875 183
5.47854471206665 183
5.4931981563568115 183
5.503389120101929 183
5.51638650894165 183
5.525967836380005 183
5.535565614700317 183
5.545306205749512 183
5.555492401123047 183
5.5648908615112305 183
5.5739586353302 183
5.583438396453857 183
5.59288477897644 183
5.605437517166138 183
5.614596605300903 183
5.624016046524048 183
5.633485794067383 183
5.642907619476318 183
5.651440858840942 183
5.662915229797363 183
5.671459436416626 183
5.682032585144043 183
5.691115379333496 183
5.701101779937744 183
5.71143651008606 183
5.7204625606536865 182
5.730151891708374 182
5.740458250045776 182
5.749973773956299 181
5.760392665863037 181
5.769862413406372 181
5.779335260391235 180
5.788899898529053 180
5.7981297969818115 179
5.809187650680542 179
5.818456172943115 179
5.827906847000122 179
5.837294340133667 179
5.8464813232421875 179
5.855887413024902 179
5.866209506988525 179
5.875690460205078 179
5.8853795528411865 179
5.894535541534424 179
5.904448509216309 179
5.918285846710205 179
5.9278481006622314 179
5.937347412109375 179
5.9465391635894775 179
5.956061363220215 179
5.96630072593689 179
5.975683212280273 179
5.985192775726318 179
5.994126319885254 179
6.004471778869629 179
6.015312910079956 179
6.024543523788452 179
6.033791780471802 179
6.043247222900391 179
6.052067756652832 179
6.06330418586731 179
6.072514295578003 179
6.081989288330078 179
6.091444253921509 179
6.100442886352539 179
6.1103785037994385 179
6.1212546825408936 179
6.131522178649902 179
6.140494346618652 179
6.167589426040649 179
6.1865949630737305 179
6.208560228347778 179
6.219217300415039 179
6.228545904159546 179
6.237981796264648 179
6.247300624847412 179
6.2574615478515625 179
6.268540620803833 179
6.2781476974487305 179
6.287605047225952 179
6.296580076217651 179
6.306074142456055 179
6.31996750831604 179
6.329638719558716 179
6.3392510414123535 179
6.348540544509888 179
6.357986688613892 179
6.368227958679199 179
6.377706050872803 179
6.387273788452148 179
6.396369457244873 179
6.40592360496521 179
6.415869474411011 179
6.426149845123291 179
6.435583829879761 179
6.445170164108276 179
6.454137086868286 179
6.463542461395264 179
6.473772048950195 179
6.483198404312134 179
6.491990089416504 179
6.500558614730835 179
6.510190010070801 179
6.521408557891846 179
6.530394554138184 179
6.540029287338257 179
6.549537420272827 179
6.558961868286133 179
6.568320274353027 179
6.578441381454468 179
6.587998628616333 179
6.597412109375 179
6.606462717056274 179
6.615959167480469 179
6.627234220504761 179
6.636279106140137 179
6.645714998245239 179
6.655127286911011 179
6.664227485656738 179
6.674588680267334 179
6.685219049453735 179
6.694166421890259 179
6.703546762466431 179
6.712982654571533 179
6.727790594100952 179
6.737282752990723 179
6.746577024459839 179
6.756045579910278 179
6.7654869556427 179
6.777341604232788 179
6.787112236022949 179
6.796298503875732 179
6.805829286575317 179
6.815298557281494 179
6.825847625732422 179
6.835289239883423 179
6.844165802001953 179
6.853578090667725 179
6.8631346225738525 179
6.871971368789673 179
6.882836103439331 179
6.891335964202881 179
6.900301456451416 179
6.909780263900757 179
6.919253826141357 179
6.929937124252319 179
6.939389228820801 179
6.948589563369751 179
6.9579949378967285 179
6.967372894287109 179
6.977734088897705 179
6.987222909927368 179
6.996275424957275 179
7.0056891441345215 179
7.0151872634887695 179
7.024115324020386 179
7.035306692123413 179
7.0444512367248535 179
7.0539231300354 179
7.0633864402771 179
7.072799921035767 179
7.083060264587402 179
7.091518878936768 179
7.100505113601685 179
7.110100507736206 179
7.124038457870483 179
7.135303258895874 179
7.144535064697266 179
7.15380334854126 179
7.163306951522827 179
7.172496557235718 179
7.183068037033081 179
7.191559314727783 179
7.200563669204712 179
7.210042476654053 179
7.21952748298645 179
7.2291035652160645 179
7.239724397659302 179
7.249199151992798 179
7.258424758911133 179
7.267859220504761 179
7.277188777923584 179
7.288299322128296 179
7.297731876373291 179
7.307043790817261 179
7.316245794296265 179
7.32568883895874 179
7.336234092712402 179
7.3457982540130615 179
7.355296611785889 179
