0 0
0.006174325942993164 0
0.020728588104248047 0
0.03020310401916504 1
0.03959059715270996 3
0.04877877235412598 6
0.059548139572143555 10
0.06913089752197266 15
0.08019065856933594 20
0.08990311622619629 24
0.09938478469848633 31
0.10962080955505371 37
0.11918139457702637 45
0.13038206100463867 52
0.13994908332824707 60
0.15087103843688965 67
0.16286134719848633 74
0.171858549118042 85
0.185776948928833 96
0.1986372470855713 106
0.213395357131958 117
0.22999000549316406 134
0.2440333366394043 143
0.25722432136535645 155
0.2714881896972656 163
0.28076863288879395 172
0.29030418395996094 180
0.29984211921691895 187
0.3094789981842041 195
0.31967759132385254 204
0.32916975021362305 212
0.3384664058685303 220
0.3481478691101074 227
0.3575716018676758 238
0.36844539642333984 246
0.37828874588012695 252
0.3876974582672119 260
0.39678025245666504 268
0.4062538146972656 274
0.4167044162750244 279
0.42635011672973633 283
0.43592071533203125 285
0.4454519748687744 287
0.45450639724731445 288
0.46395325660705566 288
0.47487735748291016 288
0.4842996597290039 286
0.49382448196411133 284
0.5033082962036133 281
0.5118520259857178 274
0.52687668800354 270
0.5374248027801514 264
0.5466303825378418 258
0.5561161041259766 253
0.5656452178955078 244
0.5797281265258789 237
0.5896201133728027 230
0.5988764762878418 222
0.6085605621337891 215
0.618873119354248 203
0.6340436935424805 196
0.6439752578735352 191
0.653580904006958 185
0.6632256507873535 180
0.673799991607666 176
0.6833105087280273 173
0.6917555332183838 170
0.7007331848144531 169
0.7102172374725342 168
0.7204558849334717 168
0.7300670146942139 169
0.7396810054779053 171
0.7491297721862793 174
0.758354902267456 176
0.7677505016326904 181
0.7784922122955322 185
0.7881014347076416 189
0.7974543571472168 193
0.8065505027770996 198
0.8160443305969238 202
0.8263514041900635 205
0.835935115814209 208
0.8455524444580078 210
0.854539155960083 212
0.8641548156738281 213
0.8743693828582764 214
0.8842408657073975 213
0.8937034606933594 212
0.903416633605957 211
0.9122812747955322 209
0.9228103160858154 206
0.9315700531005859 204
0.9405875205993652 200
0.9500837326049805 198
0.9596049785614014 194
0.9691963195800781 190
0.9798605442047119 187
0.9893929958343506 184
0.9987590312957764 181
1.0082206726074219 180
1.017613172531128 177
1.0317845344543457 176
1.040802001953125 175
1.050370454788208 174
1.0599255561828613 174
1.0693657398223877 175
1.080385684967041 176
1.0903794765472412 177
1.0998504161834717 178
1.1093640327453613 180
1.1185634136199951 182
1.129120111465454 184
1.1383414268493652 185
1.149878740310669 187
1.159348726272583 188
1.1685659885406494 190
1.1788475513458252 191
1.188767671585083 192
1.1982243061065674 192
1.20772123336792 192
1.217280626296997 192
1.2274932861328125 192
1.236604928970337 191
1.2460546493530273 190
1.2556602954864502 190
1.2652549743652344 189
1.2742609977722168 188
1.2844793796539307 186
1.2944960594177246 185
1.303936243057251 184
1.313420057296753 184
1.3227777481079102 183
1.3332693576812744 182
1.3417448997497559 182
1.350701093673706 181
1.360203504562378 181
1.3696188926696777 180
1.379810094833374 180
1.3899013996124268 180
1.39931321144104 181
1.4084510803222656 181
1.4179003238677979 181
1.4268629550933838 182
1.4401826858520508 182
1.449838399887085 182
1.4593825340270996 182
1.4686594009399414 182
1.4780070781707764 182
1.488227128982544 182
1.4980907440185547 182
1.5074846744537354 182
1.5166165828704834 182
1.5261428356170654 182
1.5363202095031738 182
1.5457279682159424 182
1.5548374652862549 182
1.564192295074463 182
1.5740406513214111 182
1.5841646194458008 182
1.5940165519714355 182
1.603463888168335 182
1.6122796535491943 182
1.6215360164642334 182
1.6304864883422852 182
1.640671968460083 182
1.650221586227417 182
1.660473346710205 182
1.6699402332305908 182
1.6793475151062012 182
1.6897149085998535 182
1.6991851329803467 182
1.7083239555358887 182
1.7176754474639893 182
1.7267026901245117 182
1.7372970581054688 182
1.746509313583374 182
1.7559516429901123 182
1.7654242515563965 182
1.774472713470459 182
1.7838518619537354 182
1.793992280960083 182
1.8040659427642822 182
1.813452959060669 182
1.8222689628601074 182
1.8307945728302002 182
1.845968246459961 182
1.8554863929748535 182
1.864678144454956 182
1.8740005493164062 182
1.883413314819336 182
1.89359712600708 182
1.903588056564331 182
1.9127671718597412 182
1.9215061664581299 182
1.9305551052093506 182
1.940727949142456 182
1.9501972198486328 182
1.9596643447875977 182
1.9703257083892822 182
1.9797894954681396 182
1.9902081489562988 182
1.9997119903564453 182
2.009714365005493 182
2.0188658237457275 182
2.0283024311065674 182
2.037895441055298 182
2.0481581687927246 182
2.057530164718628 182
2.0665578842163086 181
2.076720952987671 181
2.0862696170806885 180
2.096524238586426 180
2.1066229343414307 180
2.116035223007202 180
2.125478982925415 180
2.1344192028045654 179
2.144719123840332 179
2.1540510654449463 179
2.164041757583618 179
2.1748485565185547 179
2.184056282043457 179
2.19425892829895 180
2.2036826610565186 180
2.2135679721832275 180
2.2228589057922363 180
2.231476068496704 180
2.245993137359619 180
2.2568581104278564 180
2.269514799118042 180
2.2828798294067383 180
2.2967042922973633 180
2.30912446975708 180
2.3217928409576416 180
2.3354389667510986 180
2.3488593101501465 180
2.3583083152770996 180
2.36767315864563 180
2.3766868114471436 180
2.3860890865325928 180
2.396223783493042 180
2.405801773071289 180
2.415557622909546 180
2.424683094024658 180
2.433919668197632 180
2.443290948867798 180
2.4535210132598877 180
2.4627723693847656 180
2.4713945388793945 180
2.480363368988037 180
2.489840269088745 180
2.503695249557495 180
2.513115644454956 180
2.5238940715789795 180
2.5332887172698975 180
2.541719436645508 180
2.5534088611602783 180
2.563138246536255 180
2.5716264247894287 180
2.5805752277374268 180
2.59012508392334 180
2.6002776622772217 180
2.60966420173645 180
2.6216394901275635 180
2.6305787563323975 180
2.6444709300994873 180
2.6551761627197266 180
2.6642353534698486 180
2.673602819442749 180
2.6831345558166504 180
2.6916050910949707 180
2.7023236751556396 180
2.711364507675171 180
2.7207963466644287 180
2.73024582862854 180
2.7396867275238037 180
2.7488272190093994 180
2.759269952774048 180
2.768615484237671 180
2.7783799171447754 180
2.7876861095428467 180
2.7967238426208496 180
2.8072235584259033 180
2.8164496421813965 180
2.8263208866119385 180
2.835739850997925 180
2.844834327697754 180
2.8551383018493652 180
2.8641490936279297 180
2.8735110759735107 180
2.8827855587005615 180
2.891374349594116 180
2.9003489017486572 180
2.910449266433716 180
2.9198954105377197 180
2.929790496826172 180
2.9391982555389404 180
2.9485270977020264 180
2.9587676525115967 180
2.9681789875030518 180
2.9775149822235107 180
2.9865024089813232 180
2.9959285259246826 180
3.0062575340270996 180
3.0156850814819336 180
3.0247445106506348 180
3.0384256839752197 180
3.0480525493621826 180
3.0583131313323975 180
3.0679738521575928 180
3.078279972076416 180
3.0876379013061523 180
3.096644401550293 180
3.106818199157715 180
3.1163277626037598 180
3.126544237136841 180
3.1364378929138184 180
3.145887851715088 180
3.1552581787109375 180
3.1655831336975098 180
3.1745240688323975 180
3.184037208557129 180
3.193449020385742 180
3.2031025886535645 180
3.21327805519104 180
3.2216734886169434 180
3.2306840419769287 180
3.240450143814087 180
3.250000238418579 180
3.260171890258789 180
3.269584894180298 180
3.2787163257598877 180
3.288181781768799 180
3.2975337505340576 180
3.3067071437835693 180
3.317284345626831 180
3.326331615447998 180
3.336333990097046 180
3.3458032608032227 180
3.3548786640167236 180
3.3654868602752686 180
3.374412775039673 180
3.3838229179382324 180
3.393235445022583 180
3.401656150817871 180
3.411832809448242 180
3.4207849502563477 180
3.430320978164673 180
3.4453890323638916 180
3.4545207023620605 180
3.4653923511505127 180
3.474295139312744 180
3.4837939739227295 180
3.4932353496551514 180
3.5016605854034424 180
3.510610342025757 180
3.5208725929260254 180
3.53033447265625 180
3.540254592895508 180
3.5498952865600586 180
3.5592920780181885 180
3.5706076622009277 180
3.581627607345581 180
3.5973660945892334 180
3.606611490249634 180
3.6167080402374268 180
3.6261565685272217 180
3.6367859840393066 180
3.6474361419677734 180
3.6564598083496094 180
3.6667466163635254 180
3.676196575164795 180
3.6857166290283203 180
3.6948294639587402 180
3.7040507793426514 180
3.7134652137756348 180
3.7239065170288086 180
3.733313798904419 180
3.74173903465271 180
3.7516300678253174 180
3.760606288909912 180
3.770714521408081 180
3.780194044113159 180
3.78971266746521 180
3.79885196685791 180
3.8082828521728516 180
3.817606210708618 180
3.8278863430023193 180
3.840564489364624 180
3.8507676124572754 180
3.8604531288146973 180
3.8707618713378906 180
3.8801987171173096 180
3.8896372318267822 180
3.898806095123291 180
3.9083151817321777 180
3.9176506996154785 180
3.9280083179473877 180
3.937316417694092 180
3.946394205093384 180
3.9563589096069336 180
3.965928316116333 180
3.976137399673462 180
3.985718250274658 180
3.994755983352661 180
4.004023551940918 180
4.013442754745483 180
4.023756980895996 180
4.033233880996704 180
4.041673898696899 180
4.050621271133423 180
4.060441255569458 180
4.070587396621704 180
4.080773830413818 180
4.090311527252197 180
4.099794864654541 180
4.1091697216033936 180
4.11851692199707 180
4.128606796264648 180
4.137999057769775 180
4.148192405700684 180
4.158092975616455 180
4.167396306991577 180
4.177669048309326 180
4.186708927154541 180
4.196070909500122 180
4.205625295639038 180
4.2145373821258545 180
4.223953485488892 180
4.23408842086792 180
4.24812650680542 180
4.258662223815918 180
4.268731594085693 180
4.278841257095337 180
4.288283348083496 180
4.297598123550415 180
4.306612968444824 180
4.315962553024292 180
4.325530290603638 180
4.337376356124878 180
4.349542856216431 180
4.363291263580322 180
4.37575364112854 180
4.3894476890563965 180
4.40172004699707 180
4.41428542137146 180
4.423671245574951 180
4.433887243270874 180
4.443434000015259 180
4.45184326171875 180
4.4617698192596436 180
4.470714807510376 180
4.480876445770264 180
4.490373373031616 180
4.5132529735565186 180
4.5223002433776855 180
4.536531209945679 180
4.557431936264038 180
4.578433275222778 180
4.598546266555786 180
4.6108033657073975 180
4.62161660194397 180
4.630573034286499 180
4.64878511428833 180
4.6703760623931885 180
4.6839094161987305 180
4.693363904953003 180
4.7018067836761475 180
4.713094472885132 180
4.721534729003906 180
4.730523347854614 180
4.740035533905029 180
4.749610900878906 180
4.75973653793335 180
4.769734859466553 180
4.779139757156372 180
4.788273334503174 180
4.797566890716553 180
4.808053016662598 180
4.817391872406006 180
4.826442718505859 180
4.835865497589111 180
4.845311403274536 180
4.854341268539429 180
4.864831209182739 180
4.87455940246582 180
4.883965730667114 180
4.893489837646484 180
4.902292013168335 180
4.912794351577759 180
4.921537399291992 180
4.930575609207153 180
4.940032720565796 180
4.949468374252319 180
4.959630489349365 180
4.9687864780426025 180
4.978547811508179 180
4.988120794296265 180
4.997379541397095 180
5.006397485733032 180
5.016585111618042 180
5.02609395980835 180
5.035522937774658 180
5.048588514328003 180
5.058095693588257 180
5.068467855453491 180
5.079509973526001 180
5.088679075241089 180
5.098124027252197 180
5.107609510421753 180
5.117957830429077 180
5.129247188568115 180
5.138550519943237 180
5.148000717163086 180
5.157471418380737 180
5.167885065078735 180
5.178116321563721 180
5.187434196472168 180
5.196450710296631 180
5.2058892250061035 180
5.216069936752319 180
5.225640058517456 180
5.234538316726685 180
5.243952512741089 180
5.253345489501953 180
5.2617833614349365 180
5.272336959838867 180
5.282736539840698 180
5.291379928588867 180
5.300384283065796 180
5.309844970703125 180
5.320059776306152 180
5.329493761062622 180
5.338662385940552 180
5.348176956176758 180
5.357523202896118 180
5.367709398269653 180
5.376744985580444 180
5.386540174484253 180
5.3959619998931885 180
5.405507326126099 180
5.41455340385437 180
5.425178289413452 180
5.434188365936279 180
5.447453498840332 180
5.4567272663116455 180
5.467496633529663 180
5.476663827896118 180
5.4864821434021 180
5.495936393737793 180
5.505365610122681 180
5.514280557632446 180
5.524876356124878 180
5.5367395877838135 180
5.5517120361328125 180
5.5607030391693115 180
5.571437358856201 180
5.5804173946380615 180
5.590451240539551 180
5.603091716766357 180
5.611555099487305 180
5.621771574020386 180
5.630678176879883 180
5.641495227813721 180
5.650466203689575 180
5.6599907875061035 180
5.66947340965271 180
5.67983865737915 180
5.6892008781433105 180
5.698861598968506 180
5.708364725112915 180
5.717700719833374 180
5.7280659675598145 180
5.737345218658447 180
5.746377229690552 180
5.755801677703857 180
5.765359401702881 180
5.775436878204346 180
5.784355640411377 180
5.794225692749023 180
5.803784370422363 180
5.81313681602478 180
5.821727275848389 180
5.8318564891815186 180
5.840787887573242 180
5.854506254196167 180
5.864016771316528 180
5.874220132827759 180
5.883833169937134 180
5.893218278884888 180
5.902822256088257 180
5.9115025997161865 180
5.920446395874023 180
5.930684566497803 180
5.940274238586426 180
5.949831962585449 180
5.959217548370361 180
5.968449354171753 180
5.978573799133301 180
5.987990617752075 180
5.997774124145508 180
6.007189989089966 180
6.016324996948242 180
6.026538610458374 180
6.035977840423584 180
6.045330286026001 180
6.054286003112793 180
6.063825607299805 180
6.074335336685181 180
6.0845465660095215 180
6.093942642211914 180
6.103343486785889 180
6.111780881881714 180
6.120704412460327 180
6.131484508514404 180
6.140450477600098 180
6.152785062789917 180
6.161407947540283 180
6.170392036437988 180
6.180549621582031 180
6.190080165863037 180
6.199655055999756 180
6.209526538848877 180
6.218726396560669 180
6.228144645690918 180
6.238345623016357 180
6.250856876373291 180
6.260420560836792 180
6.269968748092651 180
6.2802510261535645 180
6.289691925048828 180
6.298872947692871 180
6.308834791183472 180
6.318258762359619 180
6.327670097351074 180
6.338021993637085 180
6.347315788269043 180
6.356362342834473 180
6.3659348487854 180
6.3753135204315186 180
6.385606050491333 180
6.394524335861206 180
6.403925657272339 180
6.413840293884277 180
6.426208972930908 180
6.446630001068115 180
6.476127862930298 180
6.5027782917022705 180
6.531692743301392 180
6.543268442153931 180
6.552274227142334 180
6.563782215118408 180
6.573904752731323 180
6.583446025848389 180
6.593679428100586 180
6.603272914886475 180
6.613097667694092 180
6.621748208999634 180
6.631829261779785 180
6.6427977085113525 180
6.656101226806641 180
6.665781497955322 180
6.675293684005737 180
6.685647964477539 180
6.696604013442993 180
6.705998659133911 180
6.716077566146851 180
6.725628137588501 180
6.734533309936523 180
6.745287179946899 180
6.754216432571411 180
6.763638734817505 180
6.772806882858276 180
6.78154182434082 180
6.791783809661865 180
6.800755262374878 180
6.81020712852478 180
6.820125341415405 180
6.829578161239624 180
6.8387391567230225 180
6.849237442016602 180
6.8584144115448 180
6.867715835571289 180
6.876712083816528 180
6.886119604110718 180
6.896376848220825 180
6.905971527099609 180
6.9154133796691895 180
6.9252777099609375 180
6.934237718582153 180
6.944441080093384 180
6.953824043273926 180
6.963355779647827 180
6.972300052642822 180
6.980834484100342 180
6.990289688110352 180
7.00041389465332 180
7.009845018386841 180
7.03326940536499 180
7.058705806732178 180
7.081545114517212 180
7.090485095977783 180
7.100828647613525 180
7.110522747039795 180
7.1199188232421875 180
7.129896640777588 180
7.143126487731934 180
7.1533942222595215 180
7.161790132522583 180
7.170745611190796 180
7.1801979541778564 180
7.189649343490601 180
7.199837923049927 180
7.209477663040161 180
7.218679189682007 180
7.22860312461853 180
7.238116264343262 180
7.248295068740845 180
7.257705926895142 180
7.266868829727173 180
7.276325941085815 180
7.285746097564697 180
7.294862270355225 180
7.305416107177734 180
7.314337253570557 180
7.323857545852661 180
7.333683967590332 180
7.342875242233276 180
7.353279113769531 180
7.36180567741394 180
7.370763540267944 180
7.380197286605835 180
7.389797925949097 180
7.399946212768555 180
7.409341335296631 180
7.424840450286865 180
7.434727668762207 180
7.444141864776611 180
7.458276033401489 180
7.4676713943481445 180
7.476877927780151 180
7.486342191696167 180
7.4959306716918945 180
7.506174564361572 180
7.515642166137695 180
7.524874925613403 180
7.534519672393799 180
7.543914556503296 180
7.55409049987793 180
7.563584327697754 180
7.573296785354614 180
7.581725358963013 180
7.59071159362793 180
7.601264715194702 180
7.6103901863098145 180
7.620024681091309 180
7.629600286483765 180
7.639500141143799 180
7.649827480316162 180
7.659905672073364 180
7.669312953948975 180
7.678578853607178 180
7.688135862350464 180
7.697418212890625 180
7.7075536251068115 180
7.71737813949585 180
7.7263877391815186 180
7.736570596694946 180
7.7465643882751465 180
7.7580389976501465 180
7.767390966415405 180
7.776470184326172 180
7.7859206199646 180
7.795356273651123 180
7.805712938308716 180
7.814829111099243 180
7.824062824249268 180
7.83344292640686 180
7.843315362930298 180
7.8577494621276855 180
7.867349624633789 180
7.876490831375122 180
7.886010646820068 180
7.895820140838623 180
7.90739369392395 180
7.916746377944946 180
7.926659822463989 180
7.937629461288452 180
7.947384834289551 180
7.9575886726379395 180
7.966632843017578 180
7.975973129272461 180
7.985513687133789 180
7.994441509246826 180
8.003842830657959 180
8.014203071594238 180
8.023607969284058 180
8.032747268676758 180
8.041493892669678 180
8.051417827606201 180
8.061611890792847 180
8.071806192398071 180
8.080785989761353 180
8.090207576751709 180
8.099640130996704 180
8.109896898269653 180
8.119360446929932 180
8.128557205200195 180
8.138040542602539 180
8.148010730743408 180
8.160019159317017 180
8.169635772705078 180
8.17878246307373 180
8.188284635543823 180
8.197596073150635 180
8.206624031066895 180
8.216825008392334 180
8.22635531425476 180
8.235826969146729 180
8.245277643203735 180
8.258583307266235 180
8.269126653671265 180
8.27853798866272 180
8.288161516189575 180
8.297557353973389 180
8.306601762771606 180
8.316624164581299 180
8.326066017150879 180
8.335537672042847 180
8.344556093215942 180
8.354334831237793 180
8.36441159248352 180
8.373783826828003 180
8.383185148239136 180
8.39165997505188 180
8.40060544013977 180
8.410119533538818 180
8.420339822769165 180
8.429787635803223 180
8.439176082611084 180
8.448391199111938 180
8.458194971084595 180
8.468513250350952 180
8.47799801826477 180
8.486879587173462 180
8.498151063919067 180
8.510127782821655 180
8.525368928909302 180
8.537689208984375 180
8.549747705459595 180
8.563628911972046 180
8.577634334564209 180
8.589929342269897 180
8.599368572235107 180
8.608529090881348 180
8.618781805038452 180
8.628209352493286 180
8.637465715408325 180
8.646594524383545 180
8.660350799560547 180
8.673242330551147 180
8.6817626953125 180
8.69074273109436 180
8.700237512588501 180
8.709826946258545 180
8.719987392425537 180
8.729395866394043 180
8.7385573387146 180
8.74800705909729 180
8.757195472717285 180
8.766830205917358 180
8.777226209640503 180
8.78633713722229 180
8.79595685005188 180
8.805364847183228 180
8.814248085021973 180
8.824755668640137 180
8.834055662155151 180
8.843454360961914 180
8.852280855178833 180
8.860822439193726 180
8.872790813446045 180
8.8815279006958 180
8.890485763549805 180
8.899970054626465 180
8.909359455108643 180
8.918532848358154 180
8.928799152374268 180
8.938238143920898 180
8.947678804397583 180
8.956699132919312 180
8.966102123260498 180
8.976644515991211 180
8.986043691635132 180
8.995494842529297 180
9.00452446937561 180
9.013938188552856 180
9.02406907081604 180
9.033541917800903 180
9.042304754257202 180
9.0508553981781 180
9.064822673797607 180
9.076675653457642 180
9.086175203323364 180
9.095604658126831 180
9.104517698287964 180
9.113951444625854 180
9.12347936630249 180
9.13365626335144 180
9.143110752105713 180
9.15156865119934 180
9.160539865493774 180
9.170048475265503 180
9.188071012496948 180
9.19786787033081 180
9.206756830215454 180
9.216144323348999 180
9.22557020187378 180
9.235848426818848 180
9.24544620513916 180
9.254331588745117 180
9.263701438903809 180
9.273099660873413 180
9.283793687820435 180
9.293219327926636 180
9.301802158355713 180
9.31073546409607 180
9.320301055908203 180
9.330533504486084 180
9.340008974075317 180
9.34940505027771 180
9.358599662780762 180
9.368104696273804 180
9.377990245819092 180
9.38822054862976 180
9.397488832473755 180
9.406498193740845 180
9.416001319885254 180
9.426787376403809 180
9.437320947647095 180
9.44652271270752 180
9.459165334701538 180
9.468501567840576 180
9.478102445602417 180
9.489190101623535 180
9.505851030349731 180
9.515260696411133 180
9.524333477020264 180
9.534318685531616 180
9.543843030929565 180
9.554005861282349 180
9.563417911529541 180
9.57235836982727 180
9.583572387695312 180
9.592772245407104 180
9.601491451263428 180
9.610480308532715 180
9.622835397720337 180
9.631438255310059 180
9.641636371612549 180
9.650614500045776 180
9.660045623779297 180
9.669607400894165 180
9.678762197494507 180
9.689671516418457 180
9.699219226837158 180
9.708482503890991 180
9.717787027359009 180
9.727331161499023 180
9.73755145072937 180
9.746560335159302 180
9.755989789962769 180
9.765393733978271 180
9.774293184280396 180
9.78385591506958 180
9.79447865486145 180
9.803828239440918 180
9.813252449035645 180
9.821676969528198 180
9.83064579963684 180
9.841556072235107 180
9.850567817687988 180
9.864877462387085 180
9.874223470687866 180
9.883782863616943 180
9.894382238388062 180
9.903934001922607 180
9.913343667984009 180
9.921756029129028 180
9.930694580078125 180
9.940872430801392 180
9.950325965881348 180
9.959817886352539 180
9.969332218170166 180
9.978874683380127 180
9.988296031951904 180
9.99921727180481 180
