0 0
0.004838705062866211 0
0.020882368087768555 0
0.030369043350219727 2
0.04007315635681152 4
0.048990726470947266 6
0.0581364631652832 10
0.06990671157836914 15
0.07952404022216797 20
0.08844256401062012 26
0.0976262092590332 32
0.1072547435760498 38
0.1169443130493164 48
0.13202810287475586 56
0.14453625679016113 66
0.15715503692626953 76
0.17253470420837402 88
0.18531274795532227 98
0.19758844375610352 109
0.21214985847473145 120
0.23144769668579102 133
0.24115228652954102 141
0.2509636878967285 150
0.2608330249786377 156
0.27048349380493164 166
0.2815113067626953 174
0.29106736183166504 183
0.3007490634918213 190
0.31057119369506836 198
0.3203589916229248 208
0.3308238983154297 215
0.34060168266296387 223
0.3502485752105713 231
0.36024904251098633 238
0.36990857124328613 244
0.3809070587158203 248
0.3905959129333496 252
0.40025854110717773 255
0.4096488952636719 257
0.4185805320739746 258
0.43006205558776855 258
0.4396243095397949 257
0.44855332374572754 255
0.45818471908569336 252
0.4674243927001953 248
0.4799201488494873 244
0.48860788345336914 239
0.49858641624450684 231
0.5107150077819824 226
0.5203890800476074 219
0.5308427810668945 214
0.5404551029205322 209
0.55007004737854 204
0.5595932006835938 200
0.5684981346130371 196
0.5796446800231934 192
0.5900225639343262 190
0.5995416641235352 188
0.6084401607513428 186
0.6176354885101318 186
0.6333024501800537 187
0.6430914402008057 188
0.6528608798980713 192
0.6731448173522949 194
0.6845102310180664 197
0.6943325996398926 200
0.7041323184967041 202
0.7134320735931396 204
0.7230491638183594 206
0.733649492263794 207
0.7434148788452148 208
0.7530572414398193 209
0.7627408504486084 209
0.7724504470825195 209
0.7828307151794434 208
0.7929484844207764 208
0.8027064800262451 207
0.8123548030853271 206
0.821882963180542 204
0.8311131000518799 203
0.8414981365203857 201
0.8510351181030273 200
0.8618950843811035 198
0.8711369037628174 197
0.8807833194732666 196
0.892275333404541 195
0.9014818668365479 194
0.9109776020050049 193
0.9207272529602051 193
0.9303750991821289 192
0.9408576488494873 192
0.9504804611206055 192
0.9600882530212402 192
0.9690868854522705 192
0.9784829616546631 192
0.9903533458709717 192
1.0000665187835693 192
1.0101308822631836 192
1.020080327987671 193
1.0335967540740967 193
1.0446865558624268 193
1.0543601512908936 192
1.0640954971313477 192
1.0733168125152588 192
1.082942008972168 192
1.0940983295440674 193
1.103438377380371 193
1.1130890846252441 192
1.1228697299957275 192
1.1324870586395264 192
1.1429107189178467 192
1.1525633335113525 192
1.1623280048370361 192
1.1716399192810059 192
1.1810765266418457 192
1.1916210651397705 192
1.2018671035766602 192
1.2110817432403564 192
1.2208099365234375 192
1.230626106262207 191
1.241013526916504 191
1.2507660388946533 190
1.2604210376739502 190
1.2700285911560059 190
1.2795372009277344 189
1.2901403903961182 188
1.300330400466919 188
1.3100976943969727 188
1.3196032047271729 188
1.3285043239593506 187
1.3376152515411377 187
1.348534107208252 187
1.357649803161621 187
1.3672668933868408 187
1.3768904209136963 187
1.3866970539093018 187
1.3971402645111084 187
1.40738844871521 187
1.4169886112213135 187
1.4266095161437988 187
1.4406414031982422 187
1.4511241912841797 186
1.4609720706939697 186
1.4706037044525146 186
1.480236530303955 186
1.4896214008331299 186
1.5002233982086182 186
1.5103516578674316 186
1.520528793334961 186
1.5313525199890137 186
1.5409832000732422 186
1.5513436794281006 186
1.5609130859375 186
1.5705654621124268 186
1.5803194046020508 186
1.5898621082305908 186
1.600339651107788 186
1.610342025756836 186
1.6200244426727295 186
1.6290125846862793 186
1.6383397579193115 186
1.6495096683502197 186
1.6583888530731201 186
1.6675410270690918 186
1.6771581172943115 186
1.686802864074707 186
1.6971566677093506 186
1.707360029220581 186
1.716996192932129 186
1.7266185283660889 186
1.7362735271453857 186
1.7466576099395752 186
1.7563176155090332 186
1.7660095691680908 185
1.775587558746338 184
1.7851507663726807 184
1.7947187423706055 184
1.805206060409546 183
1.8151462078094482 183
1.8249070644378662 182
1.8383104801177979 182
1.8496015071868896 182
1.8603670597076416 182
1.8699290752410889 182
1.8790397644042969 181
1.8882274627685547 181
1.8973658084869385 181
1.9082491397857666 181
1.9183812141418457 181
1.9274976253509521 181
1.9370958805084229 181
1.9467761516571045 181
1.957024097442627 181
1.9681956768035889 181
1.9772682189941406 181
1.9868812561035156 181
1.9964690208435059 181
2.0069222450256348 181
2.016902208328247 181
2.0264928340911865 181
2.0369958877563477 181
2.0465543270111084 181
2.057107925415039 181
2.066819906234741 181
2.076402425765991 181
2.085984945297241 181
2.0953142642974854 181
2.1055612564086914 181
2.1150879859924316 181
2.1252551078796387 181
2.134833812713623 181
2.1443088054656982 181
2.154801845550537 181
2.1644320487976074 181
2.173571825027466 181
2.1832809448242188 181
2.192838191986084 181
2.205174207687378 181
2.2173688411712646 181
2.2316529750823975 181
2.2500715255737305 181
2.263547420501709 181
2.2762064933776855 181
2.2899510860443115 181
2.3008806705474854 181
2.3113150596618652 181
2.321445941925049 181
2.3309450149536133 181
2.3404808044433594 181
2.3500518798828125 181
2.3605294227600098 181
2.3700737953186035 181
2.3790173530578613 181
2.388258934020996 181
2.39743709564209 181
2.4082202911376953 181
2.4173483848571777 181
2.427464008331299 181
2.4370834827423096 181
2.446682929992676 181
2.4562551975250244 181
2.4666244983673096 181
2.4762322902679443 181
2.4859163761138916 181
2.4952621459960938 181
2.5048458576202393 181
2.5152275562286377 181
2.5248377323150635 181
2.5349159240722656 181
2.5464510917663574 181
2.55617618560791 181
2.5664501190185547 181
2.576030969619751 181
2.585387706756592 181
2.5949246883392334 181
2.6045219898223877 181
2.6148908138275146 181
2.6243536472320557 181
2.638298511505127 181
2.6474711894989014 181
2.6571907997131348 181
2.6682937145233154 181
2.6774210929870605 181
2.6871681213378906 181
2.696789264678955 181
2.706392765045166 181
2.7167704105377197 181
2.7265806198120117 181
2.7366392612457275 181
2.7462151050567627 181
2.756114959716797 181
2.766373872756958 181
2.7758944034576416 181
2.7853810787200928 181
2.7949399948120117 181
2.804426908493042 181
2.8150172233581543 181
2.824519634246826 181
2.834674119949341 181
2.844306707382202 181
2.8534741401672363 181
2.865051746368408 181
2.874682664871216 181
2.884136915206909 181
2.893294334411621 181
2.9030215740203857 181
2.912628412246704 181
2.9230387210845947 181
2.93264102935791 181
2.9427990913391113 181
2.9524145126342773 181
2.9621422290802 181
2.97249436378479 181
2.9820830821990967 181
2.9912109375 181
3.0007870197296143 181
3.0103402137756348 181
3.020811080932617 181
3.030350685119629 181
3.0447075366973877 181
3.0552139282226562 181
3.0648772716522217 181
3.075427770614624 181
3.0850977897644043 181
3.094691038131714 181
3.1041626930236816 181
3.113370656967163 181
3.1239757537841797 181
3.1332828998565674 181
3.142998695373535 181
3.1526105403900146 181
3.162285327911377 181
3.1726183891296387 181
3.182199716567993 181
3.1913223266601562 181
3.201033115386963 181
3.2106077671051025 181
3.220932960510254 181
3.230574369430542 181
3.2401556968688965 181
3.25024676322937 181
3.260024309158325 181
3.268613338470459 181
3.28340482711792 181
3.2963361740112305 181
3.30588436126709 181
3.3153927326202393 181
3.333479404449463 181
3.3566606044769287 181
3.376783609390259 181
3.3953964710235596 181
3.407264232635498 181
3.416886568069458 181
3.4264848232269287 181
3.4453279972076416 181
3.4652554988861084 181
3.4769930839538574 181
3.486609935760498 181
3.4962031841278076 181
3.506690263748169 181
3.516251802444458 181
3.5256192684173584 181
3.535196304321289 181
3.5447254180908203 181
3.5553746223449707 181
3.5650861263275146 181
3.574697971343994 181
3.584160566329956 181
3.593463659286499 181
3.6041698455810547 181
3.6133944988250732 181
3.6230950355529785 181
3.632711887359619 181
3.6423208713531494 181
3.653028726577759 181
3.662752628326416 181
3.672382116317749 181
3.6820287704467773 181
3.6911232471466064 181
3.700728416442871 181
3.711101531982422 181
3.7207579612731934 181
3.736011028289795 181
3.7455661296844482 181
3.7566311359405518 181
3.7662291526794434 181
3.7755725383758545 181
3.785179853439331 181
3.7947685718536377 181
3.8043646812438965 181
3.814899444580078 181
3.824432134628296 181
3.8336234092712402 181
3.8470306396484375 181
3.8604185581207275 181
3.8701634407043457 181
3.8795278072357178 181
3.888364791870117 181
3.8974945545196533 181
3.9096505641937256 181
3.920872449874878 181
3.930440902709961 181
3.9400343894958496 181
3.9490277767181396 181
3.960700035095215 181
3.9702560901641846 181
3.980034828186035 181
3.9889984130859375 181
3.9982428550720215 181
4.007395029067993 181
4.018142938613892 181
4.027257680892944 181
4.036927938461304 181
4.046640396118164 181
4.056248426437378 181
4.067096948623657 181
4.076690912246704 181
4.086268186569214 181
4.095641613006592 181
4.105342149734497 181
4.116026163101196 181
4.125453472137451 181
4.135050296783447 181
4.144659042358398 181
4.154162883758545 181
4.165163278579712 181
4.174785852432251 181
4.184333562850952 181
4.193532466888428 181
4.203148126602173 181
4.213495492935181 181
4.2232232093811035 181
4.232768774032593 181
4.2463226318359375 180
4.256052494049072 180
4.267066478729248 180
4.276813507080078 180
4.2905473709106445 179
4.303390264511108 178
4.316839218139648 178
4.330582857131958 178
4.343515157699585 178
4.356271505355835 178
4.368242502212524 177
4.378249883651733 177
4.387374401092529 178
4.396990776062012 178
4.406652450561523 178
4.416972637176514 178
4.427387952804565 178
4.436985015869141 178
4.4465813636779785 178
4.456140041351318 178
4.466590404510498 178
4.476698160171509 178
4.486311912536621 178
4.4956347942352295 178
4.505359411239624 178
4.514902830123901 178
4.52536940574646 178
4.5348944664001465 178
4.5443854331970215 178
4.5536088943481445 178
4.5631794929504395 178
4.574429035186768 178
4.584066867828369 178
4.593215465545654 178
4.602802515029907 178
4.612404108047485 178
4.622694969177246 178
4.6324005126953125 178
4.64555025100708 178
4.655249357223511 178
4.665016174316406 178
4.675389528274536 178
4.685451984405518 178
4.69503116607666 178
4.704801559448242 178
4.714288949966431 178
4.724820613861084 178
4.734311103820801 178
4.743494272232056 178
4.753143072128296 178
4.762899398803711 178
4.773183584213257 178
4.783143997192383 178
4.792702674865723 178
4.802318096160889 178
4.811597585678101 178
4.821117877960205 178
4.831613540649414 178
4.8410255908966064 178
4.850603818893433 178
4.86091160774231 178
4.870465278625488 178
4.881503105163574 178
4.8910980224609375 178
4.900660753250122 178
4.910221099853516 178
4.919562101364136 178
4.930646657943726 178
4.941651105880737 178
4.951043605804443 178
4.960562467575073 178
4.970170974731445 178
4.9805755615234375 178
4.990653991699219 178
5.000358581542969 178
5.009932279586792 178
5.019055128097534 178
5.03004264831543 178
5.038615703582764 178
5.052734136581421 178
5.062570810317993 178
5.072264909744263 178
5.082775115966797 178
5.0928895473480225 178
5.1024391651153564 178
5.111892461776733 178
5.121219158172607 178
5.131506443023682 178
5.140968561172485 178
5.15068244934082 178
5.160223007202148 178
5.169577121734619 178
5.180318355560303 178
5.1902995109558105 178
5.199580907821655 178
5.2084033489227295 178
5.217513084411621 178
5.228256702423096 178
5.237459897994995 178
5.2472124099731445 178
5.256772756576538 178
5.26637601852417 178
5.275946140289307 178
5.295435905456543 178
5.305228233337402 178
5.31507420539856 178
5.324553966522217 178
5.3348963260650635 178
5.345317840576172 178
5.354877710342407 178
5.364462852478027 178
5.373623847961426 178
5.384420156478882 178
5.39447021484375 178
5.406042575836182 178
5.415518760681152 178
5.425241231918335 178
5.4356067180633545 178
5.445138216018677 178
5.4583210945129395 178
5.467444658279419 178
5.477211236953735 178
5.488353490829468 178
5.49847674369812 178
5.507617950439453 178
5.517176628112793 178
5.526764869689941 178
5.53714394569397 178
5.546860933303833 178
5.556436061859131 178
5.566011428833008 178
5.5753936767578125 178
5.585955381393433 178
5.595303058624268 178
5.605581998825073 179
5.615129709243774 179
5.624740123748779 180
5.634982585906982 180
5.644529104232788 180
5.654099225997925 181
5.6634016036987305 181
5.6731321811676025 181
5.682736873626709 182
5.693058013916016 182
5.703153133392334 182
5.712742805480957 182
5.722460031509399 182
5.731917858123779 182
5.7430548667907715 181
5.752683639526367 181
5.76223611831665 181
5.771516799926758 181
5.781080007553101 181
5.791611194610596 181
5.808012962341309 181
5.819655179977417 181
5.828489542007446 181
5.840039253234863 181
5.853119373321533 181
5.863568544387817 181
5.873229742050171 181
5.882975816726685 181
5.893296241760254 181
5.902979373931885 181
5.914231538772583 181
5.923397779464722 181
5.933067321777344 181
5.943335771560669 181
5.9528892040252686 181
5.96256685256958 181
5.97215723991394 181
5.981268644332886 181
5.991615056991577 181
6.00100302696228 181
6.011015892028809 181
6.020691394805908 181
6.030242204666138 181
6.039116621017456 181
6.050076961517334 181
6.059566020965576 181
6.068380355834961 181
6.077475070953369 181
6.087212324142456 181
6.097602605819702 181
6.107170820236206 181
6.117116928100586 181
6.126649379730225 181
6.136209011077881 181
6.1466405391693115 181
6.156147003173828 181
6.165434122085571 181
6.175036430358887 181
6.184509515762329 181
6.195049047470093 181
6.204694986343384 181
6.21464991569519 181
6.224090099334717 181
6.233299970626831 181
6.242867469787598 181
6.256738662719727 181
6.266555309295654 181
6.276248931884766 181
6.285881757736206 181
6.296244144439697 181
6.30557107925415 181
6.315237522125244 181
6.324996471405029 181
6.334474086761475 181
6.343565225601196 181
6.354760408401489 181
6.366364240646362 181
6.380230188369751 181
6.392677545547485 181
6.406470060348511 181
6.420656442642212 181
6.434281826019287 181
6.448526382446289 181
6.462316513061523 181
6.474904537200928 181
6.485272645950317 181
6.494920969009399 181
6.505393981933594 181
6.514965534210205 181
6.524837017059326 181
6.5343780517578125 181
6.5436036586761475 181
6.554314851760864 181
6.563955783843994 181
6.573222398757935 181
6.582927465438843 181
6.592554569244385 181
6.60445237159729 181
6.613610506057739 181
6.624159574508667 181
6.633383750915527 181
6.642915725708008 181
6.6567909717559814 181
6.666559219360352 181
6.676294565200806 181
6.686114072799683 181
6.6954474449157715 181
6.706069707870483 181
6.715542316436768 181
6.725528955459595 181
6.735118627548218 181
6.744794130325317 181
6.755211353302002 181
6.764841318130493 181
6.774320602416992 181
6.783495187759399 181
6.793069362640381 181
6.803494930267334 181
6.8131420612335205 181
6.822747230529785 181
6.8328447341918945 181
6.8425562381744385 181
6.85217547416687 181
6.863458871841431 181
6.873029708862305 181
6.882647275924683 181
6.892277717590332 181
6.901332855224609 181
6.912212371826172 181
6.921584129333496 181
6.931344985961914 181
6.942157745361328 181
6.951239347457886 181
6.962079048156738 181
6.971296548843384 181
6.980998992919922 181
6.9906227588653564 181
7.000222682952881 181
7.015422105789185 181
7.030543088912964 181
7.040238857269287 181
7.049603700637817 181
7.064157724380493 181
7.075577974319458 181
7.086206674575806 181
7.0955650806427 181
7.105283737182617 181
7.1158974170684814 181
7.125303268432617 181
7.136436700820923 181
7.146040916442871 181
7.155423164367676 181
7.16620659828186 181
7.1755712032318115 181
7.185128211975098 181
7.1946961879730225 181
7.204122304916382 181
7.214462518692017 181
7.224185228347778 181
7.233510732650757 181
7.243556976318359 181
7.253125190734863 181
7.263357639312744 181
7.272919416427612 181
7.28260064125061 181
7.2922399044036865 181
7.301461219787598 181
7.312348365783691 181
7.321617603302002 181
7.331021308898926 181
7.3411335945129395 181
7.3506693840026855 181
7.360362529754639 181
7.370717763900757 181
7.380248546600342 181
7.389870643615723 181
7.398604393005371 181
7.408138751983643 181
7.418484926223755 181
7.427603721618652 181
7.4372265338897705 181
7.447334289550781 181
7.4621758460998535 181
7.472755193710327 181
7.482525587081909 181
7.492209196090698 181
