0 0
0.007100820541381836 0
0.020534753799438477 0
0.029890775680541992 1
0.03931379318237305 3
0.04821610450744629 6
0.05832624435424805 10
0.06796145439147949 13
0.07743000984191895 19
0.09184980392456055 26
0.10140490531921387 34
0.11191582679748535 41
0.12540245056152344 49
0.13443279266357422 55
0.1442277431488037 63
0.15369391441345215 77
0.1720867156982422 94
0.19414544105529785 115
0.21997547149658203 129
0.23934102058410645 137
0.2494356632232666 147
0.2598385810852051 154
0.26949596405029297 164
0.28655457496643066 183
0.30444860458374023 193
0.31449222564697266 203
0.32717180252075195 208
0.33560895919799805 217
0.34661102294921875 221
0.35537171363830566 226
0.36442041397094727 229
0.3745076656341553 232
0.3839907646179199 234
0.3943326473236084 235
0.4040672779083252 235
0.41361093521118164 234
0.4232041835784912 232
0.43260931968688965 229
0.44313955307006836 226
0.4524092674255371 222
0.4619286060333252 218
0.47129106521606445 213
0.48041629791259766 205
0.4965221881866455 200
0.5053150653839111 194
0.5143628120422363 189
0.5243449211120605 185
0.5339903831481934 181
0.5445806980133057 177
0.5542001724243164 175
0.5640537738800049 173
0.5735609531402588 172
0.5845484733581543 172
0.5970718860626221 173
0.6060271263122559 174
0.6145877838134766 176
0.6240599155426025 178
0.6335964202880859 181
0.6437034606933594 184
0.6533114910125732 187
0.6629407405853271 190
0.6722986698150635 193
0.6817786693572998 195
0.6912002563476562 198
0.7020699977874756 199
0.7114613056182861 201
0.7205820083618164 202
0.7302045822143555 203
0.7396924495697021 203
0.7499287128448486 203
0.759455680847168 202
0.7685074806213379 201
0.7778971195220947 200
0.7875335216522217 199
0.7977230548858643 197
0.8072366714477539 196
0.8160429000854492 195
0.8253836631774902 193
0.8360264301300049 191
0.8445999622344971 190
0.8554131984710693 189
0.8644082546234131 188
0.8738880157470703 187
0.8833656311035156 187
0.8990721702575684 186
0.9098596572875977 186
0.9212076663970947 186
0.9302937984466553 187
0.9397201538085938 187
0.9500041007995605 187
0.9595067501068115 187
0.9690043926239014 187
0.9779713153839111 188
0.9873635768890381 188
0.9971230030059814 189
1.007401466369629 189
1.0165767669677734 189
1.0253522396087646 190
1.0343708992004395 190
1.0438017845153809 190
1.0541856288909912 190
1.0636441707611084 190
1.073082685470581 190
1.082247018814087 190
1.091836929321289 190
1.1025159358978271 190
1.1119837760925293 190
1.1213858127593994 190
1.1304166316986084 190
1.1398215293884277 190
1.1495263576507568 190
1.1602566242218018 190
1.1697442531585693 190
1.1793253421783447 190
1.1881859302520752 190
1.1975939273834229 190
1.2085976600646973 190
1.217843770980835 190
1.2272276878356934 190
1.2365186214447021 190
1.2450244426727295 190
1.255201816558838 190
1.2641777992248535 190
1.2738003730773926 190
1.28322434425354 190
1.2973124980926514 190
1.3078052997589111 190
1.317828893661499 190
1.3274037837982178 190
1.337325096130371 190
1.347959280014038 190
1.3581781387329102 190
1.3676064014434814 190
1.3770723342895508 190
1.386005163192749 190
1.3945677280426025 190
1.4040772914886475 190
1.41514253616333 190
1.424140214920044 190
1.4336345195770264 190
1.4432306289672852 190
1.4526119232177734 190
1.4630544185638428 190
1.472254753112793 190
1.4816722869873047 190
1.4906303882598877 189
1.5000958442687988 189
1.5105953216552734 189
1.5201032161712646 189
1.5296096801757812 189
1.5390191078186035 189
1.547968864440918 189
1.5574913024902344 189
1.5679466724395752 189
1.5773587226867676 189
1.5866105556488037 189
1.595292329788208 189
1.604280948638916 189
1.6155245304107666 189
1.6244895458221436 189
1.6340692043304443 189
1.6435885429382324 189
1.6530139446258545 189
1.6633472442626953 189
1.6725454330444336 189
1.6819875240325928 189
1.6914300918579102 189
1.7054836750030518 189
1.7175631523132324 189
1.7304179668426514 188
1.7429769039154053 188
1.7555339336395264 187
1.770313024520874 187
1.7829053401947021 186
1.7954378128051758 185
1.8089172840118408 185
1.8196873664855957 185
1.8292663097381592 185
1.8381829261779785 185
1.8484926223754883 185
1.8578343391418457 185
1.8681633472442627 185
1.8775851726531982 185
1.8869783878326416 185
1.8953754901885986 185
1.904339075088501 185
1.9145455360412598 185
1.9244775772094727 185
1.9341216087341309 185
1.9435889720916748 185
1.9530894756317139 185
1.963951587677002 185
1.9741675853729248 185
1.983588695526123 185
1.9931707382202148 185
2.002354621887207 185
2.0117690563201904 185
2.021831512451172 185
2.0317633152008057 185
2.0409789085388184 185
2.050236225128174 185
2.0596776008605957 185
2.0697855949401855 185
2.0792665481567383 185
2.0883262157440186 185
2.101672649383545 185
2.111290216445923 185
2.124025344848633 185
2.1344869136810303 185
2.1440787315368652 185
2.1535398960113525 185
2.1629912853240967 185
2.17343807220459 185
2.184522867202759 185
2.1943583488464355 185
2.203808069229126 185
2.2133147716522217 185
2.2236430644989014 185
2.2336809635162354 185
2.243988513946533 185
2.2535994052886963 185
2.263012170791626 185
2.2733418941497803 185
2.2825112342834473 185
2.2920448780059814 185
2.301429033279419 185
2.3104233741760254 185
2.3198723793029785 185
2.330111265182495 185
2.339959144592285 185
2.3495237827301025 185
2.3585987091064453 185
2.367828369140625 185
2.3780014514923096 185
2.3874785900115967 185
2.3969457149505615 185
2.4055275917053223 185
2.414499044418335 185
2.425168991088867 185
2.43463134765625 185
2.444140672683716 185
2.4535839557647705 185
2.4630110263824463 185
2.473383903503418 185
2.4830169677734375 185
2.492225408554077 185
2.5054242610931396 185
2.5144007205963135 185
2.5254054069519043 185
2.534426212310791 185
2.544196605682373 185
2.553654909133911 185
2.5630855560302734 185
2.57224702835083 185
2.5824944972991943 185
2.5920498371124268 185
2.6014416217803955 185
2.6109375953674316 185
2.620103359222412 185
2.6303141117095947 185
2.640192747116089 185
2.649813413619995 185
2.659273624420166 185
2.66819429397583 185
2.6782984733581543 185
2.6877384185791016 185
2.6979403495788574 185
2.7075188159942627 185
2.716951608657837 185
2.725402355194092 185
2.7365036010742188 185
2.7472620010375977 185
2.7579636573791504 185
2.7675535678863525 185
2.776991605758667 185
2.7872586250305176 185
2.7960474491119385 185
2.8046133518218994 185
2.814049482345581 185
2.823538303375244 185
2.833911180496216 185
2.8433797359466553 185
2.852583169937134 184
2.8620145320892334 184
2.871485948562622 184
2.881692409515381 184
2.8912389278411865 183
2.9038517475128174 183
2.9134716987609863 183
2.9231009483337402 183
2.933513641357422 182
2.942965030670166 182
2.952610731124878 182
2.962043285369873 182
2.971377372741699 182
2.9815070629119873 182
2.9906015396118164 182
3.0002071857452393 182
3.009762763977051 182
3.019171953201294 182
3.0280978679656982 182
3.038206100463867 182
3.0475974082946777 182
3.057070732116699 182
3.0660011768341064 182
3.0745530128479004 182
3.085188627243042 182
3.0941593647003174 182
3.1035828590393066 182
3.113013982772827 182
3.1222212314605713 182
3.131823778152466 182
3.1421687602996826 182
3.1521899700164795 182
3.1616275310516357 182
3.1706032752990723 182
3.1800549030303955 182
3.190423011779785 182
3.1998724937438965 182
3.209301471710205 182
3.218186616897583 182
3.2277066707611084 182
3.2379543781280518 182
3.247467279434204 182
3.2582714557647705 182
3.2677884101867676 182
3.2771928310394287 182
3.2874622344970703 182
3.2968971729278564 182
3.310058355331421 182
3.319561719894409 182
3.329040765762329 182
3.339197874069214 182
3.3481061458587646 182
3.3578708171844482 182
3.367429494857788 182
3.3766326904296875 182
3.3853299617767334 182
3.395383834838867 182
3.404357671737671 182
3.413789749145508 182
3.4232311248779297 182
3.4325649738311768 182
3.4430222511291504 182
3.4522383213043213 182
3.4621434211730957 182
3.471496343612671 182
3.480483293533325 182
3.4912054538726807 182
3.5001888275146484 182
3.5096092224121094 182
3.519192934036255 182
3.528092384338379 182
3.5374362468719482 182
3.547727584838867 182
3.557209014892578 182
3.5671398639678955 182
3.5755393505096436 182
3.5845205783843994 182
3.5951926708221436 182
3.604161262512207 182
3.620033025741577 182
3.6295650005340576 182
3.6389071941375732 182
3.649317979812622 182
3.6582295894622803 182
3.668283462524414 182
3.6776840686798096 182
3.687072277069092 182
3.697981834411621 182
3.7114694118499756 182
3.720620632171631 182
3.7302653789520264 182
3.739720344543457 182
3.749920129776001 182
3.7593770027160645 182
3.7704343795776367 182
3.7804160118103027 182
3.7899794578552246 182
3.8020095825195312 182
3.8144097328186035 182
3.8275890350341797 182
3.8398983478546143 182
3.85374116897583 182
3.8676912784576416 182
3.8799445629119873 182
3.889418601989746 182
3.8996646404266357 182
3.9093306064605713 182
3.918306827545166 182
3.9277665615081787 182
3.937197685241699 182
3.947417736053467 182
3.956961154937744 182
3.9655182361602783 182
3.9745309352874756 182
3.9839890003204346 182
3.9934847354888916 182
4.003714323043823 182
4.013160467147827 182
4.022327423095703 182
4.031887531280518 182
4.041374921798706 182
4.051702260971069 182
4.06103515625 182
4.070121765136719 182
4.080090522766113 182
4.0896852016448975 182
4.1000847816467285 182
4.113456964492798 182
4.131444454193115 182
4.141448020935059 182
4.152140140533447 182
4.161513328552246 182
4.17113184928894 182
4.181885242462158 182
4.191292762756348 182
4.201513290405273 182
4.210986852645874 182
4.220111131668091 182
4.229578256607056 182
4.239874839782715 182
4.250182628631592 182
4.260397911071777 182
4.269963026046753 182
4.279435873031616 182
4.288490056991577 182
4.2979395389556885 182
4.308274745941162 182
4.31771183013916 182
4.327195882797241 182
4.335989952087402 182
4.344576120376587 182
4.355310440063477 182
4.364320993423462 182
4.37380313873291 182
4.383721828460693 182
4.3933374881744385 182
4.40254545211792 182
4.412865400314331 182
4.422066688537598 182
4.431628704071045 182
4.440592288970947 182
4.450227975845337 182
4.460456848144531 182
4.46988844871521 182
4.479401350021362 182
4.489354133605957 182
4.498306751251221 182
4.512460470199585 182
4.522055149078369 182
4.531621932983398 182
4.541055917739868 182
4.550126791000366 182
4.560328006744385 182
4.569960117340088 182
4.579391717910767 182
4.589385509490967 182
4.599197864532471 182
4.6092915534973145 182
4.618213653564453 182
4.627761363983154 182
4.637218952178955 182
4.6460206508636475 182
4.6546101570129395 182
4.665356874465942 182
4.674333572387695 182
4.683786630630493 182
4.694482803344727 182
4.703981161117554 182
4.7143144607543945 182
4.7238054275512695 182
4.7332375049591064 182
4.7425291538238525 182
4.753095626831055 182
4.763291120529175 182
4.772521257400513 182
4.782036542892456 182
4.797793865203857 182
4.807333707809448 182
4.81768798828125 182
4.827157258987427 182
4.835611820220947 182
4.844577789306641 182
4.8572165966033936 182
4.867621660232544 182
4.877073049545288 182
4.885538816452026 182
4.895483016967773 182
4.910161018371582 181
4.920585870742798 181
4.930357933044434 181
4.939894676208496 181
4.949474096298218 180
4.958588600158691 180
4.96903395652771 179
4.977967262268066 179
4.987577676773071 179
5.003775358200073 179
5.026078701019287 179
5.035398721694946 179
5.0443925857543945 179
5.053953170776367 179
5.06733512878418 179
5.076630115509033 179
5.085277080535889 179
5.094243049621582 179
5.104074954986572 179
5.114363670349121 179
5.129681348800659 179
5.139101266860962 179
5.1553871631622314 179
5.1797544956207275 179
5.1999192237854 179
5.222925901412964 179
5.241250991821289 179
5.250984191894531 179
5.2600507736206055 179
5.270315408706665 179
5.279703378677368 179
5.298851013183594 179
5.318435907363892 179
5.328290224075317 179
5.3378801345825195 179
5.348087310791016 179
5.358005046844482 179
5.36903715133667 179
5.377955198287964 179
5.387311220169067 179
5.397450923919678 179
5.4074554443359375 179
5.417381525039673 179
5.427087306976318 179
5.435520172119141 179
5.446031808853149 179
5.4546098709106445 179
5.464052438735962 179
5.473623991012573 179
5.491464614868164 179
5.501718282699585 179
5.511457204818726 179
5.520495176315308 179
5.530031442642212 179
5.5394370555877686 179
5.54964804649353 179
5.559013843536377 179
5.567921161651611 179
5.577285289764404 179
5.586539030075073 179
5.595248460769653 179
5.60540509223938 179
5.615374326705933 179
5.6268510818481445 179
5.637402296066284 179
5.651930332183838 179
5.663085222244263 179
5.67223048210144 179
5.681509733200073 179
5.690531253814697 179
5.7019524574279785 179
5.715305805206299 179
5.724273204803467 179
5.733905553817749 179
5.74345064163208 179
5.753664255142212 179
5.763059854507446 179
5.772371292114258 179
5.781752824783325 179
5.790960311889648 179
5.801522493362427 179
5.810510635375977 179
5.820361137390137 179
5.8298938274383545 179
5.839285850524902 179
5.848170280456543 179
5.859020709991455 179
5.867941379547119 179
5.877840280532837 179
5.89060640335083 179
5.9039483070373535 179
5.918019533157349 179
5.931377410888672 179
5.943838357925415 179
5.959089040756226 179
5.971343994140625 179
5.98361873626709 179
5.99523138999939 179
6.00554084777832 179
6.014477014541626 179
6.0244140625 179
6.033809185028076 179
6.043222427368164 179
6.052423715591431 179
6.062505722045898 179
6.07202410697937 179
6.081364631652832 179
6.090370178222656 179
6.099736213684082 179
6.113650321960449 179
6.123796701431274 179
6.133478879928589 179
6.142949819564819 179
6.152227878570557 179
6.1624274253845215 179
6.171827793121338 179
6.18110466003418 179
6.19025444984436 179
6.1996989250183105 179
6.20970606803894 179
6.219066619873047 179
6.22890830039978 179
6.237863063812256 179
6.247356176376343 179
6.257495880126953 179
6.266931533813477 179
6.27533221244812 179
6.284320116043091 179
6.293761968612671 179
6.303163290023804 179
6.313467979431152 179
6.322631120681763 179
6.332465410232544 179
6.341902494430542 179
6.3511962890625 179
6.361498117446899 179
6.370943307876587 179
6.380175352096558 179
6.389573574066162 179
6.398632764816284 179
6.407940149307251 179
6.4180748462677 179
6.428098201751709 179
6.43750262260437 179
6.447433233261108 179
6.457202434539795 179
6.4674437046051025 179
6.476606607437134 179
6.485419750213623 179
6.494371175765991 179
6.50380539894104 179
6.518504619598389 179
6.527930736541748 179
6.537937641143799 179
6.54744291305542 179
6.5566086769104 179
6.5670294761657715 179
6.575452089309692 179
6.5844104290008545 179
6.593832492828369 179
6.6032395362854 179
6.613471746444702 179
6.622604608535767 179
6.6324615478515625 179
6.642008066177368 179
6.651297330856323 179
6.66036319732666 179
6.670623540878296 179
6.680034160614014 179
6.689480543136597 179
6.699616193771362 179
6.708920001983643 179
6.7190752029418945 179
6.728106737136841 179
6.737945556640625 179
6.747363567352295 179
6.756501913070679 179
6.767054557800293 179
6.775500774383545 179
6.784457206726074 179
6.794034481048584 179
6.803448438644409 179
6.812624454498291 179
6.823093891143799 179
6.8322367668151855 179
6.84204363822937 179
6.851521253585815 179
6.860530614852905 179
6.87057089805603 179
6.879945993423462 179
6.889373540878296 179
6.898573637008667 179
6.90789270401001 179
6.922050952911377 179
6.931504249572754 179
6.941488742828369 179
6.950510263442993 179
6.961723566055298 179
6.972381353378296 179
6.981817960739136 179
6.991085052490234 179
7.000517129898071 179
7.009928226470947 179
7.020092248916626 179
7.029676675796509 179
7.0390613079071045 179
7.048602342605591 179
7.057819843292236 179
7.067237377166748 179
7.0775439739227295 179
7.087035655975342 179
7.095459699630737 179
7.104424953460693 179
7.1138176918029785 179
7.124019384384155 179
7.133410692214966 179
7.1425461769104 179
7.152993679046631 179
7.162281274795532 179
7.1724631786346436 179
7.181905031204224 179
7.191190242767334 179
7.20019006729126 179
7.209714651107788 179
7.219067573547363 179
7.2292962074279785 179
7.238214492797852 179
7.248032331466675 179
7.257429122924805 179
7.266934871673584 179
7.27712869644165 179
7.28601861000061 179
7.2945473194122314 179
7.303985834121704 179
7.317946195602417 179
7.3284711837768555 179
7.337820053100586 179
7.347183465957642 179
7.357050180435181 179
7.365453243255615 179
7.375982046127319 179
7.384507179260254 179
7.394042253494263 179
7.4034504890441895 179
7.412598371505737 179
