0 0
0.005979776382446289 0
0.01986408233642578 1
0.029367685317993164 2
0.03951883316040039 4
0.04894280433654785 7
0.058088064193725586 11
0.0674593448638916 14
0.07708382606506348 19
0.0862123966217041 26
0.09927964210510254 32
0.1088874340057373 38
0.1181032657623291 45
0.12761855125427246 51
0.13709759712219238 59
0.14748406410217285 65
0.15688085556030273 73
0.16602396965026855 83
0.17921066284179688 89
0.18883156776428223 99
0.1996605396270752 107
0.2093343734741211 113
0.2188277244567871 121
0.2281177043914795 130
0.23768925666809082 138
0.24796628952026367 146
0.2585926055908203 155
0.26789307594299316 163
0.2774207592010498 169
0.2867586612701416 178
0.2970564365386963 186
0.3062009811401367 195
0.31584978103637695 203
0.32533717155456543 210
0.3348984718322754 218
0.34499406814575195 227
0.35451316833496094 234
0.3637251853942871 242
0.3733057975769043 247
0.38281822204589844 252
0.3916645050048828 257
0.4030592441558838 261
0.4126169681549072 263
0.42114806175231934 265
0.43015432357788086 266
0.43979525566101074 265
0.45009756088256836 264
0.4596405029296875 262
0.469174861907959 259
0.4786839485168457 256
0.4879436492919922 251
0.4990837574005127 247
0.5086612701416016 241
0.5179421901702881 236
0.5274031162261963 230
0.5367584228515625 223
0.5458524227142334 217
0.5565624237060547 211
0.5657691955566406 203
0.5790696144104004 198
0.5886328220367432 193
0.5980534553527832 188
0.6097767353057861 185
0.6193921566009521 183
0.6289932727813721 181
0.6382050514221191 181
0.6476430892944336 181
0.6578857898712158 182
0.6673648357391357 186
0.6847789287567139 189
0.6970202922821045 199
0.7267794609069824 211
0.7557623386383057 219
0.7777731418609619 223
0.7950959205627441 224
0.8046207427978516 225
0.8136005401611328 224
0.823042631149292 223
0.8354403972625732 218
0.857450008392334 214
0.8679015636444092 211
0.8773937225341797 208
0.8869869709014893 204
0.8972358703613281 200
0.9065465927124023 197
0.9167337417602539 194
0.9258246421813965 191
0.9353194236755371 189
0.945469856262207 187
0.9549634456634521 185
0.9639103412628174 184
0.9771237373352051 184
0.9866337776184082 184
0.9970734119415283 184
1.0065300464630127 185
1.0165328979492188 186
1.025691032409668 188
1.0352697372436523 189
1.0454909801483154 191
1.055013656616211 192
1.064154863357544 194
1.0733997821807861 195
1.082850456237793 196
1.0922167301177979 197
1.1026179790496826 198
1.1130294799804688 199
1.1237375736236572 199
1.1331768035888672 199
1.1427764892578125 199
1.1532368659973145 199
1.1626715660095215 198
1.1711621284484863 197
1.180143117904663 197
1.189650297164917 195
1.199934959411621 194
1.2094340324401855 193
1.219618320465088 193
1.2291455268859863 191
1.2388331890106201 191
1.2490739822387695 189
1.25931715965271 189
1.2687699794769287 188
1.278099775314331 188
1.2875306606292725 188
1.2969098091125488 187
1.307253122329712 187
1.3169772624969482 187
1.3261215686798096 187
1.3356425762176514 188
1.345137596130371 188
1.355353593826294 188
1.3649547100067139 188
1.3775689601898193 188
1.3869600296020508 188
1.3961844444274902 188
1.4069929122924805 188
1.4169297218322754 188
1.4269213676452637 188
1.4359462261199951 188
1.4453320503234863 188
1.4557061195373535 187
1.4651978015899658 188
1.474510908126831 188
1.4835481643676758 188
1.4930419921875 188
1.5032627582550049 188
1.5128421783447266 188
1.522109031677246 188
1.5316112041473389 188
1.5405974388122559 188
1.5500340461730957 188
1.5607168674468994 188
1.569695234298706 188
1.5792827606201172 188
1.5887367725372314 188
1.5979487895965576 188
1.608144760131836 188
1.617551326751709 187
1.6282014846801758 187
1.6378142833709717 187
1.647254467010498 187
1.6574938297271729 187
1.6670188903808594 187
1.6788499355316162 187
1.6889843940734863 187
1.6985726356506348 187
1.7089025974273682 187
1.718127727508545 187
1.7279999256134033 187
1.7393794059753418 187
1.748844861984253 187
1.759218454360962 187
1.768691062927246 187
1.7827727794647217 187
1.792912483215332 187
1.8028440475463867 186
1.8132731914520264 185
1.8227272033691406 185
1.8326990604400635 185
1.8411533832550049 184
1.8501322269439697 183
1.8607821464538574 183
1.8698010444641113 182
1.879471778869629 182
1.8889033794403076 182
1.8980705738067627 181
1.9082098007202148 181
1.9176385402679443 181
1.9270894527435303 181
1.9362196922302246 181
1.945633888244629 181
1.9550676345825195 182
1.9669466018676758 182
1.9759604930877686 182
1.9853672981262207 181
1.994969129562378 181
2.003877639770508 181
2.014484167098999 181
2.0234532356262207 181
2.0328149795532227 182
2.0427021980285645 182
2.0516269207000732 181
2.062549352645874 181
2.0709657669067383 181
2.079906702041626 181
2.08937406539917 181
2.09877347946167 181
2.1079370975494385 181
2.118175506591797 181
2.127568244934082 181
2.137317657470703 181
2.1470963954925537 181
2.15608549118042 181
2.1660804748535156 181
2.1793408393859863 181
2.1889946460723877 181
2.1985368728637695 181
2.2079389095306396 181
2.2180826663970947 181
2.227494716644287 181
2.2369487285614014 181
2.24690842628479 181
2.25712251663208 181
2.267409563064575 181
2.2766332626342773 181
2.28568434715271 181
2.2951860427856445 181
2.305804491043091 181
2.3168728351593018 181
2.325874090194702 181
2.3352792263031006 181
2.344642162322998 181
2.353665590286255 181
2.3630239963531494 181
2.3732664585113525 181
2.38266921043396 181
2.391042947769165 181
2.399991273880005 181
2.4094059467315674 181
2.4197888374328613 181
2.429189920425415 181
2.4385292530059814 181
2.4478206634521484 181
2.4577291011810303 181
2.467830181121826 181
2.477418899536133 181
2.4866905212402344 181
2.495706081390381 181
2.505119562149048 181
2.5141611099243164 181
2.524637460708618 181
2.5336389541625977 181
2.5430338382720947 181
2.5529563426971436 181
2.5616703033447266 181
2.5725860595703125 181
2.585521697998047 181
2.5951340198516846 181
2.6045985221862793 181
2.613494396209717 181
2.623641014099121 181
2.633039712905884 181
2.6422126293182373 181
2.652445077896118 181
2.6608381271362305 181
2.6710798740386963 181
2.6800169944763184 181
2.6894304752349854 181
2.698880910873413 181
2.708556652069092 181
2.7178680896759033 181
2.728091239929199 181
2.737482786178589 181
2.7472071647644043 181
2.758970260620117 181
2.7732772827148438 181
2.786026954650879 181
2.798443078994751 181
2.8108596801757812 181
2.8252673149108887 181
2.8372271060943604 181
2.8461251258850098 181
2.856039047241211 181
2.865438222885132 181
2.875610828399658 181
2.885028600692749 181
2.894458055496216 181
2.9034366607666016 181
2.912827253341675 181
2.921201229095459 181
2.9321200847625732 181
2.94075608253479 181
2.949704647064209 181
2.959784746170044 181
2.9693603515625 181
2.9838929176330566 181
2.993424415588379 181
3.0029077529907227 181
3.0124940872192383 181
3.0209124088287354 181
3.0311546325683594 181
3.0400919914245605 181
3.049553394317627 181
3.0594449043273926 181
3.0688600540161133 181
3.079213857650757 181
3.0886173248291016 181
3.0979068279266357 181
3.107367515563965 181
3.1166326999664307 181
3.1257307529449463 181
3.136012315750122 181
3.1454153060913086 181
3.154832124710083 181
3.1646018028259277 181
3.173530340194702 181
3.1836698055267334 181
3.193202495574951 181
3.2027668952941895 181
3.2111542224884033 181
3.2200851440429688 181
3.2307705879211426 181
3.2397356033325195 181
3.2491822242736816 181
3.2594592571258545 181
3.2694029808044434 181
3.2788074016571045 181
3.289029121398926 181
3.2981691360473633 181
3.307603359222412 181
3.3170278072357178 181
3.328120231628418 181
3.3386099338531494 181
3.3478195667266846 181
3.3573713302612305 181
3.3672122955322266 181
3.3766183853149414 181
3.389890193939209 181
3.3994596004486084 181
3.409008741378784 181
3.4185736179351807 181
3.4277541637420654 181
3.437967538833618 181
3.447364091873169 181
3.4566612243652344 181
3.465686798095703 181
3.4755492210388184 181
3.4859189987182617 181
3.495445489883423 181
3.5048747062683105 181
3.513789176940918 181
3.523195505142212 181
3.5325944423675537 181
3.5428740978240967 181
3.5521352291107178 181
3.5607821941375732 181
3.57060170173645 181
3.5796618461608887 181
3.589818239212036 181
3.5993082523345947 181
3.6087169647216797 181
3.618042230606079 181
3.6337265968322754 181
3.6444642543792725 181
3.6534929275512695 181
3.6628963947296143 181
3.6721854209899902 181
3.6887316703796387 181
3.6980912685394287 181
3.709239959716797 181
3.718684673309326 181
3.7278852462768555 181
3.739213228225708 181
3.748786449432373 181
3.7579565048217773 181
3.767394542694092 181
3.7772738933563232 181
3.7930896282196045 181
3.8037784099578857 181
3.813322067260742 181
3.822737455368042 181
3.8311684131622314 181
3.841646671295166 181
3.8508286476135254 181
3.859795331954956 181
3.869210958480835 181
3.8792788982391357 181
3.888681650161743 181
3.8989412784576416 181
3.9081504344940186 181
3.917663812637329 181
3.9270262718200684 181
3.93609881401062 181
3.9469635486602783 181
3.956143856048584 181
3.9656097888946533 181
3.9751758575439453 181
3.9850878715515137 181
3.9952216148376465 181
4.004828214645386 181
4.013730764389038 181
4.023159503936768 181
4.0327653884887695 181
4.0427985191345215 181
4.051635503768921 181
4.060176134109497 181
4.069619417190552 181
4.0790441036224365 181
4.0888588428497314 181
4.099329710006714 181
4.108755826950073 181
4.117969989776611 180
4.1274192333221436 180
4.136896371841431 179
4.147243976593018 179
4.1566479206085205 179
4.165703773498535 179
4.175187587738037 179
4.1874024868011475 179
4.1990251541137695 179
4.2085864543914795 179
4.218042612075806 179
4.227507829666138 179
4.236865758895874 179
4.2470457553863525 179
4.257409572601318 179
4.266878604888916 179
4.276032447814941 179
4.285472869873047 179
4.295346260070801 179
4.3067426681518555 179
4.315829753875732 179
4.325256109237671 179
4.334755897521973 179
4.343711853027344 179
4.354021072387695 179
4.363297462463379 179
4.372738599777222 179
4.38112998008728 179
4.391171216964722 179
4.402126789093018 179
4.4107067584991455 179
4.419675350189209 179
4.429120302200317 179
4.4385740756988525 179
4.448667764663696 179
4.458053827285767 179
4.467488527297974 179
4.476829528808594 179
4.485828161239624 179
4.495595455169678 179
4.505805730819702 179
4.515331745147705 179
4.5249717235565186 179
4.533867120742798 179
4.543243169784546 179
4.553546667098999 179
4.562922716140747 179
4.572188377380371 179
4.5808327198028564 179
4.595425605773926 179
4.605722665786743 179
4.615220308303833 179
4.624593496322632 179
4.633719444274902 179
4.643101215362549 179
4.653376579284668 179
4.662829399108887 179
4.671602725982666 179
4.6801300048828125 179
4.689517021179199 179
4.699619293212891 179
4.70970344543457 179
4.719169616699219 179
4.728548049926758 179
4.737711429595947 179
4.747023820877075 179
4.757471561431885 179
4.766779899597168 179
4.775779962539673 179
4.785330772399902 179
4.794711589813232 179
4.805362701416016 179
4.81611442565918 179
4.825876474380493 179
4.8369903564453125 179
4.84917426109314 179
4.863471508026123 179
4.8765199184417725 179
4.888808488845825 179
4.902684450149536 179
4.916184902191162 179
4.928808689117432 179
4.940861940383911 179
4.949829578399658 179
4.960022449493408 179
4.969491958618164 179
4.978916883468628 179
4.992942810058594 179
5.002464056015015 179
5.013209581375122 179
5.022660970687866 179
5.031076669692993 179
5.040016412734985 179
5.04957914352417 179
5.059910297393799 179
5.069382429122925 179
5.078803777694702 179
5.087975740432739 179
5.097354888916016 179
5.107248306274414 179
5.117505073547363 179
5.126814842224121 179
5.135810613632202 179
5.145552396774292 179
5.155004978179932 179
5.165193796157837 179
5.174793004989624 179
5.1836998462677 179
5.1930482387542725 179
5.2024312019348145 179
5.213085412979126 179
5.222533226013184 179
5.231116771697998 179
5.240055322647095 179
5.250189542770386 179
5.259632110595703 179
5.2697038650512695 179
5.279139518737793 179
5.288601875305176 179
5.2978997230529785 179
5.30745267868042 179
5.317963123321533 179
5.328078985214233 179
5.337461709976196 179
5.346735239028931 179
5.355874061584473 179
5.366069316864014 179
5.37548828125 179
5.3849263191223145 179
5.397768974304199 179
5.407294273376465 179
5.418148040771484 179
5.427686929702759 179
5.437215805053711 179
5.4461750984191895 179
5.4555652141571045 179
5.465758800506592 179
5.475324869155884 179
5.48470139503479 179
5.493643522262573 179
5.503040790557861 179
5.512217998504639 179
5.523132085800171 179
5.532632112503052 179
5.541046857833862 179
5.550011157989502 179
5.5594282150268555 179
5.569753408432007 179
5.579173803329468 179
5.588513374328613 179
5.597792863845825 179
5.607224702835083 179
5.61728835105896 179
5.626623868942261 179
5.637370347976685 179
5.646628379821777 179
5.6557886600494385 179
5.66519832611084 179
5.679052352905273 179
5.688202381134033 179
5.697754383087158 179
5.7072718143463135 179
5.716675043106079 179
5.7388787269592285 179
5.756837606430054 179
5.77690577507019 179
5.79775857925415 179
5.807250261306763 179
5.816553592681885 179
5.826730966567993 179
5.847038269042969 179
5.863700866699219 179
5.875992059707642 179
5.890102863311768 179
5.900825023651123 179
5.909818887710571 179
5.919189691543579 179
5.929056644439697 179
5.938216686248779 179
5.948619842529297 179
5.957960605621338 179
5.967390775680542 179
5.9766364097595215 179
5.985700368881226 179
5.99593186378479 179
6.005374431610107 179
6.014919757843018 179
6.023813009262085 179
6.033832788467407 179
6.043221473693848 179
6.053435802459717 179
6.0628273487091064 179
6.072099685668945 179
6.080832481384277 179
6.089816093444824 179
6.100027084350586 179
6.10945987701416 179
6.118906497955322 179
6.128031969070435 179
6.138102769851685 179
6.148562669754028 179
6.157759428024292 179
6.167229175567627 179
6.176130294799805 179
6.185502767562866 179
6.199399709701538 179
6.208942651748657 179
6.218541145324707 179
6.2278523445129395 179
6.237609386444092 179
6.24690055847168 179
6.258097171783447 179
6.26751708984375 179
6.277031183242798 179
6.286089181900024 179
6.295452833175659 179
6.305586338043213 179
6.315185070037842 179
6.324215888977051 179
6.333418130874634 179
6.344459056854248 179
6.354663372039795 179
6.3636040687561035 179
6.37317419052124 179
6.382547855377197 179
6.390970945358276 179
6.401186943054199 179
6.410102128982544 179
6.4195311069488525 179
6.4289960861206055 179
6.439043283462524 179
6.448166131973267 179
6.4586522579193115 179
6.467842102050781 179
6.477426767349243 179
6.4866790771484375 179
6.495812177658081 179
6.50583028793335 179
6.515204668045044 179
6.5244975090026855 179
6.533429384231567 179
6.5432140827178955 179
6.553432464599609 179
6.562835931777954 179
6.571174383163452 179
6.580094814300537 179
6.589524984359741 179
6.604966640472412 179
6.614199161529541 179
6.623505353927612 179
6.632880210876465 179
6.641636848449707 179
6.650998592376709 179
6.661659240722656 179
6.670173168182373 179
6.679704427719116 179
6.690596342086792 179
6.699781894683838 179
6.709930419921875 179
6.719398021697998 179
6.728813648223877 179
6.738139390945435 179
6.749775648117065 179
6.759958744049072 179
6.769376754760742 179
6.778801202774048 179
6.7879250049591064 179
6.797453880310059 180
6.808648347854614 180
6.817851543426514 180
6.827339172363281 181
6.836524248123169 181
6.845662593841553 181
6.855725049972534 181
6.86603856086731 182
6.875413179397583 182
6.884872198104858 182
6.893822431564331 182
6.903209924697876 182
6.914854049682617 182
6.927056550979614 182
6.939286231994629 182
6.953206300735474 182
6.96704888343811 182
6.979343891143799 181
6.993208885192871 181
7.010035753250122 181
7.019620895385742 181
7.029133081436157 181
7.038661003112793 182
7.047851800918579 182
7.057634353637695 182
7.06781530380249 181
7.077106237411499 181
7.086159944534302 181
7.095703363418579 181
7.105138778686523 181
7.115204811096191 181
7.124764442443848 181
7.133662700653076 181
7.143033266067505 181
7.15259051322937 181
7.163110971450806 181
7.172508955001831 181
7.180962800979614 181
7.189921617507935 181
7.199431419372559 181
7.208949565887451 181
7.219275236129761 181
7.2286810874938965 181
7.237866640090942 181
7.247294664382935 181
7.258039474487305 181
7.268511056900024 181
7.277791738510132 181
7.287086009979248 181
7.2961266040802 181
7.305498123168945 181
7.317309379577637 181
7.32703709602356 181
7.336155891418457 181
7.345536708831787 181
7.361591100692749 181
7.372474670410156 181
7.381075620651245 181
7.389995098114014 181
7.404658794403076 181
7.4137115478515625 181
7.424184560775757 181
7.433393716812134 181
7.44280481338501 181
7.451701641082764 181
7.460590362548828 181
7.472064971923828 181
7.4802069664001465 181
7.489605665206909 181
7.498965263366699 181
7.50808048248291 181
7.517581939697266 181
7.52782678604126 181
7.537208795547485 181
7.546777725219727 181
7.555804014205933 181
7.565596580505371 181
7.575898885726929 181
7.585267543792725 181
7.5946104526519775 181
7.603503704071045 181
7.6129374504089355 181
7.623045921325684 181
7.632541179656982 181
7.641089200973511 181
7.649999141693115 181
7.659402370452881 181
7.66926383972168 181
7.679297924041748 181
7.68868613243103 181
7.697945833206177 181
7.707498788833618 181
7.7167723178863525 181
7.726834297180176 181
7.735840797424316 181
7.745256662368774 181
7.7547900676727295 181
7.763673305511475 181
7.774845123291016 181
7.783724069595337 181
7.793114900588989 181
7.806166172027588 181
7.815821170806885 181
7.8274149894714355 181
7.836716890335083 181
7.845759630203247 181
7.855136394500732 181
7.864187002182007 181
7.873896837234497 181
7.884179592132568 181
7.893361806869507 181
7.902896881103516 181
7.911683082580566 181
7.92017674446106 181
7.931035280227661 181
7.939988136291504 181
7.94939398765564 181
7.958819389343262 181
7.9679436683654785 181
7.978907108306885 181
7.988077402114868 181
7.997612237930298 181
8.006865501403809 181
8.015914678573608 181
8.025320053100586 181
8.03555679321289 181
8.045000314712524 181
8.054210186004639 181
8.063448429107666 181
8.072847127914429 181
8.08342170715332 181
8.09278392791748 181
8.101162672042847 181
8.110114574432373 181
8.119726657867432 181
8.129904508590698 181
8.139402389526367 181
8.148841619491577 181
8.158005714416504 181
8.167518377304077 181
8.176940202713013 181
8.187664985656738 181
8.200973987579346 181
8.209943294525146 181
8.219508171081543 181
8.229024171829224 181
8.239341735839844 181
8.248831272125244 181
8.258968114852905 181
8.268109798431396 181
8.277560234069824 181
8.288132190704346 181
8.297716856002808 181
8.307061195373535 181
8.316070079803467 181
8.325464487075806 181
8.33735466003418 181
8.347035884857178 181
8.356170654296875 181
8.365615606307983 181
8.375047445297241 181
8.385617017745972 181
8.395103454589844 181
8.404181718826294 181
8.41353440284729 181
8.423052310943604 181
8.43245005607605 181
8.442667961120605 181
8.451121807098389 181
8.460038661956787 181
8.469471216201782 181
8.479019403457642 181
8.489689588546753 181
8.499127864837646 181
8.50857925415039 181
8.517716884613037 181
8.527029991149902 181
8.537464380264282 181
8.546824932098389 181
8.555975675582886 181
8.565418720245361 181
8.579592943191528 181
8.590823650360107 181
8.604690790176392 181
8.613747596740723 181
8.640033483505249 181
8.655132055282593 181
8.669612884521484 181
8.683226346969604 181
8.695571184158325 181
8.711003303527832 181
8.719945669174194 181
8.729480981826782 181
8.739051580429077 181
8.749565124511719 181
8.759897232055664 181
8.769355297088623 181
8.778911352157593 181
8.788989543914795 181
8.79958963394165 181
8.80902647972107 181
8.820205926895142 181
8.8296058177948 181
8.839133739471436 181
8.84932804107666 181
8.85881495475769 181
8.867995977401733 181
8.877416133880615 181
8.886696100234985 181
8.897670984268188 181
8.90705680847168 181
8.916074752807617 181
8.925508975982666 181
8.935009241104126 181
8.945338010787964 181
8.955013513565063 181
8.964092016220093 181
8.97338604927063 181
8.982802391052246 181
8.99272084236145 181
9.013003587722778 181
9.025416374206543 181
9.038432359695435 181
9.052798748016357 181
9.065138339996338 181
9.077616453170776 181
9.089666366577148 181
9.105315685272217 181
9.117588520050049 181
9.130172967910767 181
9.141610383987427 181
9.152169466018677 181
9.160775184631348 181
9.169759273529053 181
9.179222583770752 181
9.188676357269287 181
9.19899606704712 181
9.208993434906006 181
9.21820855140686 181
9.227617263793945 181
9.236904621124268 181
9.245966672897339 181
9.25746488571167 181
9.266753196716309 181
9.275810718536377 181
9.285236120223999 181
9.294636964797974 181
9.305383920669556 181
9.314913749694824 181
9.32534670829773 181
9.335328578948975 181
9.34481692314148 181
9.355918169021606 181
9.366976022720337 181
9.37696099281311 180
9.387643575668335 180
9.397021293640137 179
9.413328886032104 179
9.423268795013428 179
9.432902812957764 179
9.442636251449585 179
9.451074123382568 179
9.462187767028809 179
9.470853328704834 179
9.47980809211731 179
9.489245414733887 179
9.49880075454712 179
9.509525060653687 179
9.519016981124878 179
9.528164863586426 179
9.537585020065308 179
9.54692530632019 179
9.557203531265259 179
9.566137552261353 179
9.575555801391602 179
9.584996938705444 179
9.594206809997559 179
9.603414535522461 179
9.614599227905273 179
9.623534679412842 179
9.632900476455688 179
9.641669273376465 179
9.650200128555298 179
9.660897970199585 179
9.669845581054688 179
9.679395198822021 179
9.688862562179565 179
9.698072910308838 179
9.708583354949951 179
9.718500137329102 179
9.727810621261597 179
9.73734164237976 179
9.74653172492981 179
9.755671262741089 179
9.765856742858887 179
9.775237798690796 179
9.784614324569702 179
9.79365062713623 179
9.803026914596558 179
9.817789316177368 179
9.827287673950195 179
9.838600873947144 179
9.847838878631592 179
9.857465505599976 179
9.867656946182251 179
9.877014875411987 179
9.88597846031189 179
9.895334482192993 179
9.904795169830322 179
9.915077686309814 179
9.925008296966553 179
9.934027433395386 179
9.943275451660156 179
9.952699184417725 179
9.962825059890747 179
9.972090482711792 179
9.980799436569214 179
9.989761590957642 179
9.99916410446167 179
