0 0
0.005968570709228516 0
0.0199892520904541 1
0.030492782592773438 2
0.04003453254699707 4
0.04963850975036621 8
0.05971050262451172 12
0.06924033164978027 20
0.08493280410766602 25
0.09453177452087402 31
0.10429143905639648 38
0.11441874504089355 45
0.12403202056884766 52
0.13449573516845703 59
0.1442410945892334 67
0.15398883819580078 73
0.16363906860351562 81
0.1733407974243164 89
0.1837596893310547 98
0.19417047500610352 106
0.2039804458618164 114
0.2141406536102295 121
0.22378015518188477 131
0.23412322998046875 139
0.24457359313964844 147
0.2542433738708496 155
0.26401758193969727 163
0.27358150482177734 173
0.28403210639953613 179
0.29363512992858887 187
0.3034036159515381 192
0.3123149871826172 198
0.3228275775909424 204
0.3335394859313965 208
0.3429372310638428 210
0.3518502712249756 211
0.3615419864654541 212
0.3707454204559326 212
0.3817892074584961 211
0.3914766311645508 209
0.40070486068725586 206
0.41040539741516113 203
0.42075085639953613 198
0.4316253662109375 193
0.44080543518066406 188
0.45057058334350586 183
0.4602010250091553 179
0.46982789039611816 173
0.48572301864624023 169
0.4954044818878174 167
0.5052273273468018 165
0.5143880844116211 163
0.5243971347808838 163
0.5347962379455566 164
0.5443646907806396 165
0.553905725479126 167
0.5635929107666016 169
0.5729706287384033 171
0.5817697048187256 175
0.5929546356201172 177
0.6017851829528809 179
0.6108942031860352 183
0.6256380081176758 185
0.6393499374389648 187
0.6518542766571045 188
0.6645705699920654 188
0.6777570247650146 187
0.6923024654388428 186
0.7029647827148438 185
0.7117934226989746 184
0.7209060192108154 183
0.730926513671875 181
0.7423686981201172 180
0.7517890930175781 179
0.7637722492218018 178
0.7732939720153809 177
0.7819302082061768 177
0.7932968139648438 177
0.8024077415466309 176
0.811683177947998 176
0.8207945823669434 176
0.8307526111602783 177
0.8416101932525635 177
0.8507423400878906 177
0.8602867126464844 178
0.8699815273284912 179
0.8841028213500977 179
0.894564151763916 180
0.9042305946350098 180
0.9137976169586182 180
0.9237422943115234 181
0.9338788986206055 181
0.9441688060760498 181
0.9537148475646973 181
0.963630199432373 181
0.97296142578125 181
0.9819033145904541 181
0.9932775497436523 181
1.001861810684204 181
1.0109508037567139 181
1.0205042362213135 181
1.0305814743041992 181
1.040168046951294 181
1.050611972808838 181
1.0601806640625 181
1.0699348449707031 181
1.0794990062713623 181
1.0888447761535645 181
1.0993680953979492 181
1.1088483333587646 181
1.1183984279632568 181
1.1280009746551514 181
1.1380565166473389 181
1.1483125686645508 181
1.157780408859253 181
1.1674189567565918 181
1.1765656471252441 181
1.1861557960510254 181
1.197819709777832 181
1.2073132991790771 181
1.2165753841400146 181
1.226227045059204 181
1.235762357711792 181
1.2465853691101074 181
1.2561566829681396 181
1.2665131092071533 181
1.279853105545044 181
1.2897157669067383 181
1.300126075744629 181
1.3097944259643555 181
1.3193614482879639 181
1.3288402557373047 181
1.3388335704803467 181
1.3495724201202393 181
1.3588941097259521 181
1.3684499263763428 181
1.3780019283294678 181
1.3874790668487549 181
1.398362636566162 181
1.4094550609588623 181
1.4188156127929688 181
1.4283452033996582 181
1.4378159046173096 181
1.448782205581665 181
1.458519458770752 181
1.4682281017303467 181
1.477719783782959 181
1.486894130706787 181
1.4964675903320312 181
1.5068063735961914 181
1.5163686275482178 181
1.5260663032531738 181
1.5356667041778564 181
1.545638084411621 181
1.5559921264648438 181
1.5656168460845947 181
1.574812650680542 181
1.5843768119812012 181
1.5939726829528809 181
1.604278802871704 181
1.6243665218353271 181
1.6358764171600342 181
1.6457693576812744 181
1.665827989578247 181
1.6901822090148926 181
1.7086918354034424 181
1.7304279804229736 181
1.7459399700164795 181
1.7559943199157715 181
1.765650749206543 181
1.7749032974243164 181
1.7904133796691895 180
1.808964729309082 180
1.8197760581970215 180
1.8295471668243408 180
1.8397891521453857 180
1.8506810665130615 180
1.860910177230835 180
1.8704895973205566 180
1.8807365894317627 180
1.8904151916503906 180
1.9006788730621338 180
1.910583734512329 180
1.9204962253570557 180
1.9300148487091064 180
1.9398980140686035 180
1.950286626815796 180
1.9618713855743408 180
1.9709410667419434 180
1.9805705547332764 180
1.9901103973388672 180
2.000455379486084 180
2.010319471359253 180
2.0198967456817627 180
2.0295679569244385 180
2.038832426071167 180
2.0493528842926025 180
2.0594000816345215 180
2.0688250064849854 180
2.083207845687866 180
2.0918846130371094 180
2.103384256362915 180
2.112309455871582 180
2.122310161590576 180
2.1313421726226807 180
2.1405184268951416 180
2.150860548019409 180
2.1614489555358887 180
2.1705522537231445 180
2.1801207065582275 180
2.1897664070129395 180
2.200850248336792 180
2.210435628890991 180
2.220114231109619 180
2.2296926975250244 180
2.2393336296081543 180
2.2518694400787354 180
2.261857509613037 180
2.2708840370178223 180
2.2804718017578125 180
2.2900116443634033 180
2.3002731800079346 180
2.3099350929260254 180
2.319430112838745 180
2.3287272453308105 180
2.3382511138916016 180
2.347689390182495 180
2.3580563068389893 180
2.3682384490966797 180
2.3776779174804688 180
2.3868236541748047 180
2.3963754177093506 180
2.4065606594085693 180
2.416074275970459 180
2.4258241653442383 180
2.4353647232055664 180
2.4444069862365723 180
2.454929828643799 180
2.4648399353027344 180
2.4742178916931152 180
2.487663507461548 180
2.4972989559173584 180
2.5077855587005615 180
2.5169405937194824 180
2.526520013809204 180
2.5359902381896973 180
2.545658826828003 180
2.5558269023895264 180
2.565258741378784 180
2.575354814529419 180
2.5843873023986816 180
2.5938880443573 180
2.604243755340576 180
2.613723039627075 180
2.6233510971069336 180
2.631887912750244 180
2.641472816467285 180
2.650538444519043 180
2.6608810424804688 180
2.671485185623169 180
2.6805472373962402 180
2.6901066303253174 180
2.7036733627319336 180
2.7176711559295654 180
2.7305216789245605 180
2.7444117069244385 180
2.758906126022339 180
2.7733256816864014 180
2.786323308944702 180
2.799219846725464 180
2.8103554248809814 180
2.8199071884155273 180
2.8295438289642334 180
2.838836669921875 180
2.8484556674957275 180
2.8588225841522217 180
2.8683321475982666 180
2.8782429695129395 180
2.891796588897705 180
2.9008429050445557 180
2.911940813064575 180
2.921321153640747 180
2.930502414703369 180
2.9400153160095215 180
2.9495480060577393 180
2.9597761631011963 180
2.9694955348968506 180
2.9787521362304688 180
2.988729953765869 180
2.9982616901397705 180
3.0076682567596436 180
3.018253803253174 180
3.027963876724243 180
3.037285566329956 180
3.0465188026428223 180
3.056070327758789 180
3.066392421722412 180
3.0759429931640625 180
3.0860674381256104 180
3.0956335067749023 180
3.1046395301818848 180
3.1155312061309814 180
3.124533176422119 180
3.1340231895446777 180
3.1436736583709717 180
3.153172254562378 180
3.1635119915008545 180
3.1733787059783936 180
3.1834311485290527 180
3.19368577003479 180
3.2035017013549805 180
3.2137246131896973 180
3.2232484817504883 180
3.2318217754364014 180
3.241497278213501 180
3.250537872314453 180
3.260112762451172 180
3.273618221282959 180
3.2874670028686523 180
3.296724319458008 180
3.3063511848449707 180
3.316791534423828 180
3.3264286518096924 180
3.3360044956207275 180
3.345503568649292 180
3.3544836044311523 180
3.3639845848083496 180
3.374269962310791 180
3.383908271789551 180
3.393781900405884 180
3.4034981727600098 180
3.4123928546905518 180
3.423285961151123 180
3.4318625926971436 180
3.4408957958221436 180
3.450547218322754 180
3.460116386413574 180
3.470458507537842 180
3.479980230331421 180
3.489990472793579 180
3.4994781017303467 180
3.508868932723999 180
3.519379138946533 180
3.528679609298706 180
3.538346767425537 180
3.5477843284606934 180
3.5569233894348145 180
3.566567897796631 180
3.5767738819122314 180
3.5863208770751953 180
3.5963869094848633 180
3.6059823036193848 180
3.6154794692993164 180
3.625866413116455 180
3.635390281677246 180
3.6446332931518555 180
3.6541497707366943 180
3.663801908493042 180
3.6740684509277344 180
3.687729835510254 180
3.697739839553833 180
3.707364797592163 180
3.7239654064178467 180
3.7335612773895264 180
3.7432234287261963 180
3.7517733573913574 180
3.7608444690704346 180
3.7704060077667236 180
3.7823119163513184 180
3.7915468215942383 180
3.8015871047973633 180
3.810725212097168 180
3.820291042327881 180
3.830549478530884 180
3.840134382247925 180
3.849675416946411 180
3.8589084148406982 180
3.8685929775238037 180
3.878894567489624 180
3.8884081840515137 180
3.898526191711426 180
3.908022880554199 180
3.9174344539642334 180
3.9279985427856445 180
3.93747615814209 180
3.9466254711151123 180
3.956176280975342 180
3.9657373428344727 180
3.974942207336426 180
3.985628843307495 180
3.994640588760376 180
4.004614353179932 180
4.014145135879517 180
4.02365255355835 180
4.033946752548218 180
4.043614625930786 180
4.053241968154907 180
4.0617663860321045 180
4.070857048034668 180
4.081734657287598 180
4.095580816268921 180
4.105684518814087 180
4.114935874938965 180
4.124251842498779 180
4.134516477584839 180
4.143995761871338 180
4.153547525405884 180
4.163210153579712 180
4.171776056289673 180
4.183236122131348 180
4.193524599075317 180
4.202392578125 180
4.211936712265015 180
4.221542596817017 180
4.231920480728149 180
4.240966558456421 180
4.2505128383636475 180
4.260079860687256 180
4.269556283950806 180
4.278857469558716 180
4.291516304016113 180
4.300612926483154 180
4.310592889785767 180
4.320270299911499 180
4.329864978790283 180
4.340185880661011 180
4.34986424446106 180
4.359405517578125 180
4.368723154067993 180
4.378216028213501 180
4.388553619384766 180
4.398072957992554 180
4.407610654830933 180
4.417609453201294 180
4.426743268966675 180
4.436968803405762 180
4.446629762649536 180
4.4561381340026855 180
4.46577525138855 180
4.47527003288269 180
4.488790512084961 180
4.498398780822754 180
4.508091449737549 180
4.518067836761475 180
4.5276198387146 180
4.538065433502197 180
4.547461748123169 180
4.556604623794556 180
4.566123008728027 180
4.575777769088745 180
4.586194038391113 180
4.595779657363892 180
4.604962110519409 180
4.614912748336792 180
4.624278545379639 180
4.633782386779785 180
4.6458353996276855 180
4.655345439910889 180
4.6644065380096436 180
4.673895597457886 180
4.683443307876587 180
4.694568634033203 180
4.704281806945801 180
4.7137556076049805 180
4.723788022994995 180
4.733375787734985 180
4.7436864376068115 180
4.753663778305054 180
4.764511585235596 180
4.775267124176025 180
4.788863182067871 180
4.801671266555786 180
4.815232992172241 180
4.828616619110107 180
4.843495845794678 180
4.856475114822388 180
4.867973804473877 180
4.87741494178772 180
4.8915345668792725 180
4.900661945343018 180
4.910344123840332 180
4.919975996017456 180
4.929940938949585 180
4.9395270347595215 180
4.950001239776611 180
4.959577322006226 180
4.969198703765869 180
4.978506326675415 180
4.988062620162964 180
4.99840784072876 180
5.008058786392212 180
5.0174689292907715 180
5.0275187492370605 180
5.036661148071289 180
5.046908855438232 180
5.0564515590667725 180
5.066110372543335 180
5.075655460357666 180
5.084802150726318 180
5.095397233963013 180
5.1044745445251465 180
5.113978147506714 180
5.123608589172363 180
5.133652210235596 180
5.1429455280303955 180
5.153514385223389 180
5.162397146224976 180
5.171563625335693 180
5.180598497390747 180
5.19147801399231 180
5.201833724975586 180
5.210872411727905 180
5.2204108238220215 180
5.230566501617432 180
5.2401323318481445 180
5.250540494918823 180
5.2600977420806885 180
5.270428657531738 180
5.279982328414917 180
5.294128656387329 180
5.305230379104614 180
5.314456462860107 180
5.323960065841675 180
5.3339149951934814 180
5.34344482421875 180
5.353909969329834 180
5.363539934158325 180
5.37281346321106 180
5.381592512130737 180
5.39070463180542 180
5.401454925537109 180
5.410499334335327 180
5.420055627822876 180
5.429716348648071 180
5.439700126647949 180
5.449968338012695 180
5.45950722694397 180
5.46878719329834 180
5.478372097015381 180
5.4879982471466064 180
5.497362852096558 180
5.507826805114746 180
5.51694655418396 180
5.526447296142578 180
5.536396265029907 180
5.546074390411377 180
5.556450128555298 180
5.5660154819488525 180
5.5755274295806885 180
5.584514379501343 180
5.593986749649048 180
5.604414463043213 180
5.614018440246582 180
5.623523473739624 180
5.632847547531128 180
5.643210411071777 180
5.653512954711914 180
5.662887811660767 180
5.6716673374176025 180
5.680752754211426 180
5.69542384147644 180
5.705784559249878 180
5.715408802032471 180
5.726475477218628 180
5.736063480377197 180
5.7462780475616455 180
5.75661301612854 180
5.766124963760376 180
5.77685546875 180
5.78683614730835 180
5.796387434005737 180
5.8067028522491455 180
5.8242576122283936 180
5.833759784698486 180
5.843869686126709 180
5.8534486293792725 180
5.863768815994263 180
5.87340784072876 180
5.88193154335022 180
5.891351222991943 180
5.900509357452393 180
5.911332607269287 180
5.9204795360565186 180
5.93004298210144 180
5.939601421356201 180
5.949538469314575 180
5.959919452667236 180
5.969621181488037 180
5.97927188873291 180
5.98855185508728 180
5.998082637786865 180
6.0084404945373535 180
6.018084764480591 180
6.0276875495910645 180
6.036842107772827 180
6.046361923217773 180
6.056458473205566 180
6.066694974899292 180
6.076207876205444 180
6.085866928100586 180
6.098724126815796 180
6.1083478927612305 180
6.120242357254028 180
6.129936933517456 180
6.139691591262817 180
6.149343252182007 180
6.160519599914551 180
6.170083999633789 180
6.179601669311523 180
6.188856601715088 180
6.19939112663269 180
6.2088000774383545 180
6.220309734344482 180
6.229868173599243 180
6.239380121231079 180
6.248693227767944 180
6.258552074432373 180
6.268955707550049 180
6.280388355255127 180
6.289923429489136 180
6.2994842529296875 180
6.308745384216309 180
6.318970203399658 180
6.328649520874023 180
6.338149547576904 180
6.347603797912598 180
6.357532978057861 180
6.367826700210571 180
6.376940727233887 180
6.386583089828491 180
6.39624547958374 180
6.4057440757751465 180
6.416079759597778 180
6.425620079040527 180
6.4346137046813965 180
6.44426417350769 180
6.4538798332214355 180
6.463773488998413 180
6.474074602127075 180
6.4835731983184814 180
6.496567249298096 180
6.5063817501068115 180
6.5167694091796875 180
6.526550769805908 180
6.536076545715332 180
6.545655965805054 180
6.554781198501587 180
6.565241575241089 180
6.575675964355469 180
6.584777116775513 180
6.5941784381866455 180
6.6036458015441895 180
6.6167521476745605 180
6.6433799266815186 180
6.665755748748779 180
6.68743634223938 180
6.703450679779053 180
6.71235728263855 180
6.721452474594116 180
6.730544090270996 180
6.745978832244873 180
6.766575813293457 180
6.778609991073608 180
6.788275480270386 180
6.797741889953613 180
6.808261871337891 180
6.8176703453063965 180
6.826834678649902 180
6.836427450180054 180
6.845994472503662 180
6.858471393585205 180
6.871554136276245 180
6.884838342666626 180
6.904374837875366 180
6.9169158935546875 180
6.930476665496826 180
6.94376540184021 180
6.954290151596069 180
6.963844060897827 180
6.973783016204834 180
6.983486652374268 180
6.992344379425049 180
7.001357555389404 180
7.011761426925659 180
7.0207929611206055 180
7.030362844467163 180
7.039935350418091 180
7.049604177474976 180
7.059921503067017 180
7.069468021392822 180
7.079414367675781 180
7.10057258605957 180
7.124902963638306 180
7.1466453075408936 180
7.1574413776397705 180
7.166799068450928 180
7.176916599273682 180
7.186469554901123 180
7.1967689990997314 180
7.210371255874634 180
7.219934701919556 180
7.229595184326172 180
7.238835334777832 180
7.248347759246826 180
7.258578777313232 180
7.26811408996582 180
7.278167963027954 180
7.287736415863037 180
7.300755977630615 180
7.311777591705322 180
7.320863962173462 180
7.330498695373535 180
7.3400349617004395 180
7.349686145782471 180
7.359888076782227 180
7.369478225708008 180
7.37874436378479 180
7.388794660568237 180
7.398322343826294 180
7.407984495162964 180
7.4183738231658936 180
7.427790880203247 180
7.437423944473267 180
7.446542739868164 180
7.4560706615448 180
7.466503381729126 180
7.476013660430908 180
7.485966682434082 180
7.495534181594849 180
7.504536390304565 180
7.5153419971466064 180
7.524499177932739 180
7.5340094566345215 180
7.543553352355957 180
