0 0
0.004609346389770508 0
0.02275824546813965 0
0.03204345703125 1
0.04101371765136719 3
0.05043601989746094 6
0.06063365936279297 9
0.07010936737060547 14
0.07965779304504395 19
0.0887305736541748 23
0.09822440147399902 31
0.10834312438964844 37
0.1185755729675293 42
0.12805581092834473 48
0.138169527053833 59
0.15054798126220703 70
0.16444635391235352 79
0.17825675010681152 90
0.19064092636108398 99
0.2040712833404541 113
0.2185509204864502 122
0.23129701614379883 132
0.24422073364257812 141
0.2537417411804199 149
0.2641642093658447 157
0.2736968994140625 166
0.2832803726196289 174
0.29277634620666504 180
0.30214834213256836 192
0.31789469718933105 197
0.3272390365600586 202
0.3360774517059326 206
0.34510326385498047 209
0.35462498664855957 211
0.3648076057434082 213
0.3745462894439697 213
0.38420677185058594 212
0.3937520980834961 210
0.4030015468597412 208
0.41309475898742676 205
0.42365074157714844 200
0.4329197406768799 197
0.4425678253173828 192
0.451967716217041 187
0.46106386184692383 181
0.47135448455810547 177
0.4808495044708252 174
0.49037957191467285 170
0.5000739097595215 167
0.5090386867523193 165
0.5208826065063477 165
0.5303459167480469 165
0.5396647453308105 165
0.5487074851989746 166
0.5582871437072754 168
0.5684311389923096 171
0.577955961227417 173
0.586383581161499 175
0.5953104496002197 178
0.6048085689544678 181
0.6147823333740234 183
0.6251628398895264 185
0.6347854137420654 187
0.6443376541137695 188
0.6538126468658447 189
0.6630268096923828 189
0.6732728481292725 189
0.682842493057251 189
0.6922495365142822 188
0.7013444900512695 187
0.7108747959136963 185
0.7251009941101074 183
0.7347366809844971 182
0.7444479465484619 181
0.7539863586425781 179
0.7633121013641357 179
0.7738118171691895 178
0.7830095291137695 177
0.7924301624298096 177
0.8019089698791504 177
0.8109233379364014 177
0.8218183517456055 178
0.8309516906738281 178
0.8404512405395508 179
0.8499014377593994 179
0.8589801788330078 180
0.8684127330780029 180
0.8785908222198486 181
0.8880789279937744 181
0.8972914218902588 181
0.9060001373291016 181
0.9149763584136963 181
0.9262080192565918 181
0.9351613521575928 181
0.9446001052856445 181
0.9540693759918213 181
0.9643216133117676 181
0.9745557308197021 181
0.9841415882110596 181
0.9933478832244873 181
1.0027661323547363 181
1.0121195316314697 181
1.0213205814361572 181
1.0344297885894775 181
1.044001817703247 181
1.0531880855560303 181
1.062584638595581 181
1.07198166847229 181
1.0822103023529053 181
1.091400146484375 181
1.1009864807128906 181
1.1104259490966797 181
1.1231741905212402 181
1.134307861328125 181
1.1439001560211182 181
1.1532928943634033 181
1.1627998352050781 181
1.1721265316009521 181
1.1823930740356445 181
1.1913564205169678 181
1.2008321285247803 181
1.210273265838623 181
1.2197816371917725 181
1.2301695346832275 181
1.2392072677612305 181
1.2485556602478027 181
1.257981300354004 181
1.2668354511260986 181
1.2760539054870605 181
1.2863173484802246 181
1.2952771186828613 181
1.304760456085205 181
1.3141858577728271 181
1.3233203887939453 181
1.3340513706207275 181
1.3436899185180664 181
1.3528428077697754 181
1.3622400760650635 181
1.371236801147461 181
1.3886487483978271 181
1.4108798503875732 181
1.43080472946167 181
1.4506962299346924 181
1.465944528579712 181
1.474926233291626 181
1.4843971729278564 181
1.493837833404541 181
1.5030758380889893 181
1.524860143661499 181
1.5428404808044434 181
1.5530741214752197 181
1.56251859664917 181
1.5727193355560303 181
1.582050085067749 181
1.5910851955413818 181
1.6006619930267334 181
1.610152244567871 181
1.620392084121704 181
1.62980055809021 181
1.639265775680542 181
1.648606777191162 181
1.6580722332000732 181
1.6684818267822266 181
1.6779680252075195 181
1.6867432594299316 181
1.6953094005584717 181
1.7047853469848633 181
1.714271068572998 181
1.7247319221496582 181
1.7341923713684082 181
1.74405837059021 181
1.7532415390014648 181
1.7626934051513672 181
1.7728419303894043 181
1.7824225425720215 181
1.7917141914367676 181
1.800994873046875 181
1.810408115386963 181
1.8205218315124512 181
1.8299815654754639 181
1.8390440940856934 181
1.8489220142364502 181
1.858407974243164 181
1.8678052425384521 181
1.878035306930542 181
1.8868694305419922 181
1.8960225582122803 181
1.9050521850585938 181
1.914553165435791 181
1.9299376010894775 181
1.9390077590942383 181
1.948991298675537 181
1.9596998691558838 181
1.9711894989013672 181
1.980668544769287 181
1.9901280403137207 181
1.9992315769195557 181
2.0085837841033936 181
2.0180931091308594 181
2.028376579284668 181
2.0378193855285645 181
2.0481512546539307 181
2.058936595916748 181
2.068345546722412 181
2.0787153244018555 181
2.0881502628326416 181
2.0976674556732178 181
2.1061830520629883 181
2.115180492401123 181
2.125318765640259 181
2.134920597076416 181
2.14453387260437 181
2.1545019149780273 181
2.164013624191284 181
2.174185037612915 181
2.1833722591400146 181
2.192995309829712 181
2.2025749683380127 181
2.211942672729492 181
2.2242777347564697 181
2.237886905670166 181
2.25030779838562 181
2.263624668121338 181
2.278078317642212 181
2.2903387546539307 181
2.3026931285858154 181
2.3139803409576416 181
2.3289568424224854 181
2.338804006576538 181
2.3483762741088867 181
2.3585827350616455 181
2.3680739402770996 181
2.378351926803589 181
2.3878111839294434 181
2.3962817192077637 181
2.405395269393921 181
2.414855718612671 180
2.42433500289917 180
2.43451189994812 180
2.444122076034546 179
2.4536404609680176 179
2.4634010791778564 179
2.4728071689605713 179
2.4830267429351807 179
2.492441415786743 179
2.5018527507781982 179
2.5108931064605713 179
2.5203592777252197 179
2.530545234680176 180
2.5400185585021973 180
2.548945665359497 180
2.558868646621704 180
2.5685482025146484 180
2.5780816078186035 180
2.588273763656616 180
2.5976622104644775 180
2.6061017513275146 180
2.615069627761841 180
2.6245932579040527 180
2.6348328590393066 180
2.6443045139312744 180
2.653688669204712 180
2.6633474826812744 180
2.6727514266967773 180
2.683048725128174 180
2.692479133605957 180
2.701385259628296 180
2.710935592651367 180
2.724095106124878 180
2.7343733310699463 180
2.744037389755249 180
2.753326892852783 180
2.762730121612549 180
2.7726030349731445 180
2.7819435596466064 180
2.7920987606048584 180
2.801246404647827 180
2.8107047080993652 180
2.8201303482055664 180
2.82904052734375 180
2.8398284912109375 180
2.8487372398376465 180
2.8583335876464844 180
2.867718458175659 180
2.876183271408081 180
2.8863236904144287 180
2.895270347595215 180
2.9047226905822754 180
2.9141409397125244 180
2.923402786254883 180
2.9328019618988037 180
2.9431278705596924 180
2.9525232315063477 180
2.962721824645996 180
2.9726037979125977 180
2.9820432662963867 180
2.9922657012939453 180
3.001291513442993 180
3.010693073272705 180
3.0201361179351807 180
3.0290300846099854 180
3.03939151763916 180
3.048591136932373 180
3.0579779148101807 180
3.067793130874634 180
3.0788967609405518 180
3.0889415740966797 180
3.098498582839966 180
3.1079208850860596 180
3.116328477859497 180
3.1304872035980225 180
3.1409614086151123 180
3.1504931449890137 180
3.1600499153137207 180
3.168955087661743 180
3.1788132190704346 180
3.1882214546203613 180
3.198389768600464 180
3.207803249359131 180
3.2163655757904053 180
3.2252869606018066 180
3.2348153591156006 180
3.2449049949645996 180
3.2543222904205322 180
3.2637226581573486 180
3.2729437351226807 180
3.282965898513794 180
3.2931573390960693 180
3.3025455474853516 180
3.311708927154541 180
3.320827007293701 180
3.3302700519561768 180
3.3396973609924316 180
3.3500123023986816 180
3.359004497528076 180
3.3684277534484863 180
3.3781962394714355 180
3.3874049186706543 180
3.3978919982910156 180
3.4068002700805664 180
3.4153101444244385 180
3.424859046936035 180
3.4342880249023438 180
3.4444167613983154 180
3.4538543224334717 180
3.46317720413208 180
3.472564697265625 180
3.482306480407715 180
3.4918031692504883 180
3.502049207687378 180
3.5110013484954834 180
3.5205414295196533 180
3.5338218212127686 180
3.54313063621521 180
3.5536351203918457 180
3.5628750324249268 180
3.5722172260284424 180
3.582979917526245 180
3.5924017429351807 180
3.602619171142578 180
3.6119112968444824 180
3.621061325073242 180
3.6362056732177734 180
3.647845983505249 180
3.656266212463379 180
3.6660914421081543 180
3.6750125885009766 180
3.6849844455718994 180
3.6944501399993896 180
3.7046761512756348 180
3.7141153812408447 180
3.723294734954834 180
3.732752561569214 180
3.7421011924743652 180
3.7525928020477295 180
3.762157440185547 180
3.7711715698242188 180
3.780595064163208 180
3.7903928756713867 180
3.800642967224121 180
3.8101320266723633 180
3.8205153942108154 180
3.8310320377349854 180
3.8417422771453857 180
3.8520052433013916 180
3.862060546875 180
3.8718578815460205 180
3.8810136318206787 180
3.890843391418457 180
3.901034116744995 180
3.910507917404175 180
3.9199068546295166 180
3.9333059787750244 180
3.9442086219787598 180
3.9568469524383545 180
3.9678421020507812 180
3.978334665298462 180
3.9877676963806152 180
3.9977867603302 180
4.0080578327178955 180
4.016810178756714 180
4.028321743011475 180
4.0380659103393555 180
4.046785831451416 180
4.057762622833252 180
4.066249132156372 180
4.075192213058472 180
4.0845947265625 180
4.097806453704834 180
4.10803484916687 180
4.117621421813965 180
4.126077651977539 180
4.135013103485107 180
4.144586801528931 180
4.154775619506836 180
4.164218425750732 180
4.173647880554199 180
4.182943344116211 180
4.192282199859619 180
4.202168226242065 180
4.212512969970703 180
4.221828937530518 180
4.230896472930908 180
4.24043345451355 180
4.24981689453125 180
4.260083436965942 180
4.269225597381592 180
4.278552293777466 180
4.287950754165649 180
4.297967195510864 180
4.311955451965332 180
4.329047203063965 180
4.342012643814087 180
4.354202508926392 180
4.3686699867248535 180
4.3826634883880615 180
4.392143487930298 180
4.4013097286224365 180
4.412665605545044 180
4.422136068344116 180
4.4311439990997314 180
4.441372394561768 180
4.450817823410034 180
4.4630067348480225 180
4.474477529525757 180
4.483988285064697 180
4.494082450866699 180
4.506096601486206 180
4.516753435134888 180
4.525289058685303 180
4.534813642501831 180
4.544379711151123 180
4.5537590980529785 180
4.564028978347778 180
4.573197841644287 180
4.582577228546143 180
4.591899156570435 180
4.601059913635254 180
4.610878944396973 180
4.621087074279785 180
4.630486965179443 180
4.639843702316284 180
4.648746728897095 180
4.658312082290649 180
4.6685099601745605 180
4.677965402603149 180
4.686381578445435 180
4.69529128074646 180
4.704713344573975 180
4.715346336364746 180
4.724869251251221 180
4.738776922225952 180
4.7482805252075195 180
4.757781982421875 180
4.767991304397583 180
4.777244806289673 180
4.786035776138306 180
4.795006990432739 180
4.8044281005859375 180
4.814292669296265 180
4.824529409408569 180
4.833944320678711 180
4.843196153640747 180
4.852606296539307 180
4.861963987350464 180
4.872134685516357 180
4.881185531616211 180
4.890616178512573 180
4.900148391723633 180
4.909069538116455 180
4.920264720916748 180
4.929278135299683 180
4.938563108444214 180
4.947964191436768 180
4.9582133293151855 180
4.967364311218262 180
4.977849245071411 180
4.986258268356323 180
4.995201110839844 180
5.00463080406189 180
5.014923095703125 180
5.026305913925171 180
5.035290956497192 180
5.044752836227417 180
5.054293155670166 180
5.063694953918457 180
5.07383394241333 180
5.083126068115234 180
5.0928568840026855 180
5.102222919464111 180
5.111211061477661 180
5.122286319732666 180
5.134816646575928 180
5.144442081451416 180
5.153984308242798 180
5.163227796554565 180
5.1736719608306885 180
5.182949781417847 180
5.192259311676025 180
5.201743125915527 180
5.210848569869995 180
5.220738887786865 180
5.230961322784424 180
5.240366220474243 180
5.2497758865356445 180
5.258763074874878 180
5.268174886703491 180
5.278289794921875 180
5.287681579589844 180
5.2961647510528564 180
5.305104732513428 180
5.314704895019531 180
5.325901985168457 180
5.334887742996216 180
5.344302654266357 180
5.35371208190918 180
5.362889051437378 180
5.372235298156738 180
5.382735013961792 180
5.3920512199401855 180
5.401045083999634 180
5.410622835159302 180
5.420059442520142 180
5.430691957473755 180
5.440260887145996 180
5.449277639389038 180
5.458558082580566 180
5.467983245849609 180
5.478093385696411 180
5.487295389175415 180
5.499200105667114 180
5.514119625091553 180
5.525275230407715 180
5.540846586227417 180
5.550382137298584 180
5.560051918029785 180
5.570214509963989 180
5.580743312835693 180
5.590240955352783 180
5.599337339401245 180
5.608579158782959 180
5.618070125579834 180
5.626836776733398 180
5.638927936553955 180
5.648309707641602 180
5.657691240310669 180
5.666126489639282 180
5.675092935562134 180
5.685400009155273 180
5.694841384887695 180
5.704388856887817 180
5.713806629180908 180
5.722951173782349 180
5.733066558837891 180
5.743122577667236 180
5.752560615539551 180
5.761752367019653 180
5.770848274230957 180
5.780280590057373 180
5.790489673614502 180
5.800064563751221 180
5.8090150356292725 180
5.818359136581421 180
5.827917814254761 180
5.838589906692505 180
5.847962856292725 180
5.856843948364258 180
5.865394115447998 180
5.874810457229614 180
5.884198188781738 180
5.894452810287476 180
5.903958082199097 180
5.913105010986328 180
5.92268967628479 180
5.936875104904175 180
5.946824789047241 180
5.95786452293396 180
5.966286659240723 180
5.975210905075073 180
5.984810829162598 180
5.994924306869507 180
6.004345417022705 180
6.013778924942017 180
6.022957801818848 180
6.033164978027344 180
6.044260263442993 180
6.053653001785278 180
6.062784433364868 180
6.072130918502808 180
6.081166744232178 180
6.091902732849121 180
6.101059913635254 180
6.110478639602661 180
6.119823217391968 180
6.1287853717803955 180
6.138179779052734 180
6.148786306381226 180
6.158324241638184 180
6.16767430305481 180
6.1760642528533936 180
6.185052871704102 180
6.195260047912598 180
6.204678297042847 180
6.214119911193848 180
6.223642110824585 180
6.232787609100342 180
6.242994785308838 180
6.252946376800537 180
6.262247800827026 180
6.271202564239502 180
6.280705690383911 180
6.290140390396118 180
6.300373077392578 180
6.309697389602661 180
6.318665027618408 180
6.328098773956299 180
6.341294765472412 180
6.352541446685791 180
6.361955642700195 180
6.3709635734558105 180
6.4028120040893555 180
6.428972482681274 180
6.460151672363281 180
6.482719421386719 180
6.502142667770386 180
6.5127928256988525 180
6.52225399017334 180
6.532054424285889 180
6.553188800811768 180
6.568799257278442 180
6.580320835113525 180
6.589279413223267 180
6.598580360412598 180
6.608766794204712 180
6.618171215057373 180
6.627344608306885 180
6.636063575744629 180
6.645049810409546 180
6.6562819480896 180
6.6652138233184814 180
6.674638986587524 180
6.68409276008606 180
6.693239450454712 180
6.703763008117676 180
6.7129716873168945 180
6.722278118133545 180
6.7350122928619385 180
6.744751214981079 180
6.754968643188477 180
6.7649290561676025 180
6.77440333366394 180
6.783807277679443 180
6.7930145263671875 180
6.803065299987793 180
6.812543153762817 180
6.821942090988159 180
6.831025838851929 180
6.840429306030273 180
6.84970235824585 180
6.8605194091796875 180
6.87007999420166 180
6.879197835922241 180
6.888526916503906 180
6.897975206375122 180
6.908159971237183 180
6.917341232299805 180
6.925999164581299 180
6.9349305629730225 180
6.944535255432129 180
6.953940153121948 180
6.96507453918457 180
6.974538564682007 180
6.983949661254883 180
6.993163824081421 180
7.002694368362427 180
7.012930154800415 180
7.024294376373291 180
7.033695459365845 180
7.0428643226623535 180
7.052208662033081 180
7.062525510787964 180
7.072296142578125 180
7.08132266998291 180
7.090761423110962 180
7.100177526473999 180
7.110210180282593 180
7.119694948196411 180
7.128767728805542 180
7.142065525054932 180
7.15114688873291 180
7.161723375320435 180
7.171299457550049 180
7.180828332901001 180
7.190255641937256 180
7.199243068695068 180
7.208570957183838 180
7.2187652587890625 180
7.228250980377197 180
7.237770080566406 180
7.246195554733276 180
7.255128383636475 180
7.2653868198394775 180
7.275294303894043 180
7.2847442626953125 180
7.294170379638672 180
7.303675651550293 180
7.313930034637451 180
7.323132038116455 180
7.3324830532073975 180
7.341380596160889 180
7.350844860076904 180
7.360385894775391 180
7.371077060699463 180
7.386191368103027 180
7.395195245742798 180
7.404809236526489 180
7.414964914321899 180
7.424543380737305 180
7.434014081954956 180
7.443185091018677 180
7.452572345733643 180
7.4618446826934814 180
7.4721314907073975 180
7.482666730880737 180
7.492395639419556 180
7.502029657363892 180
7.511050224304199 180
7.52133584022522 180
7.5319647789001465 180
7.544901132583618 180
7.5545008182525635 180
7.564034461975098 180
7.57431960105896 180
7.584313631057739 180
7.5937230587005615 180
7.6029887199401855 180
7.612414598464966 180
7.622677326202393 180
7.63193678855896 180
7.641045331954956 180
7.650654315948486 180
7.660241603851318 180
7.671395301818848 180
7.68120002746582 180
7.690631866455078 180
7.700118541717529 180
7.709033250808716 180
7.71977162361145 180
7.728730201721191 180
7.738163471221924 180
7.747313022613525 180
7.755964517593384 180
7.765269756317139 180
7.777306079864502 180
7.78725528717041 180
7.795798063278198 180
7.804827928543091 180
7.8142991065979 180
7.82443904876709 180
7.833828926086426 180
7.843174934387207 180
7.852576017379761 180
7.861841440200806 180
7.872085094451904 180
7.881105661392212 180
7.891003131866455 180
7.900578737258911 180
7.9101269245147705 180
7.919034004211426 180
7.929811477661133 180
7.942531108856201 180
7.951925754547119 180
7.9624433517456055 180
7.97260594367981 180
7.981949329376221 180
7.99169921875 180
8.00084400177002 180
8.0102698802948 180
8.019831418991089 180
8.030047178268433 180
8.040830135345459 180
8.050642490386963 180
8.060199737548828 180
8.069247484207153 180
8.079953908920288 180
8.089796781539917 180
8.098802328109741 180
8.108184814453125 180
8.11735200881958 180
8.127813816070557 180
8.136351585388184 180
8.145300149917603 180
8.154728412628174 180
8.164170265197754 180
8.17367959022522 180
8.183929443359375 180
8.193881273269653 180
8.203191995620728 180
8.21260952949524 180
8.221920013427734 180
8.232165336608887 180
8.241163492202759 180
8.250632047653198 180
8.260170936584473 180
8.269065856933594 180
8.279242277145386 180
8.288539171218872 180
8.298516511917114 180
8.307974338531494 180
8.31728982925415 180
8.325889348983765 180
8.336039066314697 180
8.350146293640137 180
8.359256029129028 180
8.368659019470215 180
8.37895131111145 180
8.388421058654785 180
8.398305892944336 180
8.407810926437378 180
8.416237592697144 180
8.425177812576294 180
8.436117172241211 180
8.445140600204468 180
8.454551458358765 180
8.468024730682373 180
8.481714010238647 180
8.493999004364014 180
8.508052110671997 180
8.5209219455719 180
8.534197568893433 180
8.544055461883545 180
8.554345846176147 180
8.563904523849487 180
8.573111772537231 180
8.583314180374146 180
8.592724561691284 180
8.602569341659546 180
8.611855030059814 180
8.62101125717163 180
8.630417823791504 180
8.640729427337646 180
8.650139808654785 180
8.659045219421387 180
8.668487071990967 180
8.679035186767578 180
8.689907312393188 180
8.69894289970398 180
8.708783626556396 180
8.718159675598145 180
8.727303743362427 180
8.737928867340088 180
8.75104284286499 180
8.760550737380981 180
8.770071268081665 180
8.779007911682129 180
8.789280891418457 180
8.798671960830688 180
8.808653593063354 180
8.818170070648193 180
8.827300786972046 180
8.837757587432861 180
8.846190452575684 180
8.855201005935669 180
8.864782571792603 180
8.874173402786255 180
8.883309841156006 180
8.893734455108643 180
8.902936220169067 180
8.912706851959229 180
8.922167539596558 180
8.931175470352173 180
8.941235065460205 180
8.950855255126953 180
8.960980415344238 180
8.97042202949524 180
8.979953527450562 180
8.990123510360718 180
8.999037265777588 180
9.008423328399658 180
9.017835140228271 180
9.026269435882568 180
9.035185098648071 180
9.046020984649658 180
9.05495572090149 180
9.066842555999756 180
9.075998067855835 180
9.084936380386353 180
9.095175743103027 180
9.104701519012451 180
9.114545822143555 180
9.123966217041016 180
9.13314151763916 180
9.148098707199097 180
9.157763004302979 180
9.166309595108032 180
9.17525339126587 180
9.184759855270386 180
9.194982528686523 180
9.204415798187256 180
9.214444637298584 180
9.223978757858276 180
9.233137607574463 180
9.24327301979065 180
9.252705097198486 180
9.262080669403076 180
9.271097183227539 180
9.280664682388306 180
9.290118932723999 180
9.30030369758606 180
9.30926775932312 180
9.318897724151611 180
9.328296422958374 180
9.337849617004395 180
9.34805965423584 180
9.35682725906372 180
9.365372657775879 180
9.374809503555298 180
9.384191751480103 180
9.396194219589233 180
9.405264139175415 180
9.414790868759155 180
9.424678087234497 180
9.434110879898071 180
9.443298816680908 180
9.453755140304565 180
9.46306824684143 180
9.472612380981445 180
9.481899738311768 180
9.49090051651001 180
9.500986576080322 180
9.510431289672852 180
9.519959688186646 180
9.529680013656616 180
9.538696765899658 180
9.552851915359497 180
9.562286853790283 180
9.572698831558228 180
9.582125186920166 180
9.591192722320557 180
9.60190463066101 180
9.610917329788208 180
9.620371103286743 180
9.630259990692139 180
9.639703273773193 180
9.649912595748901 180
9.659001588821411 180
9.668369770050049 180
9.67782998085022 180
9.686248540878296 180
9.695147514343262 180
9.70536732673645 180
9.714826822280884 180
9.724808692932129 180
9.734805345535278 180
9.744250059127808 180
9.754496097564697 180
9.764079809188843 180
9.773224353790283 180
9.782637119293213 180
9.79194688796997 180
9.802128314971924 180
9.811189889907837 180
9.82068943977356 180
9.830621719360352 180
9.840127944946289 180
9.849043607711792 180
9.859706401824951 180
9.86870789527893 180
9.878262042999268 180
9.88762092590332 180
9.896023750305176 180
9.906118869781494 180
9.915108680725098 180
9.924540996551514 180
9.93442177772522 180
9.948431730270386 180
9.9599609375 180
9.9689781665802 180
9.97849726676941 180
9.988020420074463 180
9.99732494354248 180
