0 0
0.0059583187103271484 0
0.019131898880004883 0
0.028868436813354492 1
0.03891420364379883 4
0.04819130897521973 6
0.05707359313964844 10
0.06628680229187012 13
0.07572197914123535 17
0.0845789909362793 23
0.09475922584533691 27
0.10426211357116699 33
0.11260557174682617 38
0.12192797660827637 45
0.13164973258972168 51
0.1420433521270752 58
0.15102624893188477 63
0.16022038459777832 70
0.16953325271606445 77
0.17853045463562012 83
0.18792128562927246 92
0.1981651782989502 98
0.20744085311889648 105
0.2165830135345459 111
0.22649407386779785 120
0.23786330223083496 127
0.24803876876831055 135
0.2574808597564697 146
0.27096986770629883 153
0.28080105781555176 159
0.2900886535644531 167
0.30016422271728516 175
0.30909180641174316 182
0.3185751438140869 189
0.32795262336730957 196
0.33774757385253906 204
0.34790897369384766 212
0.35715627670288086 219
0.3664867877960205 225
0.3758418560028076 233
0.38471484184265137 241
0.3947937488555908 247
0.4041097164154053 255
0.4142725467681885 263
0.42264699935913086 269
0.43199610710144043 277
0.4419717788696289 284
0.4520986080169678 291
0.46105480194091797 298
0.47037196159362793 303
0.47968411445617676 309
0.4887509346008301 314
0.49887895584106445 318
0.5082015991210938 321
0.5175008773803711 324
0.526564359664917 326
0.5357213020324707 328
0.5467009544372559 328
0.556025505065918 327
0.5648655891418457 327
0.5741124153137207 325
0.5825583934783936 322
0.5918605327606201 319
0.6019082069396973 315
0.6108818054199219 310
0.6202456951141357 306
0.6296041011810303 301
0.6385369300842285 295
0.6491327285766602 289
0.6585173606872559 281
0.6716375350952148 275
0.6809258460998535 268
0.6902570724487305 261
0.7006950378417969 256
0.7099616527557373 249
0.7189373970031738 242
0.7282984256744385 235
0.73862624168396 227
0.749748945236206 220
0.7586979866027832 214
0.7680814266204834 207
0.7771487236022949 199
0.7864673137664795 193
0.7958517074584961 186
0.8060469627380371 179
0.8148729801177979 173
0.824202299118042 167
0.8326094150543213 161
0.8419256210327148 154
0.8526313304901123 149
0.8620800971984863 144
0.8710556030273438 139
0.8805510997772217 135
0.8897862434387207 131
0.8987503051757812 127
0.9088273048400879 125
0.9183559417724609 122
0.9276208877563477 120
0.936661958694458 119
0.9458737373352051 118
0.9565343856811523 117
0.9656920433044434 117
0.9745030403137207 118
0.983518123626709 119
0.9922826290130615 120
1.0023679733276367 121
1.0118293762207031 123
1.020841360092163 125
1.0300121307373047 128
1.039064884185791 131
1.048346757888794 134
1.0588269233703613 139
1.072037696838379 142
1.0810604095458984 146
1.0918548107147217 150
1.101478099822998 155
1.112922191619873 159
1.1222350597381592 162
1.131415843963623 167
1.1427559852600098 170
1.152085542678833 175
1.1625030040740967 178
1.1718361377716064 181
1.1808099746704102 184
1.189976692199707 188
1.2002813816070557 191
1.2105693817138672 193
1.2199575901031494 195
1.2289183139801025 197
1.2382347583770752 199
1.247480869293213 201
1.2580158710479736 202
1.2675120830535889 203
1.2767102718353271 204
1.2859160900115967 205
1.294691801071167 205
1.3035812377929688 205
1.314074993133545 205
1.3224611282348633 205
1.3317716121673584 205
1.3408656120300293 204
1.3500826358795166 204
1.3606297969818115 203
1.3698272705078125 202
1.3787848949432373 201
1.3881142139434814 201
1.3975229263305664 199
1.4066243171691895 198
1.4176571369171143 197
1.4276809692382812 195
1.4399497509002686 193
1.454737663269043 190
1.4756593704223633 188
1.4886653423309326 187
1.5014383792877197 185
1.5165495872497559 183
1.526439905166626 183
1.5356338024139404 181
1.5444247722625732 181
1.5528442859649658 179
1.562955379486084 179
1.5726232528686523 178
1.5820770263671875 177
1.5909976959228516 177
1.6001014709472656 176
1.608973741531372 176
1.619051456451416 175
1.628314733505249 175
1.6377227306365967 175
1.6467711925506592 175
1.655972957611084 175
1.6664938926696777 175
1.6756579875946045 175
1.6843812465667725 175
1.6927313804626465 175
1.7021760940551758 175
1.7151844501495361 175
1.7242000102996826 175
1.732522964477539 175
1.7418560981750488 175
1.7523422241210938 175
1.7617700099945068 175
1.7723162174224854 175
1.7814829349517822 175
1.7905974388122559 175
1.7997725009918213 175
1.8086581230163574 175
1.8188097476959229 175
1.828125 175
1.8370554447174072 175
1.846292495727539 175
1.8551044464111328 175
1.8684356212615967 175
1.8786365985870361 175
1.8880765438079834 175
1.897571325302124 175
1.906571388244629 175
1.9158151149749756 175
1.925863265991211 175
1.9346373081207275 175
1.9440057277679443 175
1.9523561000823975 175
1.962782621383667 175
1.9728412628173828 175
1.9824748039245605 175
1.9916579723358154 175
2.000751495361328 175
2.0099382400512695 175
2.0199878215789795 175
2.028857469558716 175
2.03814959526062 175
2.0475733280181885 175
2.056753396987915 175
2.0658788681030273 176
2.076549768447876 176
2.0856997966766357 176
2.0944747924804688 177
2.1029882431030273 177
2.116016149520874 177
2.1260855197906494 178
2.134857654571533 178
2.1440913677215576 179
2.152491331100464 179
2.1618049144744873 180
2.171888828277588 180
2.1818437576293945 181
2.1908185482025146 181
2.199981927871704 182
2.2088675498962402 182
2.219451904296875 183
2.229566812515259 183
2.238645315170288 183
2.247983694076538 183
2.256974935531616 183
2.2697157859802246 184
2.2799129486083984 184
2.289884328842163 184
2.299039840698242 184
2.308469772338867 184
2.3177390098571777 184
2.3277788162231445 184
2.3368661403656006 184
2.348442554473877 184
2.360849142074585 184
2.376636028289795 184
2.387990713119507 184
2.3990585803985596 184
2.4090099334716797 184
2.421025514602661 184
2.4309475421905518 184
2.4440765380859375 184
2.45246958732605 184
2.46701979637146 184
2.4785025119781494 184
2.488266706466675 184
2.500044584274292 184
2.5114693641662598 184
2.5229010581970215 184
2.536860704421997 184
2.5489590167999268 184
2.559705972671509 184
2.5687410831451416 184
2.578770160675049 184
2.588498115539551 184
2.5979840755462646 184
2.607024908065796 184
2.6161320209503174 184
2.624859571456909 184
2.635136365890503 184
2.6442484855651855 184
2.6525990962982178 184
2.662039279937744 184
2.675969123840332 184
2.686342477798462 184
2.696262836456299 184
2.70512056350708 184
2.71417236328125 184
2.722669839859009 184
2.7358901500701904 184
2.744690418243408 184
2.753596544265747 184
2.7623794078826904 184
2.771578073501587 184
2.7819530963897705 184
2.790907144546509 184
2.800682306289673 184
2.809908628463745 184
2.8188178539276123 184
2.82824444770813 184
2.8385133743286133 184
2.847837448120117 184
2.856889009475708 184
2.866121530532837 184
2.874863624572754 183
2.884883403778076 183
2.8946750164031982 183
2.9041635990142822 183
2.9124948978424072 183
2.92179799079895 183
2.9307844638824463 183
2.940767288208008 182
2.949967861175537 182
2.959101676940918 181
2.9684929847717285 181
2.978151559829712 181
2.9889190196990967 180
2.9986674785614014 180
3.0080015659332275 179
3.017517566680908 179
3.026578426361084 179
3.036623001098633 178
3.045778512954712 178
3.05450701713562 178
3.0628838539123535 177
3.080209493637085 177
3.090578317642212 177
3.100322961807251 177
3.109544277191162 177
3.118610382080078 177
3.1289005279541016 177
3.139098644256592 177
3.1483802795410156 177
3.1576457023620605 177
3.1667399406433105 177
3.175887107849121 177
3.184652328491211 177
3.197186231613159 176
3.206912040710449 176
3.2163729667663574 176
3.2255043983459473 176
3.2342939376831055 176
3.2443816661834717 176
3.2527313232421875 176
3.262112855911255 176
3.2710611820220947 176
3.280153512954712 176
3.2902097702026367 176
3.299581527709961 176
3.3089520931243896 176
3.3183486461639404 176
3.3276569843292236 176
3.336704969406128 176
3.3469347953796387 176
3.3560972213745117 176
3.3648548126220703 176
3.3740713596343994 176
3.3825843334198 176
3.39778995513916 176
3.408656120300293 176
3.4179699420928955 176
3.429717779159546 176
3.442450761795044 176
3.4538350105285645 176
3.463008165359497 176
3.4802167415618896 176
3.4935266971588135 176
3.5024871826171875 176
3.518446207046509 176
3.5358076095581055 176
3.5489349365234375 176
3.5625932216644287 176
3.5789151191711426 176
3.5910842418670654 176
3.61100172996521 176
3.6209158897399902 176
3.630019426345825 176
3.6389153003692627 176
3.648860216140747 176
3.6581788063049316 176
3.667133092880249 176
3.6765213012695312 176
3.685640573501587 176
3.6944029331207275 176
3.7059271335601807 176
3.7155532836914062 176
3.724285840988159 176
3.7326557636260986 176
3.742067813873291 176
3.7521584033966064 176
3.7610788345336914 176
3.7702231407165527 176
3.7791521549224854 177
3.788483142852783 177
3.7987117767333984 177
3.80796217918396 177
3.8176379203796387 177
3.8267123699188232 177
3.835843086242676 177
3.844555616378784 177
3.854684829711914 177
3.8640341758728027 178
3.8779170513153076 179
3.887063980102539 179
3.896395206451416 179
3.906588315963745 180
3.915832042694092 180
3.9255921840667725 181
3.9343690872192383 181
3.942737340927124 181
3.952821969985962 182
3.962181329727173 182
3.971102476119995 183
3.980304002761841 183
3.9895615577697754 183
3.9986462593078613 183
4.008661270141602 183
4.017966985702515 184
4.0276384353637695 184
4.036821126937866 184
4.045948028564453 184
4.056032180786133 184
4.064786434173584 184
4.078001499176025 184
4.087018966674805 184
4.096407651901245 184
4.11096978187561 184
4.134643316268921 184
4.152310848236084 184
4.170123100280762 184
4.189794301986694 184
4.209897041320801 184
4.222495794296265 184
4.233958959579468 184
4.242318391799927 184
4.251408815383911 184
4.269028186798096 184
4.288806915283203 184
4.298601388931274 184
4.307934522628784 184
4.317983627319336 184
4.327631235122681 184
4.337637662887573 184
4.346642732620239 184
4.3557844161987305 184
4.3645408153533936 184
4.374547958374023 184
4.382908344268799 184
4.392339706420898 184
4.401639699935913 184
4.411607265472412 184
4.421785354614258 184
4.431415557861328 184
4.440314292907715 184
4.449535608291626 184
4.458627223968506 184
4.467947959899902 184
4.478082180023193 184
4.487095832824707 184
4.496296167373657 184
4.505176782608032 184
4.514193058013916 184
4.524415731430054 184
4.534264087677002 184
4.542656898498535 184
4.5519890785217285 184
4.56092095375061 184
4.570047855377197 184
4.5802390575408936 184
4.5895185470581055 184
4.598492860794067 184
4.607785940170288 184
4.616829872131348 184
4.627031564712524 184
4.63686990737915 184
4.6462647914886475 184
4.655130386352539 184
4.664189100265503 184
4.677973985671997 184
4.687153339385986 183
4.696808576583862 183
4.706121921539307 183
4.714872360229492 183
4.726524591445923 183
4.735699892044067 183
4.745162487030029 183
4.754284620285034 182
4.762816905975342 182
4.772102355957031 181
4.7822136878967285 181
4.7911601066589355 181
4.8003082275390625 180
4.809574842453003 180
4.818659543991089 179
4.828681945800781 179
4.838046550750732 179
4.847795248031616 179
4.856813430786133 178
4.866027355194092 178
4.874838590621948 178
4.884847640991211 177
4.89409613609314 177
4.902488470077515 177
4.911973237991333 177
4.920916318893433 177
4.931000471115112 177
4.94027853012085 177
4.950347900390625 177
4.959662437438965 177
4.9685657024383545 177
4.978586435317993 177
4.987937688827515 177
4.997041702270508 177
5.006143093109131 177
5.014882802963257 177
5.024102210998535 177
5.034070253372192 177
5.042574644088745 177
5.052321195602417 177
5.061616659164429 177
5.086666107177734 177
5.095975160598755 177
5.10473108291626 177
5.1141016483306885 177
5.122555494308472 177
5.135840892791748 177
5.1445536613464355 177
5.154321193695068 177
5.1626341342926025 177
5.172034978866577 177
5.182271718978882 177
5.197947263717651 177
5.206909656524658 177
5.216010332107544 177
5.224717855453491 177
5.234772682189941 177
5.24420952796936 177
5.252995491027832 177
5.262259244918823 177
5.271408557891846 177
5.28026270866394 177
5.290217638015747 177
5.299633741378784 177
5.308517694473267 177
5.3177924156188965 177
5.326786994934082 177
5.336759805679321 177
5.345841646194458 177
5.355762720108032 177
5.364522457122803 177
5.372856855392456 177
5.382157564163208 177
5.392189025878906 177
5.401061296463013 177
5.41106104850769 177
5.420288562774658 177
5.42972993850708 177
5.43963885307312 177
5.448527097702026 177
5.45820689201355 177
5.4671595096588135 177
5.480128526687622 177
5.490264177322388 177
5.499680995941162 177
5.5087080001831055 177
5.517961025238037 177
5.526944160461426 177
5.5369977951049805 177
5.546118497848511 177
5.556945562362671 177
5.567035436630249 177
5.576120853424072 177
5.584856748580933 177
5.5988075733184814 177
5.616670846939087 177
5.634603500366211 177
5.6520233154296875 177
5.671838998794556 177
5.691964149475098 178
5.706835031509399 178
5.717956304550171 178
5.727985143661499 178
5.73893141746521 178
5.7508485317230225 178
5.759999513626099 178
5.769720077514648 178
5.780817985534668 178
5.790811061859131 178
5.800069332122803 178
5.808954238891602 178
5.818373918533325 178
5.827558279037476 178
5.836674928665161 179
5.846728086471558 179
5.8559019565582275 179
5.865643501281738 179
5.874428749084473 180
5.8876566886901855 180
5.897878408432007 180
5.907018423080444 181
5.916136980056763 181
5.924878835678101 181
5.934093236923218 181
5.944105625152588 181
5.952584505081177 182
5.9619927406311035 182
5.971635341644287 182
5.980626344680786 182
5.989799976348877 183
5.999896049499512 183
6.0088183879852295 183
6.018231391906738 183
6.027480363845825 183
6.036482095718384 183
6.046465635299683 183
6.055563926696777 183
6.064298629760742 182
6.074070930480957 182
6.082637310028076 182
6.091951131820679 183
6.102030038833618 183
6.111000061035156 183
6.120107889175415 183
6.12898063659668 183
6.138369798660278 183
6.148416519165039 183
6.15764045715332 183
6.166623830795288 183
6.176260709762573 183
6.18716287612915 183
6.198930263519287 183
6.2095417976379395 183
6.218884229660034 183
6.228863000869751 183
6.242165803909302 183
6.252458333969116 183
6.261970520019531 183
6.270891427993774 183
6.285789966583252 183
6.2945778369903564 183
6.304826259613037 183
6.314229965209961 183
6.322696924209595 183
6.331987142562866 183
6.341068983078003 183
6.351106882095337 183
6.360363483428955 183
6.3695597648620605 183
6.379056692123413 183
6.388340950012207 183
6.397563695907593 183
6.408281326293945 183
6.417645692825317 183
6.426666975021362 183
6.436002016067505 183
6.444791316986084 183
6.454859733581543 183
6.464091777801514 183
6.47263765335083 183
6.482431173324585 183
6.491556167602539 183
6.500708341598511 183
6.510777473449707 183
6.519925117492676 183
6.528865098953247 183
6.538208723068237 183
6.547183036804199 183
6.557533025741577 183
6.566556453704834 183
6.575664520263672 183
6.584876298904419 183
6.594095230102539 183
6.604325771331787 182
6.612663269042969 182
6.622219085693359 182
6.631165504455566 182
6.640280246734619 182
6.649542808532715 182
6.662186861038208 182
6.674120187759399 182
6.690537929534912 182
6.699913740158081 182
6.712720155715942 182
6.724721670150757 182
6.736682176589966 182
6.747633934020996 182
6.762633562088013 182
6.77196192741394 182
6.780884027481079 182
6.792726993560791 182
6.804897308349609 182
6.815486907958984 182
6.825493335723877 182
6.834264278411865 182
6.84258508682251 182
6.851813793182373 182
6.8620758056640625 182
6.871021270751953 182
6.880134344100952 182
6.88989520072937 182
6.89884352684021 182
6.908790111541748 182
6.9183030128479 182
6.9276604652404785 182
6.936727046966553 182
6.945858716964722 182
6.954650640487671 182
6.964749097824097 182
6.973958969116211 182
6.9826788902282715 182
6.992513179779053 182
7.001853704452515 182
7.011986494064331 181
7.020975351333618 181
7.0301032066345215 181
7.039578437805176 181
7.048550128936768 180
7.057887554168701 180
7.067909240722656 179
7.076927423477173 179
7.089956998825073 179
7.10007119178772 178
7.109128952026367 178
7.119747161865234 178
7.128657102584839 177
7.137979745864868 177
7.146996974945068 177
7.156346797943115 177
7.166398286819458 177
7.1756510734558105 177
7.1844542026519775 177
7.192862033843994 177
7.202624082565308 177
7.212634801864624 177
7.224729061126709 177
7.235869884490967 177
7.248221158981323 177
7.262176513671875 177
7.278043031692505 177
7.2917845249176025 177
7.302854061126709 177
7.318864583969116 177
7.330758810043335 177
7.340826749801636 177
7.3522326946258545 177
7.370316505432129 177
7.379738092422485 177
7.388648748397827 177
7.398069858551025 177
7.4084837436676025 177
7.418636083602905 177
7.427922487258911 177
7.4368979930877686 177
7.446038484573364 177
7.4548020362854 177
7.464108467102051 177
7.4742186069488525 177
7.487062931060791 177
7.496433258056641 177
7.506405591964722 177
7.515749216079712 177
7.525845289230347 177
7.5346269607543945 177
7.543004512786865 177
7.552245616912842 177
7.561185121536255 177
7.571155548095703 177
7.58061146736145 177
7.589742660522461 177
7.598665714263916 177
7.608378648757935 177
7.617607355117798 177
7.627741098403931 177
7.636899709701538 177
7.646024703979492 177
7.654786109924316 177
7.6639790534973145 177
7.677617788314819 177
7.68965744972229 177
7.701976299285889 177
7.715975284576416 177
7.729153633117676 177
7.7420055866241455 177
7.755999803543091 177
7.768169641494751 177
7.778231620788574 177
7.7871785163879395 177
7.796419143676758 177
7.805598258972168 177
7.815737009048462 177
7.82570743560791 177
7.834479331970215 177
7.842884063720703 177
7.852165937423706 177
7.861104488372803 177
7.870172023773193 177
7.880215644836426 177
7.89300012588501 177
7.90248966217041 177
7.912346839904785 177
7.921760082244873 177
7.931598663330078 177
7.940764665603638 177
7.949920177459717 177
7.958822011947632 177
7.968099594116211 177
7.978144884109497 177
7.987146854400635 177
7.996462106704712 178
8.005575180053711 178
8.014330863952637 178
8.024033308029175 178
8.034225463867188 178
8.042593717575073 178
8.051825761795044 178
8.060972213745117 178
8.07009506225586 178
8.079963445663452 178
8.088871717453003 178
8.098194122314453 178
8.10715126991272 178
8.116959571838379 178
8.12614369392395 178
8.136271715164185 178
8.145128965377808 178
8.154099702835083 178
8.162626028060913 178
8.171862602233887 179
8.182154655456543 179
8.191086292266846 179
8.20033574104309 180
8.209575414657593 180
8.218551397323608 181
8.228300094604492 181
8.238452434539795 181
8.247746706008911 181
8.257663249969482 182
8.26712441444397 182
8.276417255401611 183
8.290269613265991 183
8.299865007400513 183
8.308924198150635 183
8.31830096244812 183
8.328015565872192 183
8.338084697723389 184
8.347066640853882 184
8.35641622543335 184
8.365549325942993 184
8.374318838119507 184
8.384279727935791 184
8.392680883407593 184
8.401946306228638 184
8.412477970123291 184
8.421966552734375 184
8.430874109268188 184
8.44087266921997 184
8.450007200241089 184
8.458858728408813 184
8.468148708343506 184
8.477450609207153 184
8.487472772598267 184
8.49644684791565 184
8.5055513381958 184
8.514290809631348 184
8.522635698318481 184
8.531898975372314 184
8.542032957077026 184
8.5510835647583 184
8.560189723968506 184
8.569060325622559 184
8.578355312347412 184
8.588270902633667 184
8.597689867019653 184
8.606712579727173 184
8.615830421447754 184
8.624544620513916 184
8.634374618530273 184
8.644441843032837 184
8.652811527252197 184
8.66231369972229 184
8.671454668045044 184
8.680972576141357 184
8.695584058761597 184
8.704347610473633 184
8.712848901748657 184
8.722365856170654 184
8.732041835784912 184
8.742038249969482 184
8.750988960266113 184
8.760120391845703 184
8.770955085754395 184
8.780785083770752 184
8.79099988937378 184
8.800184726715088 184
8.809592247009277 184
8.818519353866577 184
8.827805995941162 184
8.837513446807861 184
8.84761118888855 184
8.856639862060547 184
8.86579418182373 183
8.87460470199585 183
8.882971048355103 183
8.893560647964478 183
8.902496337890625 183
8.911770582199097 183
8.920752048492432 183
8.929929494857788 183
8.939820289611816 183
8.950006008148193 183
8.95903491973877 183
8.96833062171936 182
8.97756552696228 182
8.98660135269165 181
8.99666976928711 181
9.005844593048096 181
9.014641046524048 181
9.024029731750488 180
9.032610893249512 180
9.04408574104309 179
9.052488327026367 179
9.061783075332642 179
9.075831890106201 178
9.084651231765747 178
9.105649471282959 177
9.122943878173828 177
9.142709016799927 177
9.16239047050476 177
9.182109355926514 177
9.201087713241577 177
9.214739561080933 177
9.223992586135864 177
9.232385635375977 177
9.24156665802002 177
9.262190818786621 177
9.277934074401855 177
9.287885665893555 177
9.296895980834961 177
9.306022882461548 177
9.316100597381592 177
9.3248872756958 177
9.334289073944092 177
9.34263825416565 177
9.351874351501465 177
9.362014055252075 177
9.372458696365356 177
9.381659269332886 177
9.390823602676392 177
9.39995527267456 177
9.41070008277893 177
9.419866800308228 177
9.428784608840942 177
9.437987804412842 177
9.447446584701538 177
9.457051515579224 177
9.467180490493774 177
9.476470470428467 177
9.485586166381836 177
9.498392105102539 177
9.50792407989502 177
9.518064737319946 177
9.527099847793579 177
9.53634524345398 177
9.545475482940674 177
9.554710865020752 177
9.564691543579102 177
9.57402777671814 177
9.582417964935303 177
9.591834545135498 177
9.600775718688965 177
9.60993242263794 177
9.620019674301147 177
9.629027843475342 177
9.638288497924805 177
9.647512912750244 177
9.657001733779907 177
9.667062282562256 177
9.676156997680664 177
9.68553352355957 177
9.694312572479248 177
9.702653169631958 177
9.7119460105896 177
9.722029447555542 177
9.730915307998657 177
9.74004316329956 177
9.750914812088013 177
9.764290809631348 177
9.77801775932312 177
9.79032015800476 177
9.803998708724976 177
9.81781816482544 177
9.829938888549805 177
9.839959144592285 177
9.848965406417847 177
9.858676671981812 177
9.868897914886475 177
9.878178119659424 177
9.887160778045654 177
9.900207281112671 177
9.909540176391602 177
9.919699907302856 177
9.92873215675354 177
9.937969446182251 177
9.946932315826416 177
9.95606017112732 178
9.965702772140503 178
9.975931167602539 178
9.9846932888031 178
9.994255781173706 178
