0 0
0.0058209896087646484 0
0.020679473876953125 0
0.029838085174560547 1
0.0390477180480957 3
0.047887325286865234 7
0.05923128128051758 11
0.06969594955444336 15
0.07895040512084961 20
0.08787775039672852 24
0.09735941886901855 29
0.10748696327209473 35
0.11599850654602051 42
0.12545084953308105 47
0.13500213623046875 54
0.14412450790405273 61
0.15340447425842285 68
0.16428232192993164 75
0.1737213134765625 81
0.18303132057189941 88
0.19220352172851562 96
0.20165514945983887 103
0.21185851097106934 111
0.22128963470458984 117
0.23070263862609863 125
0.23993253707885742 131
0.24949073791503906 139
0.2599921226501465 148
0.27013587951660156 156
0.27953553199768066 162
0.2889988422393799 170
0.29792332649230957 176
0.3073110580444336 184
0.3176577091217041 192
0.32608819007873535 199
0.33553290367126465 205
0.34500837326049805 210
0.354111909866333 215
0.36427783966064453 219
0.3739142417907715 222
0.38895630836486816 223
0.39792299270629883 223
0.4074862003326416 222
0.41770243644714355 220
0.42723584175109863 217
0.43596935272216797 214
0.4454212188720703 211
0.45488786697387695 205
0.4656820297241211 201
0.4751405715942383 195
0.4842534065246582 190
0.4938511848449707 185
0.5031685829162598 179
0.5133306980133057 173
0.5227975845336914 167
0.5318751335144043 162
0.5412476062774658 158
0.55074143409729 154
0.5599212646484375 151
0.5714442729949951 150
0.5819199085235596 150
0.5913271903991699 150
0.6006948947906494 152
0.610029935836792 154
0.6201751232147217 157
0.6295626163482666 160
0.6388359069824219 165
0.6477582454681396 169
0.6570684909820557 174
0.6675169467926025 180
0.6766412258148193 185
0.6856448650360107 190
0.6950657367706299 195
0.7041606903076172 199
0.7133910655975342 203
0.723658561706543 205
0.7331228256225586 206
0.7421505451202393 207
0.7516307830810547 207
0.7611219882965088 205
0.7713234424591064 202
0.7846517562866211 199
0.7940800189971924 193
0.8054695129394531 187
0.8208427429199219 180
0.8330743312835693 173
0.845440149307251 166
0.859158992767334 160
0.8730833530426025 156
0.8838129043579102 154
0.8931386470794678 152
0.902158260345459 152
0.9116806983947754 153
0.9217064380645752 154
0.9311256408691406 156
0.9407010078430176 159
0.9499411582946777 163
0.9591763019561768 167
0.9686534404754639 173
0.9794585704803467 177
0.98866868019104 182
0.9975471496582031 187
1.0060322284698486 193
1.0154674053192139 197
1.0256526470184326 200
1.0352180004119873 203
1.0445499420166016 206
1.0537075996398926 207
1.0630841255187988 207
1.0732896327972412 206
1.0841491222381592 204
1.0937063694000244 201
1.103097915649414 198
1.1121022701263428 194
1.122657060623169 189
1.1317815780639648 184
1.141322135925293 180
1.1508984565734863 175
1.1600208282470703 170
1.169259786605835 162
1.1873838901519775 158
1.195979118347168 156
1.2056248188018799 154
1.2152254581451416 153
1.2253344058990479 153
1.234604835510254 155
1.243727445602417 156
1.2530643939971924 159
1.2631990909576416 163
1.2727766036987305 167
1.2832210063934326 172
1.2922208309173584 177
1.3016154766082764 181
1.3109886646270752 187
1.3201091289520264 192
1.3306975364685059 196
1.3399078845977783 199
1.3491709232330322 202
1.3583040237426758 204
1.3674802780151367 205
1.377636432647705 205
1.3875279426574707 204
1.3966782093048096 203
1.4055793285369873 201
1.4149792194366455 198
1.4241204261779785 194
1.4345731735229492 190
1.4437370300292969 186
1.4532105922698975 181
1.4627931118011475 175
1.4718074798583984 171
1.4820165634155273 166
1.4918744564056396 163
1.5012478828430176 159
1.5107195377349854 157
1.5198605060577393 156
1.5299768447875977 155
1.539454460144043 156
1.5486793518066406 157
1.5575776100158691 160
1.5660557746887207 163
1.5756163597106934 170
1.592900276184082 175
1.6031203269958496 180
1.612199306488037 185
1.6215825080871582 189
1.6318943500518799 194
1.641308307647705 197
1.6507768630981445 200
1.659928560256958 202
1.6691694259643555 203
1.678236722946167 203
1.6889610290527344 202
1.6988656520843506 201
1.7078375816345215 199
1.7172234058380127 195
1.7259576320648193 191
1.736030101776123 187
1.7455155849456787 183
1.7550983428955078 177
1.764157772064209 172
1.773423671722412 167
1.7837252616882324 164
1.7929832935333252 161
1.8028535842895508 158
1.8120088577270508 157
1.8213672637939453 157
1.8307819366455078 157
1.8410429954528809 159
1.8502445220947266 161
1.8596856594085693 163
1.8690483570098877 167
1.8779706954956055 172
1.8882648944854736 177
1.8978042602539062 181
1.9071218967437744 185
1.915562629699707 191
1.9280004501342773 195
1.938868761062622 199
1.9477999210357666 201
1.9571995735168457 204
1.967801570892334 204
1.977250576019287 203
1.9922444820404053 202
2.001903533935547 199
2.0114476680755615 197
2.020869255065918 193
2.0300333499908447 188
2.04109787940979 182
2.0518434047698975 178
2.061230421066284 173
2.070603847503662 168
2.0797529220581055 164
2.089919328689575 161
2.0991575717926025 158
2.1098785400390625 156
2.1216604709625244 156
2.1330227851867676 157
2.143972158432007 158
2.1532530784606934 161
2.163835048675537 164
2.1732358932495117 168
2.18220591545105 173
2.1926889419555664 177
2.2017064094543457 182
2.211491107940674 187
2.2215702533721924 192
2.232235908508301 197
2.2428269386291504 200
2.2518720626831055 202
2.2619686126708984 204
2.2714407444000244 204
2.2809128761291504 204
2.291234254837036 202
2.3006999492645264 200
2.3099021911621094 198
2.3192174434661865 194
2.328577995300293 191
2.3375113010406494 186
2.3476908206939697 181
2.357229471206665 176
2.3657286167144775 172
2.3752925395965576 165
2.38956618309021 161
2.3999898433685303 158
2.4100430011749268 157
2.41938853263855 156
2.4286856651306152 156
2.4375550746917725 157
2.4477758407592773 159
2.457071304321289 161
2.4655942916870117 164
2.4751386642456055 168
2.4841973781585693 173
2.494574785232544 178
2.5037856101989746 183
2.5136783123016357 187
2.5229640007019043 192
2.5320889949798584 196
2.5416839122772217 199
2.5518598556518555 201
2.561241388320923 203
2.5705759525299072 204
2.579791307449341 204
2.5892107486724854 203
2.599465847015381 201
2.608682155609131 198
2.6182522773742676 196
2.6275107860565186 191
2.636683464050293 187
2.6472105979919434 182
2.6559295654296875 177
2.6653664112091064 173
2.674593687057495 168
2.6836905479431152 165
2.692939043045044 161
2.7030980587005615 158
2.712198257446289 157
2.722010850906372 156
2.7329390048980713 156
2.7420077323913574 157
2.7521586418151855 160
2.761695146560669 162
2.771244764328003 166
2.780585765838623 172
2.793826103210449 177
2.8040733337402344 182
2.8134424686431885 187
2.8234212398529053 191
2.8329854011535645 195
2.8420348167419434 199
2.8521697521209717 202
2.8616297245025635 203
2.8710520267486572 205
2.8811187744140625 204
2.8940622806549072 201
2.9088149070739746 197
2.921499729156494 193
2.9346506595611572 187
2.9475722312927246 180
2.9611217975616455 175
2.970247268676758 170
2.9796409606933594 166
2.9888763427734375 162
2.9977610111236572 159
3.007960557937622 157
3.017467498779297 155
3.0275304317474365 155
3.0360143184661865 155
3.0454013347625732 157
3.055633783340454 159
3.065065622329712 161
3.0742406845092773 165
3.083648204803467 169
3.092942714691162 173
3.1031062602996826 179
3.112095594406128 184
3.1214864253997803 189
3.131593704223633 193
3.1410374641418457 197
3.150310754776001 201
3.1607825756073 203
3.1699440479278564 205
3.1792666912078857 205
3.1930489540100098 205
3.202232837677002 203
3.212973117828369 201
3.2221033573150635 197
3.231992721557617 193
3.24320912361145 189
3.2532591819763184 183
3.2642099857330322 177
3.273466110229492 173
3.283069372177124 169
3.292062759399414 164
3.3014655113220215 161
3.311729907989502 159
3.3211233615875244 157
3.3309850692749023 156
3.3400638103485107 156
3.349431037902832 157
3.3595688343048096 159
3.3689944744110107 161
3.3779709339141846 164
3.387423038482666 168
3.3959507942199707 173
3.405381441116333 178
3.415619134902954 182
3.4250001907348633 187
3.4342195987701416 192
3.4437522888183594 196
3.453019618988037 199
3.4631316661834717 202
3.4722015857696533 204
3.4815597534179688 205
3.49114990234375 204
3.500309944152832 203
3.510739326477051 201
3.519909381866455 199
3.5292506217956543 195
3.539248466491699 191
3.5542595386505127 183
3.56476092338562 177
3.573899269104004 173
3.583138942718506 167
3.597128391265869 163
3.605726957321167 159
3.6161305904388428 157
3.6255931854248047 156
3.634993076324463 156
3.644796133041382 157
3.653918504714966 158
3.664048671722412 161
3.673489809036255 163
3.682871103286743 167
3.691885471343994 171
3.7012739181518555 175
3.7105963230133057 181
3.720766067504883 186
3.7300822734832764 191
3.7398762702941895 194
3.7498879432678223 198
3.759725332260132 201
3.76991868019104 202
3.7791619300842285 203
3.788691282272339 203
3.7975893020629883 202
3.807136297225952 200
3.817392110824585 197
3.8258869647979736 193
3.8353726863861084 190
3.8453385829925537 185
3.8547611236572266 180
3.8650715351104736 175
3.8741374015808105 171
3.883376121520996 167
3.892747640609741 163
3.9017367362976074 160
3.9112863540649414 157
3.9317407608032227 157
3.941274404525757 158
3.951277732849121 159
3.960827112197876 164
3.9796836376190186 175
4.005095481872559 187
4.024219036102295 199
4.047470569610596 207
4.06739354133606 212
4.086008787155151 213
4.095628261566162 213
4.105057954788208 212
4.114093542098999 211
4.123365163803101 204
4.142149448394775 197
4.159841060638428 191
4.169615983963013 187
4.178944110870361 181
4.18921160697937 175
4.198265314102173 171
4.207436561584473 165
4.216078996658325 161
4.225451707839966 157
4.234697580337524 155
4.244971752166748 152
4.254920244216919 151
4.2651143074035645 151
4.274294853210449 152
4.283472776412964 154
4.2937633991241455 155
4.303088665008545 159
4.312102556228638 163
4.321649789810181 166
4.331214427947998 172
4.341311693191528 177
4.350688695907593 182
4.360306024551392 187
4.369697332382202 191
4.37888765335083 196
4.387797117233276 201
4.40280556678772 204
4.411954164505005 206
4.4214959144592285 207
4.430988073348999 207
4.440120458602905 205
4.450836658477783 204
4.460658550262451 201
4.469812631607056 198
4.47913670539856 194
4.488245487213135 189
4.498717546463013 185
4.507670879364014 180
4.517188549041748 175
4.525704622268677 170
4.535106420516968 166
4.545243740081787 161
4.557380437850952 158
4.5672101974487305 155
4.575791835784912 154
4.5854105949401855 154
4.595604419708252 155
4.6049964427948 157
4.6141157150268555 159
4.623363971710205 162
4.6329665184021 166
4.641979217529297 171
4.6521337032318115 176
4.661484241485596 180
4.670835733413696 185
4.679966926574707 190
4.6894450187683105 195
4.699526309967041 198
4.708950757980347 201
4.717871189117432 203
4.72723650932312 204
4.7357988357543945 205
4.74520468711853 204
4.755594730377197 202
4.765529155731201 200
4.77496337890625 197
4.784059762954712 190
4.799664497375488 186
4.8091442584991455 181
4.8180251121521 177
4.8275275230407715 172
4.835988521575928 167
4.845550775527954 163
4.85572361946106 161
4.865523815155029 158
4.875092506408691 156
4.884140968322754 155
4.893395185470581 156
4.903488874435425 157
4.912872791290283 159
4.921890735626221 162
4.931423664093018 165
4.940773010253906 170
4.9509782791137695 175
4.9612932205200195 181
4.974261999130249 188
4.9876708984375 195
5.001791477203369 201
5.014270305633545 205
5.027691125869751 207
5.040313243865967 208
5.051659345626831 207
5.062116861343384 206
5.072023391723633 203
5.081462621688843 201
5.090923547744751 197
5.100239992141724 192
5.110913991928101 187
5.120043754577637 182
5.129440784454346 177
5.138677597045898 173
5.14756441116333 167
5.157776117324829 164
5.167075157165527 160
5.176699638366699 157
5.185508966445923 155
5.19939398765564 155
5.209704399108887 155
5.219034910202026 157
5.2278947830200195 158
5.2373926639556885 161
5.245885133743286 165
5.256053924560547 169
5.266719579696655 174
5.276036739349365 179
5.285390615463257 184
5.294893741607666 189
5.303972959518433 194
5.314162969589233 198
5.323394298553467 201
5.332778215408325 204
5.3418567180633545 205
5.351385831832886 206
5.361737489700317 205
5.371198654174805 204
5.381088972091675 202
5.390250205993652 199
5.399708271026611 195
5.409947872161865 192
5.419267177581787 187
5.428641319274902 183
5.437588930130005 177
5.44663667678833 172
5.455573558807373 167
5.465595722198486 164
5.4751200675964355 160
5.484972238540649 157
5.494140148162842 155
5.503389120101929 154
5.513718843460083 154
5.5230255126953125 155
5.532145977020264 157
5.541594505310059 159
5.551039218902588 163
5.5623157024383545 168
5.573668003082275 174
5.584158182144165 181
5.5989508628845215 186
5.607838869094849 191
5.618776559829712 196
5.627787113189697 199
5.63716983795166 202
5.645684242248535 204
5.655223608016968 205
5.665462017059326 205
5.674881935119629 205
5.683972597122192 203
5.6939051151275635 201
5.703179121017456 197
5.713728666305542 194
5.7230446338653564 189
5.732093811035156 185
5.741492748260498 181
5.75105357170105 175
5.76014256477356 170
5.770709037780762 165
5.779886484146118 161
5.78968071937561 159
5.798861026763916 157
5.807749509811401 155
5.817977666854858 155
5.827372074127197 156
5.835991621017456 158
5.8454015254974365 159
5.85469126701355 163
5.8649632930755615 167
5.8740234375 170
5.883343696594238 175
5.892925024032593 180
5.901913166046143 185
5.911267518997192 190
5.921332359313965 194
5.930766344070435 198
5.939908266067505 200
5.949441909790039 202
5.958718299865723 204
5.968935966491699 204
5.977824926376343 203
5.98721718788147 201
6.005221128463745 198
6.014989137649536 194
6.025304079055786 189
6.038618326187134 182
6.051353931427002 175
6.065318822860718 167
6.079985618591309 161
6.092806577682495 157
6.10374116897583 155
6.115896224975586 153
6.130195379257202 154
6.14177393913269 155
6.151153326034546 157
6.1602623462677 160
6.170575141906738 163
6.179739236831665 167
6.189114809036255 172
6.198976755142212 177
6.207833766937256 181
6.217171669006348 187
6.227374315261841 192
6.2358198165893555 196
6.2452170848846436 200
6.2547338008880615 203
6.264910936355591 205
6.275238037109375 206
6.284580230712891 206
6.29374098777771 205
6.30346417427063 204
6.3130786418914795 201
6.323389768600464 198
6.332819223403931 194
6.341898679733276 189
6.351314067840576 185
6.360698223114014 180
6.370039463043213 175
6.380152463912964 170
6.389466285705566 165
6.403224229812622 161
6.412715911865234 158
6.422975778579712 156
6.432229280471802 155
6.441646099090576 155
6.4510276317596436 155
6.460127115249634 157
6.469532489776611 159
6.47967791557312 162
6.489062547683716 166
6.4979636669158936 171
6.507803678512573 175
6.517124176025391 179
6.5272581577301025 185
6.535861253738403 189
6.545225620269775 193
6.554700136184692 197
6.563889741897583 200
6.5731589794158936 203
6.583375930786133 204
6.5951855182647705 204
6.604589939117432 203
6.614288806915283 202
6.623650074005127 199
6.633886098861694 197
6.643192768096924 193
6.65221643447876 188
6.661792278289795 183
6.671301364898682 178
6.681451797485352 174
6.690827369689941 169
6.69997239112854 165
6.709824562072754 161
6.719081878662109 159
6.729264736175537 157
6.738571643829346 156
6.747500896453857 156
6.755950927734375 157
6.765374183654785 158
6.774733304977417 161
6.784992456436157 164
6.7942328453063965 170
6.808809280395508 175
6.818803548812866 179
6.827667236328125 185
6.837906122207642 189
6.847216367721558 194
6.85588526725769 197
6.865351438522339 201
6.874692440032959 203
6.884937286376953 204
6.89406418800354 205
6.903347492218018 204
6.913458824157715 203
6.923045635223389 200
6.933255434036255 197
6.942298650741577 193
6.951730251312256 190
6.961129903793335 185
6.970604181289673 179
6.979758024215698 175
6.98992395401001 171
6.999143838882446 166
7.008019208908081 163
7.017768859863281 159
7.026696443557739 157
7.037387847900391 155
7.050572872161865 156
7.062880277633667 157
7.075616836547852 162
7.090590953826904 166
7.103679656982422 173
7.116654872894287 180
7.129416227340698 185
7.139558792114258 190
7.148961305618286 195
7.157852649688721 198
7.167340278625488 202
7.1758873462677 205
7.186644554138184 206
7.195590019226074 207
7.210232973098755 206
7.219771146774292 204
7.229780673980713 201
7.239950895309448 199
7.249242544174194 195
7.258607625961304 189
7.270648956298828 184
7.279787063598633 179
7.289975166320801 175
7.299200057983398 170
7.308608055114746 166
7.317499160766602 161
7.329470157623291 158
7.345138072967529 155
7.3542163372039795 155
7.363445997238159 155
7.372830390930176 156
7.383224964141846 158
7.39337158203125 161
7.402804136276245 164
7.41184663772583 168
7.421243667602539 173
7.4328343868255615 179
7.443127632141113 184
7.452197313308716 189
7.461566925048828 194
7.471381902694702 198
7.481773138046265 201
7.4930830001831055 203
7.502065658569336 205
7.511695861816406 205
7.521132469177246 205
7.530924558639526 203
7.5419392585754395 201
7.55144190788269 199
7.56084132194519 195
7.570237159729004 191
7.579655170440674 187
7.588911294937134 181
7.599210739135742 174
7.61298942565918 169
7.622126340866089 164
7.632226228713989 160
7.6426568031311035 157
7.6517133712768555 155
7.661118030548096 154
7.6702351570129395 154
7.679630517959595 154
7.688995838165283 156
7.6995322704315186 157
7.708768367767334 160
7.717674732208252 163
7.727416515350342 168
7.737252473831177 173
7.747459888458252 178
7.7560365200042725 183
7.765380859375 187
7.774695873260498 193
7.783897161483765 196
7.794094562530518 200
7.803430795669556 202
7.812987565994263 204
7.822016477584839 205
7.831682920455933 204
7.841559648513794 203
7.8516528606414795 201
7.861096382141113 199
7.870668172836304 195
7.879816055297852 191
7.889113664627075 186
7.899415493011475 181
7.908674478530884 177
7.917587757110596 172
7.926069259643555 167
7.935564041137695 163
7.9461350440979 159
7.955571174621582 157
7.965134859085083 155
7.974160194396973 154
7.98345947265625 154
7.992988586425781 157
8.007971048355103 159
8.01753306388855 162
8.02613615989685 165
8.035670280456543 170
8.045521259307861 176
8.059112071990967 181
8.067989349365234 186
8.07737112045288 191
8.085812330245972 196
8.095379829406738 200
8.105567455291748 202
8.115103960037231 205
8.124168634414673 206
8.1337149143219 206
8.14457368850708 205
8.154756784439087 204
8.164064645767212 201
8.173678874969482 199
8.183003425598145 195
8.19205904006958 190
8.202174186706543 185
8.211647033691406 181
8.221214294433594 176
8.230703592300415 171
8.239901781082153 167
8.251479864120483 163
8.261619567871094 159
8.271087646484375 157
8.280174970626831 156
8.289682865142822 156
8.298952102661133 157
8.309064388275146 158
8.317939281463623 160
8.327405452728271 163
8.33586049079895 166
8.345306873321533 171
8.35609483718872 176
8.365496158599854 181
8.374740839004517 185
8.383912801742554 189
8.393182277679443 194
8.406108140945435 200
8.417953252792358 203
8.427477836608887 204
8.436070442199707 205
8.445562601089478 205
8.457111120223999 204
8.465572595596313 203
8.475144624710083 200
8.484596014022827 197
8.493755340576172 194
8.503090858459473 189
8.51324200630188 184
8.52224326133728 179
8.531814813613892 175
8.54123592376709 170
8.550544500350952 165
8.562158584594727 161
8.571477890014648 159
8.580825090408325 157
8.590092182159424 156
8.59943151473999 156
8.609711170196533 157
8.618975400924683 159
8.62784457206726 161
8.637189865112305 164
8.645709991455078 168
8.655678987503052 173
8.665775060653687 177
8.67519235610962 182
8.684229612350464 187
8.693700313568115 191
8.70296025276184 195
8.713280200958252 199
8.72231149673462 202
8.73169755935669 203
8.741281986236572 204
8.750762939453125 204
8.76124906539917 203
8.770844221115112 201
8.779951810836792 199
8.789262294769287 196
8.798677206039429 190
8.813165187835693 185
8.822721719741821 180
8.831989765167236 174
8.841403245925903 171
8.850749969482422 166
8.86129355430603 162
8.870822668075562 159
8.87991452217102 157
8.88941216468811 156
8.898671627044678 156
8.90760350227356 156
8.91769790649414 160
8.93347692489624 162
8.942904710769653 166
8.952072620391846 170
8.96736478805542 183
8.988818168640137 194
9.008802652359009 204
9.026121377944946 211
9.048876285552979 215
9.069765090942383 215
9.084539890289307 213
9.093714237213135 211
9.103097677230835 208
9.112178802490234 200
9.134055614471436 186
9.15883994102478 178
9.172300100326538 170
9.186072826385498 162
9.200186729431152 154
9.218879222869873 151
9.227794170379639 148
9.238683462142944 147
9.247594594955444 147
9.25611424446106 147
9.267493724822998 149
9.276089191436768 152
9.287381887435913 155
9.295831441879272 158
9.305214881896973 163
9.314265966415405 168
9.32365608215332 173
9.334005355834961 178
9.343260288238525 185
9.354024171829224 189
9.363281011581421 194
9.3732168674469 199
9.38224482536316 203
9.392804384231567 205
9.401853322982788 207
9.411450862884521 208
9.420856237411499 208
9.430039644241333 207
9.440178394317627 205
9.449692964553833 202
9.458977460861206 199
9.467920780181885 195
9.477825164794922 190
9.488260746002197 186
9.497464656829834 181
9.5059494972229 175
9.515470504760742 171
9.524776935577393 166
9.533926486968994 162
9.544209480285645 158
9.553434133529663 156
9.562784194946289 155
9.571895360946655 154
9.581685543060303 154
9.59178614616394 155
9.601147890090942 157
9.614941596984863 161
9.624089479446411 164
9.633718490600586 169
9.64402151107788 173
9.65323519706726 178
9.662206649780273 183
9.671746730804443 188
9.681528568267822 193
9.691799640655518 197
9.7023024559021 200
9.712809324264526 203
9.721890687942505 204
9.731285095214844 205
9.741366386413574 204
9.750936269760132 203
9.760076522827148 201
9.769460916519165 198
9.778728485107422 195
9.788298845291138 190
9.798947811126709 185
9.807939052581787 181
9.817491292953491 176
9.825958728790283 171
9.835396766662598 167
9.845580339431763 163
9.854938268661499 160
9.864011764526367 158
9.87338638305664 157
9.882716178894043 156
9.89325737953186 156
9.902270078659058 157
9.911685228347778 159
9.921097755432129 162
9.930602550506592 166
9.93976354598999 170
9.949987411499023 174
9.959246158599854 179
9.968247652053833 183
9.977372407913208 188
9.98712944984436 193
9.997457265853882 197
