0 0
0.005903720855712891 0
0.01976609230041504 1
0.029867172241210938 2
0.03937792778015137 5
0.049938201904296875 8
0.05965757369995117 11
0.06921577453613281 15
0.07874798774719238 20
0.08810567855834961 25
0.0987396240234375 31
0.10864400863647461 37
0.11796331405639648 44
0.12797975540161133 51
0.1374342441558838 56
0.14704656600952148 63
0.15732216835021973 70
0.16714763641357422 77
0.176771879196167 85
0.186110258102417 92
0.19571805000305176 100
0.20614194869995117 107
0.2156980037689209 115
0.22591018676757812 123
0.2355048656463623 129
0.24512958526611328 138
0.25552868843078613 145
0.265153169631958 152
0.27474403381347656 160
0.28423070907592773 168
0.2937779426574707 176
0.3040926456451416 183
0.31383419036865234 189
0.3233962059020996 197
0.33727455139160156 201
0.34717631340026855 205
0.3578212261199951 207
0.3673090934753418 209
0.3769090175628662 209
0.3861351013183594 208
0.3957545757293701 206
0.4062788486480713 203
0.41583251953125 200
0.42559003829956055 195
0.43564677238464355 191
0.446277379989624 185
0.4580092430114746 180
0.46775364875793457 176
0.47719478607177734 172
0.4867589473724365 169
0.4959836006164551 166
0.5062716007232666 165
0.515869140625 164
0.5255331993103027 164
0.5355246067047119 165
0.5450963973999023 167
0.555194616317749 169
0.5647869110107422 172
0.5742683410644531 175
0.5839400291442871 178
0.5934035778045654 180
0.602811336517334 183
0.6131832599639893 185
0.6226980686187744 187
0.6318113803863525 188
0.6418299674987793 189
0.6527707576751709 189
0.6631472110748291 188
0.6727097034454346 187
0.6817691326141357 186
0.6913721561431885 184
0.7000210285186768 183
0.7114624977111816 181
0.7206459045410156 179
0.734548807144165 178
0.7447729110717773 177
0.7541885375976562 176
0.764873743057251 176
0.7741470336914062 176
0.7837207317352295 176
0.7930798530578613 177
0.8025619983673096 177
0.8128893375396729 178
0.8219144344329834 179
0.8316011428833008 180
0.8418128490447998 180
0.8513214588165283 181
0.861457109451294 181
0.8706526756286621 182
0.8796358108520508 182
0.8893544673919678 182
0.8988640308380127 181
0.9081130027770996 181
0.9186692237854004 181
0.9279870986938477 181
0.937389612197876 181
0.9476494789123535 181
0.958146333694458 180
0.968916654586792 180
0.9780621528625488 180
0.9873929023742676 180
0.9968266487121582 180
1.006040334701538 180
1.0162246227264404 180
1.025681495666504 180
1.0351738929748535 180
1.0450527667999268 180
1.0545172691345215 180
1.0648059844970703 180
1.0741753578186035 180
1.0836191177368164 180
1.0930495262145996 180
1.1022393703460693 180
1.111508846282959 180
1.1217477321624756 180
1.1352262496948242 180
1.144866943359375 180
1.1549420356750488 180
1.1651577949523926 180
1.174621343612671 180
1.1840202808380127 180
1.1934537887573242 180
1.202768087387085 180
1.211740493774414 180
1.2226064205169678 180
1.2316021919250488 180
1.240692377090454 180
1.2511060237884521 180
1.2597031593322754 180
1.2699956893920898 180
1.2795491218566895 180
1.2890005111694336 180
1.2981150150299072 180
1.3077008724212646 180
1.31801176071167 180
1.3273332118988037 180
1.3368399143218994 180
1.3459255695343018 180
1.3560349941253662 180
1.3656797409057617 180
1.37591552734375 180
1.3867661952972412 180
1.3992395401000977 180
1.4129443168640137 180
1.4266908168792725 180
1.4390947818756104 180
1.4527950286865234 180
1.4659361839294434 180
1.4772241115570068 180
1.4868671894073486 180
1.4960589408874512 180
1.5055036544799805 180
1.5149624347686768 180
1.5251855850219727 180
1.5382308959960938 180
1.5479471683502197 180
1.5580213069915771 180
1.5673179626464844 180
1.577693223953247 180
1.5870692729949951 180
1.5961451530456543 180
1.6057560443878174 180
1.6154859066009521 180
1.625577688217163 180
1.6350505352020264 180
1.645237684249878 180
1.654761552810669 180
1.6647779941558838 180
1.6750104427337646 180
1.6842224597930908 180
1.6936957836151123 180
1.7030446529388428 180
1.7122597694396973 180
1.7214994430541992 180
1.731797456741333 180
1.7418174743652344 180
1.7514052391052246 180
1.7599751949310303 180
1.7699341773986816 180
1.7810933589935303 180
1.7897968292236328 180
1.7992875576019287 180
1.8086214065551758 180
1.8178577423095703 180
1.828068733215332 180
1.8373806476593018 180
1.8469984531402588 180
1.8561224937438965 180
1.8660306930541992 180
1.876281499862671 180
1.8857240676879883 180
1.8951776027679443 180
1.904735803604126 180
1.9140055179595947 180
1.9233977794647217 180
1.9373245239257812 180
1.9469828605651855 180
1.9561901092529297 180
1.968158483505249 180
1.9797110557556152 180
1.9891674518585205 180
1.99853515625 180
2.0079174041748047 180
2.0172603130340576 180
2.0277369022369385 180
2.037125825881958 180
2.0462019443511963 180
2.0556814670562744 180
2.06514048576355 180
2.0750629901885986 180
2.0856287479400635 180
2.0950872898101807 180
2.1042559146881104 180
2.113701581954956 180
2.1229755878448486 180
2.1334288120269775 180
2.1429038047790527 180
2.151890754699707 180
2.1613872051239014 180
2.1699318885803223 180
2.1815004348754883 180
2.190048933029175 180
2.199517250061035 180
2.2091338634490967 180
2.218214988708496 180
2.2276597023010254 180
2.237964630126953 180
2.24723219871521 180
2.256699562072754 180
2.2659735679626465 180
2.2759077548980713 180
2.286125659942627 180
2.295542001724243 180
2.3050200939178467 180
2.314223051071167 180
2.323843002319336 180
2.3378615379333496 180
2.3518378734588623 180
2.36337947845459 180
2.3726961612701416 180
2.3836145401000977 180
2.393110752105713 180
2.40277361869812 180
2.4139130115509033 180
2.423375129699707 180
2.4326961040496826 180
2.4430501461029053 180
2.452246904373169 180
2.4614672660827637 180
2.4719913005828857 180
2.4818389415740967 180
2.4925949573516846 180
2.5015430450439453 180
2.511246919631958 180
2.5197927951812744 180
2.529433488845825 180
2.5396840572357178 180
2.5491909980773926 180
2.5585079193115234 180
2.567854642868042 180
2.577155113220215 180
2.588038206100464 180
2.5974032878875732 180
2.6068546772003174 180
2.615950107574463 180
2.6255476474761963 180
2.6350202560424805 180
2.646008253097534 180
2.6557180881500244 180
2.6652002334594727 180
2.6746764183044434 180
2.684798240661621 180
2.6950607299804688 180
2.7042672634124756 180
2.7141151428222656 180
2.7249226570129395 180
2.739044427871704 180
2.748661518096924 180
2.758610725402832 180
2.7690625190734863 180
2.778181552886963 180
2.789400100708008 180
2.799011468887329 180
2.8082778453826904 180
2.8177146911621094 180
2.8271284103393555 180
2.836223602294922 180
2.846797466278076 180
2.855881690979004 180
2.865481376647949 180
2.8749284744262695 180
2.8841283321380615 180
2.8950037956237793 180
2.9042372703552246 180
2.913872003555298 180
2.923445224761963 180
2.932821750640869 180
2.94296932220459 180
2.9519073963165283 180
2.9614052772521973 180
2.969965696334839 180
2.982825756072998 180
2.993605613708496 180
3.002960443496704 180
3.0119175910949707 180
3.021376132965088 180
3.029971122741699 180
3.039515256881714 180
3.0497665405273438 180
3.059225559234619 180
3.0685954093933105 180
3.0779690742492676 180
3.0872693061828613 180
3.0982003211975098 180
3.1078011989593506 180
3.1171555519104004 180
3.1262471675872803 180
3.1394314765930176 180
3.1497855186462402 180
3.1594295501708984 180
3.169161558151245 180
3.178718328475952 180
3.187908887863159 180
3.198742389678955 180
3.2079808712005615 180
3.2173116207122803 180
3.2269420623779297 180
3.236032724380493 180
3.2461612224578857 180
3.255716323852539 180
3.265204668045044 180
3.274608612060547 180
3.2839412689208984 180
3.2933692932128906 180
3.3041868209838867 180
3.3136074542999268 180
3.322875738143921 180
3.3318870067596436 180
3.34137225151062 180
3.35170316696167 180
3.361168384552002 180
3.369692087173462 180
3.379181385040283 180
3.388537883758545 180
3.397737741470337 180
3.408906936645508 180
3.4180681705474854 180
3.4273788928985596 180
3.436995506286621 180
3.4460973739624023 180
3.456634283065796 180
3.4672584533691406 180
3.4799964427948 180
3.494180202484131 180
3.5087039470672607 180
3.5226526260375977 180
3.539280414581299 180
3.554622173309326 180
3.565516948699951 180
3.574978828430176 180
3.5842576026916504 180
3.593726634979248 180
3.6046664714813232 180
3.619197368621826 180
3.62858510017395 180
3.6377837657928467 180
3.648082733154297 180
3.658561944961548 180
3.6678097248077393 180
3.6771368980407715 180
3.6862776279449463 180
3.6958885192871094 180
3.7062790393829346 180
3.71624755859375 180
3.725703477859497 180
3.7351601123809814 180
3.744562864303589 180
3.753754138946533 180
3.764101266860962 180
3.773545026779175 180
3.782895088195801 180
3.791834831237793 180
3.8012313842773438 180
3.812192916870117 180
3.8213999271392822 180
3.830627202987671 180
3.839566230773926 180
3.8489980697631836 180
3.859222888946533 180
3.868675708770752 180
3.877912759780884 180
3.8874051570892334 180
3.8968844413757324 180
3.906015396118164 180
3.9171173572540283 180
3.926239013671875 180
3.939488649368286 180
3.949199914932251 180
3.9597485065460205 180
3.9693777561187744 180
3.978864908218384 180
3.9880552291870117 180
3.9993245601654053 180
4.009998083114624 180
4.019976615905762 180
4.029438734054565 180
4.038939952850342 180
4.048060655593872 180
4.057373762130737 180
4.067814350128174 180
4.077157735824585 180
4.086730241775513 180
4.095857381820679 180
4.105281352996826 180
4.115481853485107 180
4.125601291656494 180
4.135101318359375 180
4.144274711608887 180
4.1537251472473145 180
4.1639628410339355 180
4.1733808517456055 180
4.182835102081299 180
4.191819190979004 180
4.201232433319092 180
4.209773540496826 180
4.221429109573364 180
4.229951620101929 180
4.239427328109741 180
4.249094247817993 180
4.258205413818359 180
4.2686848640441895 180
4.277921438217163 180
4.287256479263306 180
4.296714782714844 180
4.317105531692505 180
4.3431291580200195 180
4.361650228500366 180
4.384983539581299 180
4.404906272888184 180
4.424847364425659 180
4.439191818237305 180
4.4485015869140625 180
4.457684755325317 180
4.467036962509155 180
4.485224962234497 180
4.501983642578125 180
4.51226806640625 180
4.521536111831665 180
4.531498670578003 180
4.541757822036743 180
4.551210165023804 180
4.559960842132568 180
4.56945538520813 180
4.579028367996216 180
4.589380502700806 180
4.5986621379852295 180
4.608020782470703 180
4.617627143859863 180
4.626969814300537 180
4.637741565704346 180
4.647993326187134 180
4.657329797744751 180
4.666773080825806 180
4.675996541976929 180
4.686201095581055 180
4.69566535949707 180
4.7051355838775635 180
4.715012073516846 180
4.724188804626465 180
4.73414421081543 180
4.748093366622925 180
4.757711887359619 180
4.767148017883301 180
4.776224851608276 180
4.785696268081665 180
4.796026945114136 180
4.805480241775513 180
4.814972400665283 180
4.824167013168335 180
4.834089279174805 180
4.844664573669434 180
4.854044675827026 180
4.863619327545166 180
4.872938871383667 180
4.881912708282471 180
4.8926496505737305 180
4.9015984535217285 180
4.911071538925171 180
4.9197633266448975 180
4.929232358932495 180
4.941753625869751 180
4.95120906829834 180
4.959762811660767 180
4.9692604541778564 180
4.9788477420806885 180
4.987996816635132 180
4.998661756515503 180
5.007905721664429 180
5.017276287078857 180
5.0267722606658936 180
5.036008596420288 180
5.0470733642578125 180
5.056179046630859 180
5.065650463104248 180
5.075117349624634 180
5.08450174331665 180
5.094831705093384 180
5.104037761688232 180
5.113502740859985 180
5.122976303100586 180
5.131953477859497 180
5.1462156772613525 180
5.155928373336792 180
5.165544033050537 180
5.1751954555511475 180
5.184658527374268 180
5.194919586181641 180
5.204126834869385 180
5.213686466217041 180
5.223015785217285 180
5.232228517532349 180
5.241476774215698 180
5.2528235912323 180
5.261815071105957 180
5.2712647914886475 180
5.279950141906738 180
5.2894532680511475 180
5.299589157104492 180
5.309051752090454 180
5.318182945251465 180
5.327613115310669 180
5.337134599685669 180
5.347938060760498 180
5.3572423458099365 180
5.366721153259277 180
5.375820159912109 180
5.385475158691406 180
5.395098686218262 180
5.405407667160034 180
5.414898157119751 180
5.424095153808594 180
5.433549880981445 180
5.443108558654785 180
5.455738306045532 180
5.465222120285034 180
5.474668264389038 180
5.4839112758636475 180
5.493253231048584 180
5.503559827804565 180
5.513041734695435 180
5.5222249031066895 180
5.531448602676392 180
5.539994955062866 180
5.559441804885864 180
5.573456525802612 180
5.585982322692871 180
5.598537445068359 180
5.6130530834198 180
5.62720513343811 180
5.636772871017456 180
5.647119522094727 180
5.658028841018677 180
5.667439222335815 180
5.676903963088989 180
5.686046361923218 180
5.695681810379028 180
5.705928087234497 180
5.715444087982178 180
5.724875450134277 180
5.7340826988220215 180
5.743549585342407 180
5.753844499588013 180
5.763798236846924 180
5.773399114608765 180
5.783849716186523 180
5.796824932098389 180
5.806988716125488 180
5.81621527671814 180
5.825684547424316 180
5.835181713104248 180
5.844584703445435 180
5.8548424243927 180
5.864760398864746 180
5.874083518981934 180
5.883567810058594 180
5.892904758453369 180
5.90189266204834 180
5.912733793258667 180
5.921664476394653 180
5.931093454360962 180
5.939805030822754 180
5.955344200134277 180
5.965802907943726 180
5.97541356086731 180
5.984853029251099 180
5.99418830871582 180
6.003688097000122 180
6.014007091522217 180
6.023395776748657 180
6.03288722038269 180
6.041837930679321 180
6.051256418228149 180
6.062736988067627 180
6.071755886077881 180
6.081165313720703 180
6.089753150939941 180
6.0992090702056885 180
6.1093590259552 180
6.119000434875488 180
6.128077030181885 180
6.137367486953735 180
6.146778583526611 180
6.155903339385986 180
6.167162179946899 180
6.176687717437744 180
6.185810089111328 180
6.1953208446502686 180
6.204817056655884 180
6.215075969696045 180
6.2242655754089355 180
6.233839511871338 180
6.243188858032227 180
6.252593755722046 180
6.262757301330566 180
6.272635221481323 180
6.281601905822754 180
6.290637969970703 180
6.299848556518555 180
6.318586349487305 180
6.327973365783691 180
6.337644815444946 180
6.351516008377075 180
6.361813545227051 180
6.37466835975647 180
6.3838725090026855 180
6.393191814422607 180
6.402623653411865 180
6.412890434265137 180
6.421913146972656 180
6.432990074157715 180
6.441959381103516 180
6.4513840675354 180
6.45996880531311 180
6.471466779708862 180
6.480657339096069 180
6.489578485488892 180
6.499021768569946 180
6.508134126663208 180
6.518557548522949 180
6.52775764465332 180
6.537222385406494 180
6.546648740768433 180
6.555934190750122 180
6.56615686416626 180
6.576095342636108 180
6.585619688034058 180
6.595251798629761 180
6.604713678359985 180
6.613940954208374 180
6.62419056892395 180
6.633667230606079 180
6.642974376678467 180
6.653445243835449 180
6.662942171096802 180
6.67334771156311 180
6.683439254760742 180
6.692801237106323 180
6.70175313949585 180
6.711167335510254 180
6.721600532531738 180
6.730675458908081 180
6.739597797393799 180
6.753395080566406 180
6.762882947921753 180
6.773413181304932 180
6.783203363418579 180
6.792593717575073 180
6.801521062850952 180
6.810060977935791 180
6.821309566497803 180
6.829829692840576 180
6.8394317626953125 180
6.848935604095459 180
6.858075857162476 180
6.867363691329956 180
6.877760887145996 180
6.887623310089111 180
6.8970947265625 180
6.906216621398926 180
6.9156458377838135 180
6.925874471664429 180
6.936832904815674 180
6.947183847427368 180
6.956812381744385 180
6.965921878814697 180
6.976104974746704 180
6.986067295074463 180
6.9956159591674805 180
7.0050811767578125 180
7.014665365219116 180
7.024879693984985 180
7.034073352813721 180
7.043502330780029 180
7.0528481006622314 180
7.06180214881897 180
7.071260690689087 180
7.081664323806763 180
7.091604232788086 180
7.100096225738525 180
7.1099090576171875 180
7.119383811950684 180
7.1296374797821045 180
7.139262676239014 180
7.153364181518555 180
7.162924289703369 180
7.171896696090698 180
7.182667016983032 180
7.192707061767578 180
7.201734781265259 180
7.211296796798706 180
7.219884872436523 180
7.2306809425354 180
7.239624977111816 180
7.24910044670105 180
7.258592128753662 180
7.267821311950684 180
7.278067588806152 180
7.287405967712402 180
7.297313213348389 180
7.306775808334351 180
7.316027641296387 180
7.326185703277588 180
7.335845708847046 180
7.345332145690918 180
7.354806661605835 180
7.369159460067749 180
7.379585266113281 180
7.389045715332031 180
7.398984670639038 180
7.408156633377075 180
7.41747784614563 180
7.426959753036499 180
7.4373626708984375 180
7.447940826416016 180
7.457332372665405 180
7.4669694900512695 180
7.47608757019043 180
7.486750841140747 180
7.496845245361328 180
7.505991697311401 180
7.51546049118042 180
7.5249669551849365 180
7.535159111022949 180
7.544572353363037 180
7.557431697845459 180
7.567080020904541 180
7.576622724533081 180
7.586992263793945 180
7.596179723739624 180
7.606100797653198 180
7.615718841552734 180
7.62621545791626 180
7.639645099639893 180
7.654913425445557 180
7.667224407196045 180
7.679689407348633 180
7.6949381828308105 180
7.707478046417236 180
7.7213897705078125 180
7.73552393913269 180
7.745091915130615 180
7.754523515701294 180
7.763731241226196 180
7.773112773895264 180
7.782237529754639 180
7.794177055358887 180
7.804094552993774 180
7.814971923828125 180
7.824115753173828 180
7.835634231567383 180
7.8451149463653564 180
7.854770660400391 180
7.864022493362427 180
7.873415231704712 180
7.882745981216431 180
7.89298677444458 180
7.901908874511719 180
7.911898374557495 180
7.921443700790405 180
7.92996883392334 180
7.941117286682129 180
7.955011367797852 180
7.965833902359009 180
7.975517511367798 180
7.985268592834473 180
7.995481491088867 180
8.004966497421265 180
8.014919519424438 180
8.024152755737305 180
8.033734560012817 180
8.044041156768799 180
8.05349850654602 180
8.062814950942993 180
8.071760416030884 180
8.081189632415771 180
8.091501235961914 180
8.101057291030884 180
8.109660863876343 180
8.119757413864136 180
8.129201412200928 180
8.138521909713745 180
8.148849248886108 180
8.158148527145386 180
8.167433261871338 180
8.176943302154541 180
8.186023235321045 180
8.196971416473389 180
8.206100940704346 180
8.21615219116211 180
8.22559905052185 180
8.235063076019287 180
8.245398998260498 180
8.25483775138855 180
8.264061450958252 180
8.273640871047974 180
8.282931566238403 180
8.293102025985718 180
8.302244901657104 180
8.311813354492188 180
8.321818113327026 180
8.33131194114685 180
8.3400137424469 180
8.351117134094238 180
8.364674091339111 180
8.374130249023438 180
8.38375973701477 180
8.394050121307373 180
8.403586387634277 180
8.412918329238892 180
8.422863006591797 180
8.431820154190063 180
8.441295146942139 180
8.451558589935303 180
8.461133480072021 180
8.471656084060669 180
8.481078386306763 180
8.489631414413452 180
8.500616073608398 180
8.509784698486328 180
8.519387006759644 180
8.52933144569397 180
8.538731098175049 180
8.54909873008728 180
8.558210134506226 180
8.567692995071411 180
8.577140092849731 180
8.586244821548462 180
8.5972580909729 180
8.606731653213501 180
8.6158766746521 180
8.626191139221191 180
8.63582968711853 180
8.646077394485474 180
8.656244993209839 180
8.665692806243896 180
8.675196170806885 180
8.684610366821289 180
8.693955421447754 180
8.704199314117432 180
8.713642358779907 180
8.72292947769165 180
8.732887983322144 180
8.741841554641724 180
8.756012916564941 180
8.765727758407593 180
8.775336980819702 180
8.784957647323608 180
8.794109582901001 180
8.804275274276733 180
8.813853025436401 180
8.823195219039917 180
8.833087682723999 180
8.842237949371338 180
8.85277009010315 180
8.861780643463135 180
8.87120270729065 180
8.879952907562256 180
8.88945746421814 180
8.899084329605103 180
8.909364938735962 180
8.918745040893555 180
8.927932977676392 180
8.93802285194397 180
8.947359561920166 180
8.95769476890564 180
8.967097997665405 180
8.978219509124756 180
8.987977504730225 180
8.997450113296509 180
9.007742643356323 180
9.017114877700806 180
9.026747941970825 180
9.036614656448364 180
9.045719861984253 180
9.05612301826477 180
9.065626859664917 180
9.075101375579834 180
9.084277391433716 180
9.0937180519104 180
9.10307502746582 180
9.113538265228271 180
9.122859239578247 180
9.131748676300049 180
9.141776084899902 180
9.15120792388916 180
9.165462732315063 180
9.175202131271362 180
9.184844970703125 180
9.194130897521973 180
9.20360541343689 180
9.213887453079224 180
9.22319507598877 180
9.232786655426025 180
9.242691993713379 180
9.251638889312744 180
9.26197361946106 180
9.271379947662354 180
9.279903650283813 180
9.289550542831421 180
9.299159049987793 180
9.31982970237732 180
9.342562437057495 180
9.360021114349365 180
9.379916906356812 180
9.399910926818848 180
9.419854640960693 180
9.429356575012207 180
9.438853740692139 180
9.44869589805603 180
9.457891702651978 180
9.47766900062561 180
9.495049715042114 180
9.50481629371643 180
9.51405954360962 180
9.524257183074951 180
9.533699750900269 180
9.54375147819519 180
9.553130865097046 180
9.565897226333618 180
9.576236248016357 180
9.585808992385864 180
9.59529161453247 180
9.604894876480103 180
9.614086627960205 180
9.62456464767456 180
9.633798122406006 180
9.643127202987671 180
9.65390658378601 180
9.66351056098938 180
9.673861026763916 180
9.683210372924805 180
9.692657709121704 180
9.70163106918335 180
9.714706420898438 180
9.728726387023926 180
9.742229700088501 180
9.755553960800171 180
9.768077850341797 180
9.78344464302063 180
9.795652151107788 180
9.8053297996521 180
9.814806699752808 180
9.824013948440552 180
9.834253311157227 180
9.843847513198853 180
9.853774070739746 180
9.863092422485352 180
9.872244834899902 180
9.8828284740448 180
9.891758918762207 180
9.9012131690979 180
9.909912586212158 180
9.919358730316162 180
9.929594278335571 180
9.939208984375 180
9.948570489883423 180
9.963114976882935 180
9.972746849060059 180
9.983046531677246 180
9.99224305152893 180
