0 0
0.005910158157348633 0
0.020000457763671875 0
0.0289459228515625 1
0.038115501403808594 3
0.0470426082611084 5
0.05603432655334473 8
0.06522059440612793 13
0.07521748542785645 17
0.0844264030456543 22
0.09294271469116211 26
0.10219860076904297 32
0.11126852035522461 39
0.12126493453979492 44
0.1304166316986084 50
0.13927650451660156 57
0.14869189262390137 63
0.15798687934875488 70
0.16714811325073242 77
0.17789006233215332 84
0.18696284294128418 90
0.1960611343383789 96
0.20482611656188965 107
0.2190263271331787 114
0.22852158546447754 122
0.23801660537719727 129
0.2471480369567871 136
0.2562673091888428 143
0.2650313377380371 151
0.27617883682250977 157
0.28488612174987793 165
0.2932286262512207 171
0.3024897575378418 179
0.31136441230773926 187
0.32137393951416016 193
0.33068156242370605 198
0.3399794101715088 203
0.34888434410095215 207
0.3581993579864502 209
0.36737060546875 212
0.37894201278686523 212
0.38845252990722656 212
0.3974769115447998 211
0.40683960914611816 210
0.41600632667541504 207
0.42595672607421875 205
0.4347355365753174 201
0.4431173801422119 197
0.452578067779541 192
0.4614713191986084 188
0.47054004669189453 182
0.48115086555480957 177
0.4903233051300049 173
0.4993114471435547 168
0.5086965560913086 166
0.5178790092468262 163
0.5278840065002441 161
0.5368454456329346 161
0.5458903312683105 161
0.554572582244873 162
0.5628588199615479 163
0.5723602771759033 166
0.5828337669372559 169
0.5919582843780518 172
0.6009159088134766 177
0.6133761405944824 181
0.6226911544799805 185
0.6329076290130615 187
0.6423196792602539 190
0.6512312889099121 192
0.6603879928588867 193
0.6692888736724854 194
0.6802000999450684 194
0.6892931461334229 193
0.6985619068145752 191
0.7084529399871826 189
0.7174675464630127 187
0.7274155616760254 185
0.7367134094238281 182
0.7460827827453613 180
0.7548322677612305 177
0.7632315158843994 175
0.7724812030792236 173
0.7848999500274658 172
0.7931993007659912 171
0.802452802658081 171
0.8114395141601562 171
0.8204944133758545 172
0.8311243057250977 173
0.8402016162872314 175
0.8490054607391357 176
0.8582470417022705 177
0.8673527240753174 179
0.8764111995697021 181
0.8880143165588379 183
0.8984296321868896 184
0.9073631763458252 185
0.9165160655975342 185
0.9252431392669678 185
0.9358847141265869 185
0.9446797370910645 185
0.9529776573181152 184
0.9622085094451904 183
0.9711270332336426 183
0.9811716079711914 181
0.99100661277771 181
1.00010085105896 179
1.0129237174987793 179
1.0223841667175293 178
1.0325336456298828 177
1.0415000915527344 177
1.0510568618774414 177
1.0601418018341064 177
1.068920373916626 177
1.0780551433563232 178
1.0879838466644287 178
1.0974822044372559 179
1.1067302227020264 179
1.1155145168304443 180
1.124394416809082 180
1.1375460624694824 181
1.1501007080078125 181
1.162224531173706 181
1.1752440929412842 181
1.188340187072754 181
1.2006423473358154 181
1.211069107055664 181
1.220130443572998 181
1.2290561199188232 181
1.2389817237854004 181
1.2481703758239746 181
1.257115364074707 181
1.2660868167877197 181
1.2747459411621094 181
1.2831940650939941 181
1.2946436405181885 181
1.3028614521026611 181
1.3118958473205566 181
1.3207244873046875 181
1.3299500942230225 181
1.339365005493164 181
1.3487660884857178 181
1.3578829765319824 181
1.3667936325073242 181
1.3782880306243896 181
1.3881902694702148 181
1.3975763320922852 181
1.4069020748138428 181
1.419416904449463 181
1.4300227165222168 181
1.4400274753570557 181
1.4488799571990967 181
1.4580371379852295 181
1.4670679569244385 181
1.4760973453521729 181
1.4847662448883057 181
1.4970717430114746 181
1.507328748703003 181
1.516338586807251 181
1.5249900817871094 181
1.5339508056640625 181
1.5444905757904053 181
1.5527517795562744 181
1.5628767013549805 181
1.571967363357544 181
1.580737829208374 181
1.590989589691162 181
1.600059986114502 181
1.6092610359191895 181
1.6194355487823486 181
1.6293957233428955 181
1.638580322265625 181
1.6486034393310547 181
1.657433032989502 181
1.6667909622192383 181
1.6758849620819092 181
1.684514045715332 181
1.694700002670288 181
1.7030134201049805 181
1.71441650390625 181
1.722686767578125 181
1.7314605712890625 181
1.740478277206421 181
1.7504117488861084 181
1.7592053413391113 181
1.768526554107666 181
1.7773888111114502 181
1.7864158153533936 181
1.7964448928833008 181
1.8060615062713623 181
1.818727970123291 181
1.82818603515625 181
1.8372230529785156 181
1.8471777439117432 181
1.856224536895752 181
1.8648810386657715 181
1.8730964660644531 181
1.882272720336914 181
1.891279697418213 181
1.9012227058410645 181
1.9122533798217773 181
1.921058177947998 181
1.9303069114685059 181
1.9391136169433594 181
1.9491147994995117 181
1.958296537399292 181
1.9686346054077148 181
1.9775559902191162 181
1.9866597652435303 181
1.9952411651611328 181
2.005044460296631 181
2.0147814750671387 181
2.0232012271881104 181
2.032400131225586 181
2.0411999225616455 181
2.0511133670806885 181
2.060330390930176 181
2.069287061691284 181
2.078464984893799 181
2.0873422622680664 181
2.096343755722046 181
2.106264114379883 181
2.1159167289733887 181
2.124636650085449 181
2.1348421573638916 181
2.1430904865264893 181
2.1529483795166016 181
2.16214656829834 181
2.170957088470459 181
2.179945230484009 181
2.1889052391052246 181
2.1980764865875244 181
2.2080423831939697 181
2.220996856689453 181
2.230196714401245 181
2.239156484603882 181
2.248525857925415 181
2.2584919929504395 181
2.2674076557159424 181
2.276420831680298 181
2.2850399017333984 181
2.293234348297119 181
2.303138494491577 181
2.312401294708252 181
2.32287859916687 181
2.331874132156372 181
2.340630292892456 181
2.349409818649292 181
2.359431743621826 181
2.372696876525879 181
2.382181167602539 181
2.3910200595855713 181
2.4000682830810547 181
2.4193780422210693 181
2.4403076171875 181
2.4575135707855225 181
2.4770913124084473 181
2.496755838394165 181
2.5152807235717773 181
2.524386405944824 181
2.5326712131500244 181
2.541486978530884 181
2.550630807876587 181
2.568927049636841 181
2.5850789546966553 181
2.594611167907715 181
2.6028387546539307 181
2.617429494857788 181
2.6271677017211914 181
2.6364662647247314 181
2.647362232208252 181
2.656376361846924 181
2.6650328636169434 181
2.6750214099884033 181
2.683253049850464 181
2.692385196685791 181
2.701258659362793 181
2.711428642272949 181
2.721372127532959 181
2.7312049865722656 181
2.7402265071868896 181
2.749021530151367 181
2.758258104324341 181
2.7671613693237305 181
2.7771143913269043 181
2.786296844482422 181
2.794962167739868 181
2.8032073974609375 181
2.812382221221924 181
2.822383403778076 181
2.831961154937744 181
2.8409693241119385 181
2.8501760959625244 181
2.8589470386505127 181
2.8681275844573975 181
2.878156900405884 181
2.887065887451172 181
2.8961241245269775 181
2.9048187732696533 181
2.913191080093384 181
2.9230563640594482 181
2.9327025413513184 181
2.9415173530578613 181
2.950493335723877 181
2.9592466354370117 181
2.968600273132324 181
2.9785022735595703 181
2.987414598464966 181
2.996487617492676 181
3.005100727081299 181
3.0180747509002686 181
3.0282540321350098 181
3.0372676849365234 181
3.0467050075531006 181
3.0552282333374023 181
3.0639424324035645 181
3.0733397006988525 181
3.082545280456543 181
3.0914742946624756 181
3.1006171703338623 181
3.1094019412994385 181
3.1186630725860596 181
3.1285390853881836 181
3.1381654739379883 181
3.1480045318603516 181
3.157287120819092 181
3.1663153171539307 181
3.176190137863159 181
3.184845209121704 181
3.193108081817627 181
3.2022721767425537 181
3.2143707275390625 181
3.2280173301696777 181
3.2404086589813232 181
3.252548933029175 181
3.266089677810669 181
3.279160737991333 181
3.2903482913970947 181
3.2991738319396973 181
3.308350086212158 181
3.3172316551208496 181
3.326373815536499 181
3.336383581161499 181
3.3459527492523193 181
3.3546016216278076 181
3.363020896911621 181
3.3792712688446045 181
3.3887381553649902 181
3.3980133533477783 181
3.4069039821624756 181
3.4185972213745117 181
3.4307539463043213 181
3.4409689903259277 181
3.451179027557373 181
3.460216760635376 181
3.469097137451172 181
3.478259801864624 181
3.4893009662628174 181
3.4985172748565674 181
3.5075201988220215 181
3.5165486335754395 181
3.525205612182617 181
3.5405871868133545 181
3.550316333770752 181
3.559157609939575 181
3.5684635639190674 181
3.577524185180664 181
3.5874478816986084 181
3.5964934825897217 181
3.6051628589630127 181
3.613952159881592 181
3.622763156890869 181
3.6319119930267334 181
3.641828775405884 181
3.651228666305542 181
3.6602604389190674 181
3.6691105365753174 181
3.678269386291504 181
3.688328981399536 181
3.697270393371582 181
3.706325054168701 181
3.7162115573883057 181
3.7248401641845703 181
3.733098030090332 181
3.742962598800659 181
3.7527215480804443 181
3.7615537643432617 181
3.7705440521240234 181
3.7793805599212646 181
3.78932523727417 181
3.7984507083892822 181
3.807447910308838 181
3.8200314044952393 181
3.829002618789673 181
3.838914632797241 181
3.848235607147217 181
3.8578946590423584 181
3.8669259548187256 181
3.8761937618255615 181
3.8848752975463867 181
3.8948378562927246 181
3.9030988216400146 181
3.9122612476348877 181
3.9210755825042725 181
3.930277109146118 181
3.940232276916504 181
3.949050188064575 181
3.9586849212646484 181
3.9678585529327393 181
3.976750612258911 181
3.9852843284606934 181
3.995274782180786 181
4.007083177566528 181
4.016144514083862 181
4.024778604507446 181
4.0330281257629395 181
4.042962551116943 181
4.052286148071289 181
4.061822175979614 181
4.07056450843811 181
4.079360723495483 181
4.088546991348267 181
4.0985589027404785 181
4.10755729675293 181
4.116539001464844 181
4.1252100467681885 181
4.133939743041992 181
4.1444251537323 181
4.152723550796509 181
4.162330389022827 181
4.171293497085571 181
4.180339097976685 181
4.1891491413116455 181
4.1991589069366455 181
4.208313465118408 181
4.217235088348389 181
4.2303783893585205 181
4.239300727844238 181
4.249324083328247 181
4.25851845741272 181
4.268280029296875 181
4.27717924118042 181
4.286341667175293 181
4.296225547790527 181
4.304847717285156 181
4.313109636306763 181
4.322292804718018 181
4.331287860870361 181
4.340334177017212 181
4.35042667388916 181
4.359189033508301 181
4.368794202804565 181
4.377946138381958 181
4.386835813522339 181
4.39689040184021 181
4.406038045883179 181
4.414732933044434 181
4.4229748249053955 181
4.432025909423828 181
4.440959692001343 181
4.450720310211182 181
4.459953546524048 181
4.468937158584595 181
4.478578805923462 181
4.487452268600464 181
4.49727725982666 181
4.506647348403931 181
4.516463041305542 181
4.525111436843872 181
4.534436464309692 181
4.542712211608887 181
4.552676439285278 181
4.561489105224609 181
4.571062088012695 181
4.580161094665527 181
4.5890960693359375 181
4.599048614501953 181
4.608289480209351 181
4.617164134979248 181
4.630067825317383 181
4.63901162147522 181
4.649037837982178 181
4.658422946929932 181
4.667339563369751 181
4.676949501037598 181
4.685966968536377 181
4.694617986679077 181
4.704624176025391 181
4.714707612991333 181
4.722998380661011 181
4.732229948043823 181
4.741038084030151 181
4.751025676727295 181
4.760072708129883 181
4.7690324783325195 181
4.778744220733643 181
4.788083791732788 181
4.796960115432739 181
4.806809663772583 181
4.8158860206604 181
4.824602842330933 181
4.832987308502197 181
4.842024803161621 181
4.851994276046753 181
4.860913515090942 181
4.8699119091033936 181
4.8787641525268555 181
4.888041019439697 181
4.896942853927612 181
4.90687894821167 181
4.915999412536621 181
4.92472243309021 181
4.9329514503479 181
4.942001104354858 181
4.951056718826294 181
4.960961103439331 181
4.969970226287842 181
4.978774785995483 181
4.988403558731079 181
4.997329950332642 181
5.007390737533569 181
5.01681661605835 181
5.031091928482056 181
5.040297508239746 181
5.0493152141571045 181
5.059209108352661 181
5.068468332290649 181
5.077367305755615 181
5.087015628814697 181
5.096074342727661 181
5.105999231338501 181
5.114713668823242 181
5.1229588985443115 181
5.13224983215332 181
5.141161203384399 181
5.1502320766448975 181
5.160116195678711 181
5.168935298919678 181
5.178226947784424 181
5.187885046005249 181
5.1967933177948 181
5.2058844566345215 181
5.215829133987427 181
5.224470376968384 181
5.2327258586883545 181
5.241529703140259 181
5.250673770904541 181
5.260643005371094 181
5.269450902938843 181
5.278587341308594 181
5.288732290267944 181
5.30069899559021 181
5.31484580039978 181
5.327356815338135 181
5.338864803314209 181
5.351215600967407 181
5.364821910858154 181
5.375290870666504 181
5.38436484336853 181
5.392667293548584 181
5.401523590087891 181
5.41144585609436 181
5.424757480621338 181
5.4332358837127686 181
5.4426634311676025 181
5.451857805252075 181
5.461407423019409 181
5.470466375350952 181
5.479254484176636 181
5.488548278808594 181
5.498155832290649 181
5.5070812702178955 181
5.517001152038574 181
5.527896404266357 181
5.5424323081970215 181
5.551389932632446 181
5.560416221618652 181
5.570425987243652 181
5.579188823699951 181
5.588369846343994 181
5.599006414413452 181
5.60831093788147 181
5.618262529373169 181
5.627153635025024 181
5.63617205619812 181
5.644825220108032 181
5.6530539989471436 181
5.662208318710327 181
5.6723103523254395 181
5.681156635284424 181
5.690216541290283 181
5.700662612915039 181
5.715831518173218 181
5.727457761764526 181
5.738669157028198 181
5.747553825378418 181
5.75670313835144 181
5.7667834758758545 181
5.777496814727783 181
5.7867491245269775 181
5.7954981327056885 181
5.8049445152282715 181
5.813179016113281 181
5.8285346031188965 181
5.838188886642456 181
5.84735107421875 181
5.856416463851929 181
5.8650524616241455 181
5.875009059906006 181
5.883258819580078 181
5.892481088638306 181
5.905962944030762 181
5.914663553237915 181
5.924589157104492 181
5.932827472686768 181
5.941877603530884 181
5.950656414031982 181
5.961555480957031 181
5.97239875793457 181
5.981484889984131 181
5.99048113822937 181
5.9993064403533936 181
6.008854627609253 181
6.018695116043091 181
6.02905011177063 181
6.038242816925049 181
6.047138690948486 181
6.05617880821228 181
6.064813613891602 181
6.074743986129761 181
6.082992792129517 181
6.092462062835693 181
6.10131573677063 181
6.110969305038452 181
6.119970083236694 181
6.129485130310059 181
6.138691425323486 181
6.147986650466919 181
6.156898021697998 181
6.165894985198975 181
6.1758482456207275 181
6.184483528137207 181
6.192739486694336 181
6.201818943023682 181
6.211380958557129 181
6.220515251159668 181
6.234666347503662 181
6.243010759353638 181
6.252285003662109 181
6.261280059814453 181
6.270427227020264 181
6.280362367630005 181
6.289185047149658 181
6.298352479934692 181
6.307230234146118 181
6.3168840408325195 181
6.3268585205078125 181
6.335842609405518 181
6.344499826431274 181
6.352879285812378 181
6.361958742141724 181
6.370714426040649 181
6.380669593811035 181
6.38995361328125 181
6.398813247680664 181
6.409451961517334 181
6.421891689300537 181
6.431885004043579 181
6.440645217895508 181
6.449905157089233 181
6.458740949630737 181
6.468597888946533 181
6.48056173324585 181
6.489363193511963 181
6.498520851135254 181
6.507845401763916 181
6.51719856262207 181
6.526431083679199 181
6.537285566329956 181
6.546321630477905 181
6.554944038391113 181
6.5632243156433105 181
6.572554111480713 181
6.582574367523193 181
6.591409206390381 181
6.600406885147095 181
6.6093223094940186 181
6.618976831436157 181
6.632839918136597 181
6.642022132873535 181
6.651104688644409 181
6.660301446914673 181
6.669046640396118 181
6.67826771736145 181
6.6883864402771 181
6.697290420532227 181
6.706343412399292 181
6.71628737449646 181
6.725937604904175 181
6.736127853393555 181
6.746968984603882 181
6.758926153182983 181
6.770285129547119 181
6.780609369277954 181
6.791373014450073 181
6.803095579147339 181
6.812810659408569 181
6.821831941604614 181
6.831835985183716 181
6.848154544830322 181
6.859555721282959 181
6.872980833053589 181
6.886857271194458 181
6.895580768585205 181
6.905247688293457 181
6.917221784591675 181
6.927916765213013 181
6.939024448394775 181
6.94822096824646 181
6.958224296569824 181
6.967163801193237 181
6.9787046909332275 181
6.989435195922852 181
6.998740196228027 181
7.007869005203247 181
7.016795873641968 181
7.0290210247039795 181
7.040570497512817 181
7.050718069076538 181
7.060023307800293 181
7.068869590759277 181
7.0780839920043945 181
7.086983680725098 181
7.096906423568726 181
7.113060712814331 181
7.122306823730469 181
7.132025718688965 181
7.142324686050415 181
7.151167154312134 181
7.160207748413086 181
7.169149160385132 181
7.17855429649353 181
7.187454700469971 181
7.197447061538696 181
7.20649266242981 181
7.21601676940918 181
7.224684715270996 181
7.234392166137695 181
7.244376182556152 181
7.253390789031982 181
7.2630205154418945 181
7.2722084522247314 181
7.2810282707214355 181
7.291029453277588 181
7.300161838531494 181
7.308919429779053 181
7.318077564239502 181
7.326995611190796 181
7.336485862731934 181
7.3466620445251465 181
7.355238676071167 181
7.363978862762451 181
7.381397724151611 181
7.401397466659546 181
7.444667816162109 181
7.471567153930664 181
7.498429775238037 181
7.518817901611328 181
7.542378187179565 181
7.562732696533203 181
7.572685956954956 181
7.582953929901123 181
7.592315912246704 181
7.61387825012207 181
7.6292338371276855 181
7.638805866241455 181
7.648553848266602 181
7.659563302993774 181
7.66955304145813 181
7.679464101791382 181
7.688599348068237 181
7.697490453720093 181
7.7067179679870605 181
7.717321157455444 181
7.726863384246826 181
7.736794710159302 181
7.746401309967041 181
7.755086898803711 181
7.764963865280151 181
7.773372411727905 181
7.782715797424316 181
7.791466236114502 181
7.800460338592529 181
7.809305906295776 181
7.819211721420288 181
7.828541994094849 181
7.841088056564331 181
7.85027289390564 181
7.8591930866241455 181
7.869194030761719 181
7.8783323764801025 181
7.887365102767944 181
7.896413326263428 181
7.905082941055298 181
7.913942813873291 181
7.923360347747803 181
7.932576417922974 181
7.94140625 181
7.951162815093994 181
7.960252285003662 181
7.970222473144531 181
7.979088306427002 181
7.988316059112549 181
7.997206926345825 181
8.00638461112976 181
8.015062808990479 181
8.024982213973999 181
8.033212184906006 181
8.04251766204834 181
8.052183866500854 181
8.067116737365723 181
8.077113151550293 181
8.086130380630493 181
8.094867706298828 181
8.106376647949219 181
8.11823320388794 181
8.12837028503418 181
8.13729739189148 181
8.146379947662354 181
8.15604043006897 181
8.164744853973389 181
8.174904346466064 181
8.183142900466919 181
8.192454099655151 181
8.201319217681885 181
8.210423469543457 181
8.219212293624878 181
8.229113340377808 181
8.24206256866455 181
8.251809120178223 181
8.261387586593628 181
8.27224087715149 181
8.281158685684204 181
8.290233850479126 181
8.299173831939697 181
8.308428049087524 181
8.317349672317505 181
8.328301191329956 181
8.337213516235352 181
8.346289873123169 181
8.35499358177185 181
8.364612817764282 181
8.377304792404175 181
8.387062549591064 181
8.396161794662476 181
8.40484356880188 181
8.413146734237671 181
8.42234468460083 181
8.433368682861328 181
8.442572355270386 181
8.451401233673096 181
8.460463523864746 181
8.4701406955719 181
8.480014324188232 181
8.490875482559204 181
8.500406265258789 181
8.509218215942383 181
8.518446207046509 181
8.52838134765625 181
8.537453889846802 181
8.546754837036133 181
8.556053876876831 181
8.566005945205688 181
8.574748039245605 181
8.584630727767944 181
8.592895030975342 181
8.602031230926514 181
8.611077308654785 181
8.620161294937134 181
8.630115747451782 181
8.643399238586426 181
8.652678966522217 181
8.661932229995728 181
8.671092510223389 181
8.681029796600342 181
8.690320253372192 181
8.699164152145386 181
8.709030628204346 181
8.718314409255981 181
8.7273690700531 181
8.737204551696777 181
8.746254682540894 181
8.754919290542603 181
8.763216018676758 181
8.772926092147827 181
8.783044815063477 181
8.792360544204712 181
8.801201343536377 181
8.810291051864624 181
8.819228887557983 181
8.828442811965942 181
8.838535785675049 181
8.848965644836426 181
8.858161926269531 181
8.86752724647522 181
8.87717890739441 181
8.887079238891602 181
8.896219253540039 181
8.90494966506958 181
8.91335654258728 181
8.922511100769043 181
8.932532548904419 181
8.941385269165039 181
8.950588703155518 181
8.959412574768066 181
8.968742609024048 181
8.977863311767578 181
8.987547636032104 181
8.997286319732666 181
9.006834506988525 181
9.01589584350586 181
9.024630069732666 181
9.038341522216797 181
9.047414064407349 181
9.05675220489502 181
9.066019058227539 181
9.074723482131958 181
9.085209608078003 181
9.094433546066284 181
9.102712154388428 181
9.113074541091919 181
9.122305631637573 181
9.131158351898193 181
9.140974760055542 181
9.150100231170654 181
9.158944606781006 181
9.16815185546875 181
9.17737603187561 181
9.188727855682373 181
9.197888374328613 181
9.206969261169434 181
9.216033935546875 181
9.224721431732178 181
9.232956409454346 181
9.244879961013794 181
9.25314211845398 181
9.26232099533081 181
9.27132773399353 181
9.281017541885376 181
9.290996074676514 181
9.300038814544678 181
9.308892011642456 181
9.318065404891968 181
9.327109575271606 181
9.336321592330933 181
9.346291303634644 181
9.354965448379517 181
9.363227128982544 181
9.372459173202515 181
9.381322622299194 181
9.392245292663574 181
9.401158094406128 181
9.410205602645874 181
9.419023513793945 181
9.428255319595337 181
9.44188380241394 181
9.453292608261108 181
9.46713399887085 181
9.479112386703491 181
9.493050575256348 181
9.50692081451416 181
9.519262552261353 181
9.531567811965942 181
9.546059131622314 181
9.55511212348938 181
9.563907146453857 181
9.572711944580078 181
9.582154035568237 181
9.592602968215942 181
9.60184097290039 181
9.6106116771698 181
9.619415283203125 181
9.628761768341064 181
9.637909650802612 181
9.64786958694458 181
9.656846761703491 181
9.665897369384766 181
9.674528360366821 181
9.682851552963257 181
9.69263482093811 181
9.70259165763855 181
9.7125723361969 181
9.721444368362427 181
9.730623483657837 181
9.739448070526123 181
9.749945640563965 181
9.758777618408203 181
9.767878293991089 181
9.776832818984985 181
9.785847902297974 181
9.796286582946777 181
9.805019855499268 181
9.813908100128174 181
9.8225839138031 181
9.83145260810852 181
9.84481954574585 181
9.854799509048462 181
9.863325834274292 181
9.872734308242798 181
9.88154911994934 181
9.89063572883606 181
9.901171684265137 181
9.910232067108154 181
9.91910195350647 181
9.928426504135132 181
9.937339305877686 181
9.946408033370972 181
9.956371068954468 181
9.96504831314087 181
9.973304271697998 181
9.982485055923462 181
9.991453886032104 181
