0 0
0.007122993469238281 0
0.02031087875366211 1
0.030080556869506836 2
0.03954792022705078 4
0.04886603355407715 7
0.05822324752807617 10
0.06748437881469727 14
0.07720518112182617 19
0.08645105361938477 23
0.09552502632141113 27
0.10421442985534668 33
0.11249852180480957 38
0.12186312675476074 44
0.13183879852294922 52
0.1461470127105713 59
0.1559133529663086 64
0.16464519500732422 71
0.17303180694580078 78
0.18353867530822754 85
0.19225859642028809 91
0.20151877403259277 98
0.2103579044342041 103
0.21955156326293945 110
0.22914671897888184 118
0.23851394653320312 124
0.24778103828430176 131
0.25751161575317383 138
0.26647448539733887 144
0.27614378929138184 152
0.2856144905090332 159
0.29581212997436523 165
0.3045156002044678 172
0.31282496452331543 178
0.322035551071167 186
0.3321995735168457 193
0.34163475036621094 200
0.35059523582458496 208
0.3604140281677246 214
0.3696603775024414 221
0.37957167625427246 228
0.3885021209716797 234
0.39764928817749023 242
0.4065821170806885 248
0.41579341888427734 253
0.4244680404663086 259
0.4344315528869629 264
0.4427168369293213 267
0.45194101333618164 271
0.46181488037109375 273
0.4717898368835449 274
0.4819619655609131 275
0.4908447265625 274
0.4999690055847168 273
0.508800745010376 271
0.5179953575134277 268
0.5269162654876709 262
0.5415151119232178 258
0.5505473613739014 254
0.5602972507476807 248
0.5696854591369629 243
0.5785467624664307 237
0.5886616706848145 232
0.5980865955352783 226
0.6070785522460938 221
0.6161320209503174 214
0.62485671043396 208
0.634885311126709 202
0.6440010070800781 196
0.6523327827453613 192
0.6620891094207764 186
0.6709904670715332 182
0.6800813674926758 178
0.6900980472564697 174
0.6989352703094482 172
0.7082126140594482 170
0.7174978256225586 170
0.7264211177825928 170
0.7363135814666748 171
0.744905948638916 172
0.7540488243103027 175
0.7623291015625 178
0.7721278667449951 181
0.7810890674591064 186
0.7911195755004883 191
0.8021237850189209 196
0.8115866184234619 201
0.8203732967376709 206
0.8308925628662109 211
0.8410241603851318 216
0.850257396697998 219
0.8590660095214844 223
0.8687593936920166 225
0.8779904842376709 227
0.8879454135894775 229
0.8969957828521729 229
0.9060707092285156 229
0.9146993160247803 228
0.9229466915130615 227
0.9321703910827637 222
0.9467020034790039 220
0.9559779167175293 216
0.9647386074066162 212
0.9746179580688477 208
0.9835596084594727 202
0.9936075210571289 197
1.0022938251495361 193
1.011186122894287 188
1.0203638076782227 184
1.0292069911956787 180
1.0391407012939453 176
1.0484931468963623 173
1.0577964782714844 170
1.066709280014038 168
1.0764284133911133 167
1.0856130123138428 166
1.095580816268921 166
1.1042258739471436 167
1.112635612487793 169
1.1217951774597168 171
1.130598545074463 174
1.140690565109253 177
1.1498548984527588 181
1.158728837966919 184
1.1679491996765137 189
1.1783533096313477 193
1.1879260540008545 198
1.1980741024017334 202
1.2070295810699463 205
1.216095209121704 208
1.2247178554534912 210
1.2330245971679688 212
1.2435798645019531 214
1.2522976398468018 215
1.2615399360656738 215
1.2703495025634766 214
1.280062198638916 213
1.288874864578247 210
1.3003427982330322 207
1.3125407695770264 204
1.3219010829925537 200
1.3307909965515137 194
1.3456003665924072 190
1.3560621738433838 186
1.3648107051849365 182
1.374227523803711 178
1.3840582370758057 174
1.392313003540039 171
1.402266502380371 168
1.4111576080322266 167
1.420179843902588 165
1.4290082454681396 164
1.4383645057678223 163
1.4481680393218994 164
1.457094669342041 165
1.4662938117980957 166
1.4761006832122803 168
1.4856531620025635 171
1.4943599700927734 174
1.5044376850128174 178
1.5126535892486572 181
1.5218839645385742 185
1.5307581424713135 188
1.539781093597412 192
1.5497426986694336 196
1.5587317943572998 199
1.5679144859313965 202
1.5768589973449707 205
1.58656907081604 206
1.5956177711486816 208
1.6055443286895752 209
1.6142489910125732 209
1.6226506233215332 208
1.6319777965545654 207
1.6409051418304443 205
1.6509499549865723 203
1.660034418106079 200
1.6688590049743652 196
1.678229570388794 194
1.6878139972686768 190
1.6967918872833252 186
1.7067737579345703 183
1.7158069610595703 180
1.724471092224121 175
1.7422752380371094 168
1.7575747966766357 166
1.7696826457977295 163
1.7817716598510742 162
1.7956209182739258 162
1.8088159561157227 162
1.8215577602386475 164
1.8319809436798096 166
1.840822458267212 168
1.849907398223877 170
1.8600220680236816 174
1.868774175643921 176
1.8779709339141846 180
1.887009620666504 183
1.8960223197937012 186
1.9059960842132568 190
1.9146480560302734 192
1.9235713481903076 195
1.9322926998138428 197
1.9411423206329346 199
1.9502222537994385 200
1.9616646766662598 202
1.9706265926361084 202
1.979898452758789 202
1.988720417022705 202
1.997929573059082 200
2.007856845855713 199
2.016930103302002 197
2.026012659072876 194
2.0347824096679688 192
2.0440592765808105 189
2.0523436069488525 186
2.0621917247772217 183
2.071026086807251 180
2.080589532852173 177
2.089653968811035 174
2.0990662574768066 171
2.1089887619018555 169
2.1181788444519043 167
2.1270360946655273 166
2.136049747467041 164
2.1487276554107666 164
2.1587674617767334 164
2.168034553527832 164
2.1769776344299316 165
2.1859843730926514 166
2.194601535797119 168
2.2042646408081055 170
2.2141621112823486 173
2.222648859024048 175
2.2318778038024902 178
2.2407801151275635 180
2.249812126159668 183
2.2597339153289795 186
2.2685341835021973 188
2.277864456176758 190
2.286787986755371 192
2.295839309692383 193
2.3051657676696777 194
2.315126657485962 195
2.3240768909454346 195
2.3323445320129395 195
2.3425376415252686 195
2.351618766784668 194
2.3616490364074707 193
2.370561122894287 191
2.379661798477173 190
2.388500928878784 188
2.3978171348571777 186
2.4076266288757324 183
2.417623996734619 181
2.4265456199645996 179
2.4355645179748535 177
2.44437575340271 175
2.452639102935791 173
2.4627041816711426 172
2.4726099967956543 170
2.481673240661621 170
2.4905850887298584 169
2.4995875358581543 169
2.508821725845337 169
2.5188181400299072 169
2.528003692626953 170
2.5370051860809326 172
2.5492043495178223 173
2.5585312843322754 175
2.5686209201812744 176
2.5779037475585938 178
2.586803436279297 180
2.595836639404297 182
2.604461431503296 184
2.614912509918213 185
2.6239798069000244 187
2.6322853565216064 188
2.6414899826049805 189
2.650367021560669 190
2.6591930389404297 190
2.6696581840515137 190
2.678528308868408 190
2.687709093093872 190
2.6967530250549316 189
2.7058022022247314 188
2.716120481491089 188
2.7247695922851562 186
2.733024835586548 185
2.7425966262817383 184
2.7516772747039795 182
2.7607665061950684 180
2.770772695541382 179
2.779799699783325 178
2.7886295318603516 177
2.7980198860168457 176
2.8069188594818115 175
2.816908121109009 174
2.8259761333465576 174
2.834613084793091 173
2.8428151607513428 173
2.8548481464385986 174
2.8635997772216797 174
2.8730194568634033 174
2.882296562194824 175
2.891075611114502 176
2.90004301071167 177
2.9088473320007324 178
2.9195663928985596 178
2.9285144805908203 180
2.937864065170288 181
2.9506406784057617 182
2.959871530532837 183
2.969961166381836 184
2.978911876678467 184
2.988121747970581 185
2.997554302215576 185
3.0064585208892822 185
3.0152018070220947 186
3.0259556770324707 186
3.0345969200134277 185
3.042853832244873 185
3.052088737487793 185
3.0610461235046387 184
3.0709903240203857 184
3.080029010772705 184
3.0888471603393555 183
3.0980727672576904 182
3.107023239135742 182
3.116346836090088 181
3.126690149307251 180
3.138139247894287 179
3.147015333175659 178
3.1561222076416016 178
3.1648333072662354 178
3.1748039722442627 177
3.1840038299560547 177
3.1924352645874023 177
3.2026052474975586 177
3.2116379737854004 177
3.2203493118286133 177
3.2302000522613525 177
3.239070177078247 177
3.248220205307007 177
3.2579739093780518 177
3.268219232559204 177
3.278136968612671 178
3.286994457244873 178
3.2961392402648926 178
3.304745674133301 178
3.313002824783325 179
3.322249412536621 179
3.332503318786621 180
3.341573476791382 180
3.3547284603118896 180
3.3640918731689453 180
3.3724842071533203 180
3.3824539184570312 181
3.3911943435668945 181
3.4002809524536133 181
3.4090781211853027 181
3.418342113494873 181
3.434671640396118 180
3.442986488342285 180
3.452320098876953 180
3.4611220359802246 180
3.4709994792938232 180
3.4809255599975586 180
3.4899725914001465 180
3.4987664222717285 180
3.5078845024108887 180
3.5168297290802 180
3.5258102416992188 180
3.5365617275238037 180
3.54555606842041 180
3.5541696548461914 180
3.562387228012085 180
3.571152448654175 180
3.5811803340911865 180
3.590207815170288 180
3.5991084575653076 180
3.6083061695098877 180
3.6171796321868896 180
3.6262943744659424 180
3.636624574661255 180
3.6456050872802734 180
3.6542351245880127 180
3.662621259689331 180
3.671678304672241 180
3.681624412536621 180
3.690397262573242 180
3.6991920471191406 180
3.7085330486297607 180
3.7178218364715576 180
3.7267558574676514 180
3.737048625946045 180
3.749824047088623 180
3.7586779594421387 180
3.7689552307128906 180
3.7784526348114014 180
3.788306474685669 180
3.797193765640259 180
3.806885242462158 180
3.818392038345337 180
3.8318562507629395 180
3.8458714485168457 180
3.857898235321045 180
3.8697776794433594 180
3.8824803829193115 180
3.892592668533325 180
3.901869058609009 180
3.910649299621582 180
3.9197120666503906 180
3.9284965991973877 180
3.938380241394043 180
3.948331117630005 180
3.95755672454834 180
3.9665796756744385 180
3.975613594055176 180
3.9851789474487305 180
3.9940452575683594 180
4.0022947788238525 180
4.011105060577393 180
4.020235300064087 180
4.028963804244995 180
4.038713455200195 180
4.048280477523804 180
4.057173490524292 180
4.066314220428467 180
4.074864625930786 180
4.08406400680542 180
4.093590021133423 180
4.1024205684661865 180
4.111192941665649 180
4.120176792144775 180
4.132972717285156 180
4.1570587158203125 180
4.178744077682495 180
4.198305130004883 180
4.2178449630737305 180
4.235178232192993 180
4.251819372177124 180
4.260713815689087 180
4.26977801322937 180
4.279974460601807 180
4.2984232902526855 180
4.315752744674683 180
4.3247599601745605 180
4.332965612411499 180
4.342097043991089 180
4.352452278137207 180
4.361680507659912 180
4.370396614074707 180
4.379664421081543 180
4.3884522914886475 180
4.397502660751343 180
4.40747857093811 180
4.416304588317871 180
4.4248268604278564 180
4.433572769165039 180
4.442367315292358 180
4.452585697174072 180
4.461674928665161 180
4.471555948257446 180
4.480358600616455 180
4.489644289016724 180
4.498588562011719 180
4.508479118347168 180
4.5176544189453125 180
4.5266077518463135 180
4.535578489303589 180
4.5442118644714355 180
4.558641672134399 180
4.567932605743408 180
4.576924085617065 180
4.585958003997803 180
4.594560861587524 180
4.602752208709717 180
4.612676382064819 180
4.62197732925415 180
4.630781650543213 180
4.639777421951294 180
4.648548126220703 180
4.658830165863037 180
4.667964220046997 180
4.676987886428833 180
4.6859450340271 180
4.694579601287842 180
4.70283317565918 180
4.712790489196777 180
4.721961259841919 180
4.7307610511779785 180
4.73996376991272 180
4.748855352401733 180
4.759554624557495 180
4.768364191055298 180
4.777203559875488 180
4.786543607711792 180
4.796623706817627 180
4.805562257766724 180
4.815484046936035 180
4.824093580245972 180
4.832336664199829 180
4.8411009311676025 180
4.850111961364746 180
4.860076189041138 180
4.868901014328003 180
4.878220081329346 180
4.887068033218384 180
4.896052837371826 180
4.90466833114624 180
4.914628982543945 180
4.9229326248168945 180
4.932260751724243 180
4.941042423248291 180
4.954517602920532 180
4.964488506317139 180
4.972835302352905 180
4.9822163581848145 180
4.990989685058594 180
4.9999754428863525 180
5.008887052536011 180
5.018684387207031 180
5.027879953384399 180
5.036872386932373 180
5.045891761779785 180
5.0545008182525635 180
5.064438819885254 180
5.074023962020874 180
5.0822670459747314 180
5.091057777404785 180
5.100184917449951 180
5.1089184284210205 180
5.118859052658081 180
5.134031057357788 180
5.142858982086182 180
5.152125597000122 180
5.16118049621582 180
5.171833753585815 180
5.180615663528442 180
5.191204071044922 180
5.200667858123779 180
5.209702253341675 180
5.219716548919678 180
5.228506326675415 180
5.237650394439697 180
5.24717903137207 180
5.256780385971069 180
5.266669273376465 180
5.276431083679199 180
5.285113573074341 180
5.293596029281616 180
5.302239656448364 180
5.311047077178955 180
5.320906162261963 180
5.329977035522461 180
5.3388893604278564 180
5.351937532424927 180
5.360927581787109 180
5.371025800704956 180
5.380766153335571 180
5.389744997024536 180
5.398690700531006 180
5.407835483551025 180
5.416738271713257 180
5.426711320877075 180
5.436993598937988 180
5.445945978164673 180
5.454566955566406 180
5.462938070297241 180
5.474502801895142 180
5.48408317565918 180
5.492329835891724 180
5.501079797744751 180
5.510051965713501 180
5.520097732543945 180
5.529045581817627 180
5.538160085678101 180
5.547025203704834 180
5.556040287017822 180
5.5646586418151855 180
5.574523210525513 180
5.584303855895996 180
5.592480421066284 180
5.601463794708252 180
5.61033034324646 180
5.619069576263428 180
5.628947019577026 180
5.638208866119385 180
5.652246713638306 180
5.662000417709351 180
5.6708290576934814 180
5.6814775466918945 180
5.690235376358032 180
5.69918155670166 180
5.708323955535889 180
5.717468500137329 180
5.727129220962524 180
5.736102104187012 180
5.744694948196411 180
5.758490324020386 180
5.768916130065918 180
5.778948545455933 180
5.788656234741211 180
5.797839641571045 180
5.806737422943115 180
5.81585955619812 180
5.825698614120483 180
5.834372282028198 180
5.842590093612671 180
5.851614952087402 180
5.86034083366394 180
5.869107723236084 180
5.879096269607544 180
5.890385150909424 180
5.902427673339844 180
5.915556907653809 180
5.9285523891448975 180
5.940902471542358 180
5.952853441238403 180
5.966159820556641 180
5.974860906600952 180
5.9847424030303955 180
5.992957592010498 180
6.0022618770599365 180
6.01106595993042 180
6.020038604736328 180
6.029883623123169 180
6.038679599761963 180
6.047975063323975 180
6.057019233703613 180
6.065958023071289 180
6.0746073722839355 180
6.084584712982178 180
6.094206809997559 180
6.102420091629028 180
6.111191511154175 180
6.120317220687866 180
6.130216360092163 180
6.138970851898193 180
6.148141384124756 180
6.160834074020386 180
6.169973134994507 180
6.17897891998291 180
6.188823461532593 180
6.197943449020386 180
6.2068023681640625 180
6.215819597244263 180
6.224416255950928 180
6.234377384185791 180
6.242748498916626 180
6.251878976821899 180
6.26065468788147 180
6.270850896835327 180
6.279833793640137 180
6.289805889129639 180
6.298686742782593 180
6.308026313781738 180
6.31691575050354 180
6.325934171676636 180
6.335767030715942 180
6.344717264175415 180
6.3529441356658936 180
6.3622589111328125 180
6.371050834655762 180
6.380023002624512 180
6.38993501663208 180
6.399146556854248 180
6.408317804336548 180
6.417557239532471 180
6.4264421463012695 180
6.4364564418792725 180
6.445489883422852 180
6.454087972640991 180
6.462330102920532 180
6.472254991531372 180
6.481150388717651 180
6.491026163101196 180
6.500027418136597 180
6.508804082870483 180
6.517909049987793 180
6.526762008666992 180
6.536646127700806 180
6.545695543289185 180
6.55815315246582 180
6.567476272583008 180
6.576438665390015 180
6.5855889320373535 180
6.5956127643585205 180
6.604701519012451 180
6.612886190414429 180
6.6220316886901855 180
6.630819082260132 180
6.640730857849121 180
6.64974570274353 180
6.658627510070801 180
6.667726993560791 180
6.676618814468384 180
6.685563325881958 180
6.69557523727417 180
6.704676628112793 180
6.712875604629517 180
6.722116947174072 180
6.730884313583374 180
6.740846395492554 180
6.749823808670044 180
6.7585694789886475 180
6.767720460891724 180
6.777186155319214 180
6.787887811660767 180
6.797869443893433 180
6.8067450523376465 180
6.815714359283447 180
6.8243632316589355 180
6.832732677459717 180
6.842724323272705 180
6.851891040802002 180
6.860711097717285 180
6.869688272476196 180
6.878519296646118 180
6.8876848220825195 180
6.89776873588562 180
6.906617879867554 180
6.915594100952148 180
6.924210786819458 180
6.932440757751465 180
6.94232702255249 180
6.9511024951934814 180
6.964628458023071 180
6.972980976104736 180
6.982269763946533 180
6.991174936294556 180
7.001097917556763 180
7.016859769821167 180
7.025976181030273 180
7.034613609313965 180
7.042837142944336 180
7.0525524616241455 180
7.061652183532715 180
7.070552110671997 180
7.07966423034668 180
7.088573455810547 180
7.098495960235596 180
7.10761284828186 180
7.116495370864868 180
7.125198841094971 180
7.1340367794036865 180
7.142434120178223 180
7.152262926101685 180
7.161052465438843 180
7.170125961303711 180
7.17891001701355 180
7.1880292892456055 180
7.198037385940552 180
7.206870079040527 180
7.21660041809082 180
7.225561618804932 180
7.234147787094116 180
7.242434501647949 180
7.252308130264282 180
7.26143741607666 180
7.27019476890564 180
7.278943300247192 180
7.289091110229492 180
7.298886299133301 180
7.308031797409058 180
7.317033290863037 180
7.326056718826294 180
7.334640026092529 180
7.342858076095581 180
7.356825590133667 180
7.3668413162231445 180
7.3760528564453125 180
7.3846752643585205 180
7.39299750328064 180
7.402857303619385 180
7.412045240402222 180
7.42082405090332 180
7.429803371429443 180
7.438648700714111 180
7.447809934616089 180
7.457648754119873 180
7.466557025909424 180
7.476599454879761 180
7.4855735301971436 180
7.494258642196655 180
7.504362344741821 180
7.512582302093506 180
7.521589279174805 180
7.53031849861145 180
7.539144992828369 180
7.548275947570801 180
7.5583837032318115 180
7.5674943923950195 180
7.576362371444702 180
7.584883451461792 180
7.5935797691345215 180
7.602922677993774 180
7.612215280532837 180
7.621102333068848 180
7.630093812942505 180
7.638849258422852 180
7.647986888885498 180
7.657904148101807 180
7.666734933853149 180
7.675862789154053 180
7.684548377990723 180
7.692754507064819 180
7.701877117156982 180
7.711586236953735 180
7.720359563827515 180
7.729118585586548 180
7.738356113433838 180
7.74751353263855 180
7.760745286941528 180
7.769932508468628 180
7.778890371322632 180
7.788819313049316 180
7.799083948135376 180
7.810130834579468 180
7.82004189491272 180
7.829973459243774 180
7.8387956619262695 180
7.8483147621154785 180
7.858693361282349 180
7.86843204498291 180
7.878314256668091 180
7.887166738510132 180
7.896304368972778 180
7.906027555465698 180
7.916082859039307 180
7.924698829650879 180
7.934622287750244 180
7.942840099334717 180
7.951965808868408 180
7.962718486785889 180
7.976091146469116 180
7.9884607791900635 180
8.001665115356445 180
8.016556978225708 180
8.028493642807007 180
8.041136503219604 180
8.052247047424316 180
8.062124013900757 180
8.070984363555908 180
8.079973936080933 180
8.088768243789673 180
8.098030090332031 180
8.106886625289917 180
8.116734981536865 180
8.125878095626831 180
8.134502410888672 180
8.144073009490967 180
8.152338743209839 180
8.167066097259521 180
8.176316499710083 180
8.184868097305298 180
8.194063901901245 180
8.202321290969849 180
8.211090803146362 180
8.221113443374634 180
8.23010540008545 180
8.238893985748291 180
8.248019933700562 180
8.257011413574219 180
8.26685619354248 180
8.276013612747192 180
8.284629821777344 180
8.292842149734497 180
8.301974058151245 180
8.312130689620972 180
8.321966409683228 180
8.33082365989685 180
8.33997368812561 180
8.348729848861694 180
8.357889652252197 180
8.367828369140625 180
8.376746892929077 180
8.385870218276978 180
8.394505977630615 180
8.402852535247803 180
8.412675142288208 180
8.42760968208313 180
8.436489582061768 180
8.445953845977783 180
8.45456075668335 180
8.462865352630615 180
8.474377393722534 180
8.482564926147461 180
8.491583585739136 180
8.50032639503479 180
8.509091138839722 180
8.519144535064697 180
8.52840280532837 180
8.537496328353882 180
8.546310424804688 180
8.558974981307983 180
8.56825852394104 180
8.578456163406372 180
8.587649822235107 180
8.596556901931763 180
8.605555534362793 180
8.614190340042114 180
8.624022245407104 180
8.632253885269165 180
8.641183614730835 180
8.650333881378174 180
8.659107446670532 180
8.668246030807495 180
8.678207635879517 180
8.687035322189331 180
8.696144342422485 180
8.704730033874512 180
8.712924003601074 180
8.722815752029419 180
8.731959104537964 180
8.740797519683838 180
8.749808073043823 180
8.758652687072754 180
8.767847776412964 180
8.777864933013916 180
8.786731243133545 180
8.795756101608276 180
8.804380893707275 180
8.81255841255188 180
8.825957775115967 180
8.834581136703491 180
8.84282112121582 180
8.852102279663086 180
8.86092472076416 180
8.869929790496826 180
8.879976511001587 180
8.889108419418335 180
8.898244380950928 180
8.908220529556274 180
8.917794466018677 180
8.928210735321045 180
8.937181949615479 180
8.946661949157715 180
8.955657482147217 180
8.968846797943115 180
8.979885578155518 180
8.988803625106812 180
8.998074769973755 180
9.0069260597229 180
9.01720404624939 180
9.02629280090332 180
9.036728143692017 180
9.046295642852783 180
9.055787801742554 180
9.064424276351929 180
9.072614192962646 180
9.082500457763672 180
9.091688632965088 180
9.1010582447052 180
9.110082864761353 180
9.118953227996826 180
9.135998725891113 180
9.156453609466553 180
9.176545858383179 180
9.195951700210571 180
9.212953090667725 180
9.232487916946411 180
9.246120691299438 180
9.254725456237793 180
9.26292085647583 180
9.272066116333008 180
9.280902862548828 180
9.304385900497437 180
9.314757585525513 180
9.324285984039307 180
9.334455728530884 180
9.344340562820435 180
9.352537631988525 180
9.3664870262146 180
9.375584125518799 180
9.384236574172974 180
9.394280910491943 180
9.402481317520142 180
9.411548376083374 180
9.420300483703613 180
9.429206132888794 180
9.438491344451904 180
9.448351621627808 180
9.457452535629272 180
9.466163635253906 180
9.47599720954895 180
9.484647989273071 180
9.49473237991333 180
9.502942562103271 180
9.512120962142944 180
9.520898580551147 180
9.529927015304565 180
9.538670539855957 180
9.548697471618652 180
9.557872772216797 180
9.566898584365845 180
9.576567649841309 180
9.585541009902954 180
9.594170570373535 180
9.604054927825928 180
9.612451076507568 180
9.62119746208191 180
9.630222082138062 180
9.63896632194519 180
9.648794651031494 180
9.657878398895264 180
9.666903972625732 180
9.675914764404297 180
9.68452501296997 180
9.692774295806885 180
9.702840805053711 180
9.711954355239868 180
9.720807552337646 180
9.729958057403564 180
9.738742351531982 180
9.748651504516602 180
9.757865905761719 180
9.770601987838745 180
9.779787540435791 180
9.78875184059143 180
9.798498153686523 180
9.807692050933838 180
9.81657600402832 180
9.825694799423218 180
9.834353685379028 180
9.846782207489014 180
9.858120203018188 180
9.86696195602417 180
9.875941514968872 180
9.884548664093018 180
9.897799015045166 180
9.910889863967896 180
9.919933795928955 180
9.928684949874878 180
9.937872886657715 180
9.948716402053833 180
9.96164870262146 180
9.973031044006348 180
9.983739137649536 180
9.992738008499146 180
