0 0
0.00574946403503418 0
0.02375030517578125 1
0.03783154487609863 3
0.047948360443115234 5
0.0573885440826416 9
0.06907892227172852 14
0.07951140403747559 18
0.08915114402770996 23
0.09899282455444336 29
0.10962748527526855 36
0.12246870994567871 44
0.13219928741455078 50
0.14223504066467285 57
0.15310430526733398 64
0.1628282070159912 71
0.17332220077514648 78
0.18323636054992676 86
0.19276809692382812 93
0.20403146743774414 102
0.21399855613708496 112
0.22899556159973145 120
0.23845267295837402 128
0.24883365631103516 136
0.25896596908569336 143
0.2683374881744385 153
0.2802715301513672 160
0.29140162467956543 168
0.3010594844818115 178
0.3129870891571045 186
0.3224210739135742 193
0.3332362174987793 201
0.3429992198944092 209
0.3524339199066162 216
0.3628392219543457 224
0.37226271629333496 233
0.3880937099456787 237
0.39798951148986816 241
0.4112582206726074 243
0.42246055603027344 244
0.433302640914917 244
0.4431579113006592 242
0.45249319076538086 240
0.46299123764038086 238
0.47246837615966797 234
0.4832570552825928 230
0.4928147792816162 225
0.5023069381713867 219
0.5119781494140625 214
0.5216257572174072 208
0.5322394371032715 202
0.5418660640716553 197
0.5514087677001953 192
0.5615787506103516 187
0.5714089870452881 182
0.5854477882385254 180
0.5976228713989258 178
0.6072254180908203 178
0.6168279647827148 180
0.6320180892944336 183
0.6459155082702637 186
0.6555497646331787 191
0.6658813953399658 195
0.6755921840667725 200
0.6860630512237549 204
0.6956741809844971 207
0.7055816650390625 210
0.7161948680877686 214
0.7277331352233887 215
0.7390332221984863 216
0.748377799987793 215
0.758145809173584 213
0.7682220935821533 211
0.7779319286346436 207
0.7920107841491699 204
0.801654577255249 201
0.8114492893218994 197
0.8212974071502686 194
0.8310613632202148 191
0.8414638042449951 188
0.8511874675750732 186
0.860450267791748 185
0.8704624176025391 185
0.8802556991577148 185
0.8964860439300537 186
0.9058883190155029 188
0.9155185222625732 190
0.9259793758392334 192
0.9369566440582275 194
0.9461524486541748 196
0.9557895660400391 198
0.9656670093536377 200
0.9758167266845703 201
0.9854731559753418 202
0.9988071918487549 202
1.0081591606140137 202
1.01780104637146 202
1.0272529125213623 201
1.0368387699127197 200
1.0472185611724854 199
1.0569868087768555 197
1.0661437511444092 196
1.0767982006072998 194
1.0859816074371338 192
1.0969927310943604 191
1.106184482574463 190
1.1158080101013184 189
1.1282618045806885 188
1.1390864849090576 188
1.1487433910369873 188
1.1581530570983887 188
1.1676840782165527 189
1.1778678894042969 190
1.192145586013794 191
1.2019062042236328 192
1.2115793228149414 192
1.221445083618164 193
1.2311201095581055 194
1.2437810897827148 194
1.2535042762756348 194
1.2631206512451172 194
1.272444486618042 194
1.2827458381652832 193
1.2932629585266113 192
1.306136131286621 192
1.3157663345336914 192
1.3254292011260986 191
1.3382959365844727 190
1.3534562587738037 190
1.3632547855377197 189
1.372737169265747 189
1.3828208446502686 189
1.3922059535980225 189
1.4028534889221191 189
1.4122064113616943 189
1.4219896793365479 189
1.4314897060394287 189
1.4410967826843262 189
1.4514753818511963 189
1.4611232280731201 189
1.4703850746154785 189
1.4809489250183105 189
1.49021315574646 189
1.5009372234344482 189
1.510197401046753 189
1.5198581218719482 189
1.5294766426086426 189
1.5392003059387207 189
1.5494964122772217 189
1.5591087341308594 189
1.5684545040130615 189
1.592015027999878 189
1.6140291690826416 189
1.6341006755828857 189
1.6572504043579102 189
1.6773395538330078 189
1.7033309936523438 189
1.7370517253875732 189
1.749936580657959 189
1.7753164768218994 189
1.798776388168335 189
1.8112919330596924 189
1.8232097625732422 189
1.8336222171783447 189
1.843287706375122 188
1.8529596328735352 188
1.8658299446105957 188
1.8779890537261963 188
1.888310194015503 188
1.8983776569366455 188
1.9082183837890625 188
1.917841911315918 188
1.9282360076904297 188
1.938870906829834 187
1.950340986251831 187
1.9637048244476318 186
1.9735090732574463 186
1.9901478290557861 186
2.000486373901367 186
2.010178565979004 186
2.0199429988861084 186
2.0297040939331055 186
2.0399510860443115 186
2.049586772918701 186
2.0621793270111084 186
2.073636770248413 186
2.083282947540283 186
2.0942862033843994 186
2.1039576530456543 186
2.117107391357422 186
2.128441095352173 186
2.141889810562134 186
2.1515395641326904 186
2.161182403564453 186
2.1704442501068115 186
2.182251453399658 186
2.19290828704834 186
2.2031002044677734 186
2.2127861976623535 186
2.223642587661743 186
2.233290672302246 186
2.2436885833740234 186
2.2533552646636963 186
2.263136863708496 186
2.2727901935577393 186
2.2821907997131348 186
2.2928977012634277 186
2.303079605102539 186
2.312436580657959 186
2.3221514225006104 186
2.3319928646087646 186
2.342425584793091 186
2.3520596027374268 186
2.3615901470184326 186
2.3713150024414062 185
2.383553981781006 185
2.399287223815918 184
2.4095520973205566 184
2.421938896179199 183
2.4337666034698486 183
2.444162368774414 183
2.453962564468384 183
2.463599681854248 183
2.4732375144958496 183
2.4824934005737305 183
2.4920830726623535 183
2.502446174621582 183
2.51288104057312 183
2.5223710536956787 183
2.53200626373291 183
2.5414528846740723 183
2.5519421100616455 183
2.561427116394043 183
2.5712132453918457 182
2.5804927349090576 182
2.5900959968566895 182
2.6004276275634766 182
2.610485553741455 182
2.6200594902038574 183
2.6298813819885254 183
2.639482021331787 183
2.649789333343506 182
2.6594345569610596 182
2.66910457611084 182
2.6784420013427734 182
2.6881673336029053 182
2.7011094093322754 182
2.712815999984741 182
2.7221624851226807 182
2.7338943481445312 182
2.743532419204712 182
2.7540359497070312 182
2.763643503189087 182
2.773205041885376 182
2.7827811241149902 182
2.79702091217041 182
2.807695150375366 182
2.817962646484375 182
2.8275904655456543 182
2.837073564529419 182
2.846151113510132 182
2.8568613529205322 182
2.8659772872924805 182
2.8756961822509766 182
2.8852906227111816 182
2.8940470218658447 182
2.9053268432617188 182
2.9155609607696533 182
2.925922393798828 182
2.9383442401885986 182
2.951057195663452 182
2.960331916809082 182
2.969928026199341 182
2.9794890880584717 182
2.9892537593841553 182
3.0020532608032227 182
3.0114939212799072 182
3.021575689315796 182
3.0312042236328125 182
3.0408718585968018 182
3.050273895263672 182
3.0609610080718994 182
3.070233106613159 182
3.0798823833465576 182
3.0894527435302734 182
3.099034547805786 182
3.112058162689209 182
3.1253676414489746 182
3.1371266841888428 182
3.1470954418182373 182
3.157383918762207 182
3.167083740234375 182
3.176210880279541 182
3.1857750415802 182
3.199112892150879 182
3.2095601558685303 182
3.2192771434783936 182
3.2295618057250977 182
3.240044116973877 182
3.249692916870117 182
3.2600393295288086 182
3.269669532775879 182
3.2816712856292725 182
3.2914464473724365 182
3.301210641860962 182
3.3116002082824707 182
3.321260452270508 182
3.3313515186309814 182
3.3409924507141113 182
3.350379705429077 182
3.3612167835235596 182
3.3704781532287598 182
3.380049705505371 182
3.3896656036376953 182
3.3992786407470703 182
3.4097483158111572 182
3.4214727878570557 182
3.431687116622925 182
3.4413180351257324 182
3.450852155685425 182
3.461297035217285 182
3.4710330963134766 182
3.4802701473236084 182
3.4898831844329834 182
3.4994616508483887 182
3.5097036361694336 182
3.5194311141967773 182
3.5296473503112793 182
3.539231538772583 182
3.5488080978393555 182
3.5583388805389404 182
3.5690460205078125 182
3.5783746242523193 182
3.588099718093872 182
3.6014249324798584 182
3.612149715423584 182
3.6219286918640137 182
3.6341092586517334 182
3.643705129623413 182
3.6534390449523926 182
3.6638026237487793 182
3.673414468765259 182
3.682889461517334 182
3.692366361618042 182
3.7019879817962646 182
3.712503671646118 182
3.7222225666046143 182
3.7322659492492676 182
3.7418980598449707 182
3.753316640853882 182
3.764075756072998 182
3.7738335132598877 182
3.787151575088501 182
3.7999427318573 182
3.8124842643737793 182
3.8281118869781494 182
3.8412482738494873 182
3.854097604751587 182
3.8689160346984863 182
3.8789379596710205 182
3.8884634971618652 182
3.898128032684326 182
3.912889242172241 182
3.9240572452545166 182
3.9336585998535156 182
3.9437060356140137 182
3.953556537628174 182
3.9632229804992676 182
3.9736413955688477 182
3.9833106994628906 182
3.9973344802856445 182
4.007191896438599 182
4.01769495010376 182
4.027223110198975 182
4.0365002155303955 182
4.046884298324585 182
4.056050062179565 182
4.065660715103149 182
4.076195478439331 182
4.085951089859009 182
4.095550775527954 182
4.104238033294678 182
4.113877534866333 182
4.124309778213501 181
4.13415002822876 181
4.144227743148804 180
4.1538310050964355 180
4.163513422012329 180
4.173924922943115 180
4.18352484703064 180
4.19322657585144 180
4.2024242877960205 180
4.212134599685669 180
4.222743034362793 180
4.232032299041748 180
4.24146580696106 180
4.251679420471191 180
4.26238489151001 180
4.272975206375122 180
4.282345771789551 180
4.2919440269470215 180
4.301401853561401 180
4.31113338470459 180
4.320329666137695 180
4.331040859222412 180
4.340372085571289 180
4.350378751754761 180
4.359963655471802 180
4.369688987731934 180
4.3800623416900635 180
4.389650344848633 180
4.403188705444336 180
4.412755012512207 180
4.422201633453369 180
4.432942152023315 180
4.442259788513184 180
4.452259302139282 180
4.461681127548218 180
4.471436262130737 180
4.481876373291016 180
4.491428375244141 180
4.501224994659424 180
4.510390996932983 180
4.51996636390686 180
4.530277490615845 180
4.539873361587524 180
4.54963493347168 180
4.559679985046387 180
4.56929349899292 180
4.579589366912842 180
4.589155912399292 180
4.598821401596069 180
4.6083245277404785 180
4.617952585220337 180
4.628258228302002 180
4.6378679275512695 180
4.6472883224487305 180
4.6572864055633545 180
4.666974306106567 180
4.676043748855591 180
4.686900615692139 180
4.6960060596466064 180
4.705540895462036 180
4.7141876220703125 180
4.723812818527222 180
4.7342939376831055 180
4.743840217590332 180
4.753434896469116 180
4.763519525527954 180
4.775768995285034 180
4.78710675239563 180
4.80008864402771 180
4.809788942337036 180
4.819485187530518 180
4.829935789108276 180
4.839583158493042 180
4.849298715591431 180
4.859412431716919 180
4.8690104484558105 180
4.878302574157715 180
4.888943433761597 180
4.898339033126831 180
4.908052444458008 180
4.917483806610107 180
4.927925109863281 180
4.93825626373291 180
4.947814702987671 180
4.957195997238159 180
4.967264413833618 180
4.976496696472168 180
4.987262725830078 180
4.996473073959351 180
5.005815029144287 180
5.0153727531433105 180
5.024003267288208 180
5.035284757614136 180
5.044055938720703 180
5.053654670715332 180
5.063618183135986 180
5.073221683502197 180
5.082420825958252 180
5.093135118484497 180
5.1024010181427 180
5.11193585395813 180
5.121465444564819 180
5.131038665771484 180
5.141371726989746 180
5.151047468185425 180
5.160284042358398 180
5.170355558395386 180
5.179908275604248 180
5.190260648727417 180
5.203471422195435 180
5.213297367095947 180
5.222928047180176 180
5.2323548793792725 180
5.242788076400757 180
5.2522711753845215 180
5.261626243591309 180
5.271957159042358 180
5.282508850097656 180
5.293111801147461 180
5.3023834228515625 180
5.311947584152222 180
5.321389198303223 180
5.33107328414917 180
5.3413097858428955 180
5.350490570068359 180
5.363631725311279 180
5.373826742172241 180
5.3836517333984375 180
5.394296884536743 180
5.403817892074585 180
5.41340184211731 180
5.4228832721710205 180
5.4321935176849365 180
5.44250226020813 180
5.452189922332764 180
5.46193265914917 180
5.47135066986084 180
5.481390476226807 180
5.491625785827637 180
5.501233816146851 180
5.510926246643066 180
5.520145654678345 180
5.529704332351685 180
5.539998769760132 180
5.549697399139404 180
5.5592567920684814 180
5.568936109542847 180
5.578959226608276 180
5.588256120681763 180
5.602099895477295 180
5.611615419387817 180
5.621372699737549 180
5.631200313568115 180
5.641551971435547 180
5.651220083236694 180
5.66037392616272 180
5.66994309425354 180
5.679965019226074 180
5.6896984577178955 180
5.700062274932861 180
5.709611177444458 180
5.71917462348938 180
5.728456735610962 180
5.7380077838897705 180
5.748469829559326 180
5.758016347885132 180
5.767684698104858 180
5.7771570682525635 180
5.787414312362671 180
5.7995381355285645 180
5.809205532073975 180
5.8187432289123535 180
5.8280675411224365 180
5.837619781494141 180
5.847963094711304 180
5.858078718185425 180
5.870929956436157 180
5.884123802185059 180
5.899031639099121 180
5.913348913192749 180
5.928503513336182 180
5.939924240112305 180
5.950211524963379 180
5.959733486175537 180
5.969341516494751 180
5.978846311569214 180
5.988965749740601 180
6.00287389755249 180
6.0122857093811035 180
6.021931886672974 180
6.03161358833313 180
6.041211128234863 180
6.051668643951416 180
6.061296224594116 180
6.070475101470947 180
6.080000877380371 180
6.090059518814087 180
6.1020424365997314 180
6.118893623352051 180
6.1281774044036865 180
6.137686729431152 180
6.147167921066284 180
6.157772779464722 180
6.167325019836426 180
6.176905393600464 180
6.185997486114502 180
6.196040868759155 180
6.206910133361816 180
6.2159950733184814 180
6.225517988204956 180
6.234337568283081 180
6.243849039077759 180
6.254220008850098 180
6.263851642608643 180
6.273437976837158 180
6.282881021499634 180
6.293127536773682 180
6.305409908294678 180
6.314018249511719 180
6.323626279830933 180
6.333256483078003 180
6.342446565628052 180
6.352157831192017 180
6.362447500228882 180
6.372013807296753 180
6.381438970565796 180
6.391001224517822 180
6.4069435596466064 180
6.416041135787964 180
6.425828218460083 180
6.43552041053772 180
6.444185495376587 180
6.453785181045532 180
6.464082956314087 180
6.473809719085693 180
6.483396053314209 180
6.492815017700195 180
6.502887964248657 180
6.513277292251587 180
6.522473096847534 180
6.53217625617981 180
6.541614532470703 180
6.551321506500244 180
6.561614751815796 180
6.571198463439941 180
6.588067054748535 180
6.5982019901275635 180
6.613623857498169 180
6.631702899932861 180
6.656090974807739 180
6.676044225692749 180
6.696154356002808 180
6.7199201583862305 180
6.730237245559692 180
6.7398669719696045 180
6.749458074569702 180
6.765542984008789 180
6.784104585647583 180
6.794217109680176 180
6.80920934677124 180
6.818857669830322 180
6.829314231872559 180
6.839002370834351 180
6.848276853561401 180
6.857793807983398 180
6.86722469329834 180
6.877470970153809 180
6.88698410987854 180
6.8960349559783936 180
6.906202077865601 180
6.915714740753174 180
6.927284002304077 180
6.936918020248413 180
6.946037530899048 180
6.955609560012817 180
6.965298414230347 180
6.973982095718384 180
6.985317707061768 180
6.994007349014282 180
7.003609895706177 180
7.013700246810913 180
7.023412704467773 180
7.033763885498047 180
7.0433433055877686 180
7.052809953689575 180
7.062149524688721 180
7.071918725967407 180
7.082345962524414 180
7.091956377029419 180
7.10147500038147 180
7.111468076705933 180
7.121079921722412 180
7.131424188613892 180
7.141182899475098 180
7.150350332260132 180
7.159923553466797 180
7.169502019882202 180
7.179765224456787 180
7.1896891593933105 180
7.199431896209717 180
7.2158472537994385 180
7.225542306900024 180
7.236002445220947 180
7.2455995082855225 180
7.254256248474121 180
7.2639689445495605 180
7.273533344268799 180
7.283887147903442 180
7.293453216552734 180
7.302961349487305 180
7.312313795089722 180
7.322744607925415 180
7.333353042602539 180
7.342771530151367 180
7.3521482944488525 180
7.361599922180176 180
7.371208667755127 180
7.380894422531128 180
7.391307353973389 180
7.400478839874268 180
7.410012722015381 180
7.420050382614136 180
7.429651737213135 180
7.44015097618103 180
7.4497270584106445 180
7.459489822387695 180
7.4690399169921875 180
7.478291034698486 180
7.488838195800781 180
7.498300552368164 180
7.507860898971558 180
7.517316818237305 180
7.527260780334473 180
7.537657260894775 180
7.547173738479614 180
7.556801795959473 180
7.565898180007935 180
7.575456142425537 180
7.58572244644165 180
7.595432758331299 180
7.608851909637451 180
7.618393898010254 180
7.628746032714844 180
7.639165878295898 180
7.648454666137695 180
7.658038377761841 180
7.667459487915039 180
7.677112817764282 180
7.687601804733276 180
7.697105407714844 180
7.706202030181885 180
7.722181558609009 180
7.732271909713745 180
7.742837905883789 180
7.752162218093872 180
7.761678695678711 180
7.771305799484253 180
7.7804787158966064 180
7.791208982467651 180
7.80051326751709 180
7.81013298034668 180
7.819687366485596 180
7.829691171646118 180
7.840030193328857 180
7.849740505218506 180
7.8594725131988525 180
7.869062900543213 180
7.878345966339111 180
7.887939691543579 180
7.898258209228516 180
7.907800912857056 180
7.917345285415649 180
7.927813291549683 180
7.9388062953948975 180
7.952737092971802 180
7.966080665588379 180
7.9792304039001465 180
7.993319511413574 180
8.011409521102905 180
8.023521900177002 180
8.033629655838013 180
8.044235229492188 180
8.053820371627808 180
8.063411951065063 180
8.072834968566895 180
8.082167387008667 180
8.09161376953125 180
8.1021728515625 180
8.11192774772644 180
8.121376276016235 180
8.1308913230896 180
8.140411853790283 180
8.151110410690308 180
8.160447597503662 180
8.17000126838684 180
8.179551362991333 180
8.18905258178711 180
8.199419021606445 180
8.209084272384644 180
8.218737602233887 180
8.228999376296997 180
8.240369081497192 180
8.251066446304321 180
8.260252237319946 180
8.269801139831543 180
8.27951717376709 180
8.289083003997803 180
8.299339771270752 180
8.308842658996582 180
8.318149328231812 180
8.32773733139038 180
8.337286949157715 180
8.348223686218262 180
8.357760190963745 180
8.367298364639282 180
8.37688398361206 180
8.385900497436523 180
8.395451068878174 180
8.409564018249512 180
8.419281482696533 180
8.429011106491089 180
8.438427686691284 180
8.449392318725586 180
8.459150075912476 180
8.468455076217651 180
8.478028774261475 180
8.487471342086792 180
8.497164487838745 180
8.50761342048645 180
8.517197608947754 180
8.526478052139282 180
8.535835266113281 180
8.545652627944946 180
8.556063175201416 180
8.565625429153442 180
8.574296712875366 180
8.59280252456665 180
8.603491067886353 180
8.613209962844849 180
8.622403144836426 180
8.632108926773071 180
8.642992734909058 180
8.653957843780518 180
8.66353154182434 180
8.672991514205933 180
8.682349681854248 180
8.691980838775635 180
8.705415964126587 180
8.7140953540802 180
8.723621368408203 180
8.73313856124878 180
8.74238395690918 180
8.753605127334595 180
8.763382196426392 180
8.772832155227661 180
8.782170057296753 180
8.791614532470703 180
8.801271438598633 180
8.816060543060303 180
8.825910091400146 180
8.835632562637329 180
8.845287084579468 180
8.856093168258667 180
8.865620136260986 180
8.874232769012451 180
8.883927822113037 180
8.8936185836792 180
8.903148412704468 180
8.91345477104187 180
8.923783302307129 180
8.933380842208862 180
8.942994356155396 180
8.952323198318481 180
8.963416814804077 180
8.972848892211914 180
8.982200384140015 180
8.991621017456055 180
9.001351594924927 180
9.011841773986816 180
9.021442413330078 180
9.031012058258057 180
9.040228605270386 180
9.049730062484741 180
9.061059951782227 180
9.070267915725708 180
9.079873085021973 180
9.089431285858154 180
9.099014282226562 180
9.109315395355225 180
9.119006395339966 180
9.128317832946777 180
9.137877941131592 180
9.147427320480347 180
9.156978845596313 180
9.167760372161865 180
9.177308082580566 180
9.186913013458252 180
9.195991277694702 180
9.205514192581177 180
9.220353126525879 180
9.230096817016602 180
9.2399160861969 180
9.249470949172974 180
9.259016752243042 180
9.269697189331055 180
9.279409885406494 180
9.289060354232788 180
9.298740863800049 180
9.308082342147827 180
9.31841492652893 180
9.327980279922485 180
9.337424755096436 180
9.346925735473633 180
9.356016874313354 180
9.367956399917603 180
9.377446174621582 180
9.386997938156128 180
9.39604902267456 180
9.405627727508545 180
9.416050434112549 180
9.425787925720215 180
9.435307025909424 180
9.443974494934082 180
9.453574895858765 180
9.463143825531006 180
9.474005937576294 180
9.483774662017822 180
9.493358612060547 180
9.502822637557983 180
9.512167692184448 180
9.522456884384155 180
9.531959772109985 180
9.54189920425415 180
9.551345109939575 180
9.560502529144287 180
9.571670770645142 180
9.581266164779663 180
9.591059923171997 180
9.600368738174438 180
9.61379361152649 180
9.62490463256836 180
9.634040355682373 180
9.643722534179688 180
9.653246879577637 180
9.662883281707764 180
9.673830270767212 180
9.683401346206665 180
9.692887306213379 180
9.702186107635498 180
9.711609125137329 180
9.726207256317139 180
9.73577880859375 180
9.745279788970947 180
9.753994226455688 180
9.76355528831482 180
9.774871110916138 180
9.784037351608276 180
9.793624877929688 180
9.803406715393066 180
9.812857627868652 180
9.823270797729492 180
9.83250904083252 180
9.84216570854187 180
9.851622104644775 180
9.861231565475464 180
9.87043046951294 180
9.881501913070679 180
9.89109492301941 180
9.900445938110352 180
9.909975290298462 180
9.920323371887207 180
9.931245803833008 180
9.94044280052185 180
9.950019836425781 180
9.959702014923096 180
9.9693124294281 180
9.980485439300537 180
9.989997863769531 180
9.999552249908447 180
