0 0
0.00484013557434082 0
0.020138025283813477 0
0.02850818634033203 0
0.03762936592102051 2
0.04650378227233887 3
0.055802106857299805 6
0.06580853462219238 10
0.07463335990905762 14
0.08440351486206055 18
0.09380555152893066 23
0.10280275344848633 29
0.11300945281982422 35
0.12224841117858887 39
0.13135647773742676 45
0.14016342163085938 51
0.1484999656677246 57
0.15880036354064941 65
0.17011594772338867 72
0.18024897575378418 81
0.19153618812561035 89
0.202134370803833 96
0.2121429443359375 105
0.2253856658935547 113
0.23447132110595703 122
0.2474958896636963 129
0.2578616142272949 137
0.26781725883483887 145
0.2767527103424072 155
0.2922236919403076 163
0.30149006843566895 174
0.3147001266479492 183
0.3281264305114746 191
0.3378450870513916 199
0.34736037254333496 206
0.35651254653930664 214
0.3666238784790039 220
0.37577247619628906 228
0.3846468925476074 235
0.3943440914154053 241
0.40364813804626465 247
0.41375088691711426 253
0.422806978225708 257
0.4319131374359131 261
0.44066691398620605 263
0.44990062713623047 265
0.4582691192626953 266
0.46839404106140137 266
0.4778473377227783 265
0.4869387149810791 263
0.496631383895874 261
0.5057981014251709 257
0.5158562660217285 253
0.5248262882232666 249
0.5342631340026855 244
0.543602466583252 239
0.552631139755249 234
0.5617449283599854 228
0.5718741416931152 223
0.5806634426116943 218
0.5899186134338379 212
0.5998103618621826 207
0.608191728591919 203
0.6184430122375488 199
0.6277725696563721 196
0.6367073059082031 194
0.6458044052124023 191
0.6548287868499756 190
0.6641290187835693 189
0.6741511821746826 190
0.6873502731323242 191
0.6969172954559326 192
0.7061505317687988 193
0.7157008647918701 196
0.7257027626037598 198
0.7346067428588867 201
0.744004487991333 203
0.7538959980010986 205
0.7650208473205566 207
0.7755320072174072 209
0.7844400405883789 211
0.7937016487121582 212
0.8034310340881348 213
0.8124222755432129 213
0.8223962783813477 213
0.8316583633422852 213
0.8403902053833008 212
0.8486735820770264 211
0.8580074310302734 210
0.8669373989105225 209
0.8806025981903076 207
0.8933331966400146 205
0.9059312343597412 203
0.9180991649627686 200
0.9337296485900879 198
0.9459629058837891 197
0.9582018852233887 195
0.9698436260223389 195
0.9794306755065918 194
0.9881324768066406 194
0.9972543716430664 193
1.0068409442901611 193
1.0160987377166748 193
1.0263221263885498 194
1.0354316234588623 194
1.0443329811096191 194
1.0537030696868896 194
1.0626697540283203 195
1.0719106197357178 195
1.0859735012054443 195
1.0949492454528809 195
1.1044559478759766 195
1.1142427921295166 195
1.124082088470459 195
1.1335504055023193 195
1.1425244808197021 195
1.151662826538086 195
1.1604344844818115 195
1.168818712234497 195
1.179398775100708 195
1.1881556510925293 195
1.1974518299102783 195
1.2064664363861084 194
1.2160539627075195 194
1.226099967956543 194
1.2350127696990967 193
1.2442731857299805 193
1.25370454788208 193
1.2637033462524414 193
1.273355484008789 192
1.2833328247070312 192
1.2923436164855957 191
1.3015048503875732 191
1.3102712631225586 191
1.3201091289520264 190
1.3302242755889893 190
1.3385536670684814 190
1.3477842807769775 189
1.3566906452178955 189
1.3657920360565186 189
1.3747448921203613 189
1.3847923278808594 189
1.394158124923706 189
1.4036743640899658 189
1.4133963584899902 189
1.4223968982696533 189
1.4324631690979004 189
1.4415974617004395 189
1.4503328800201416 189
1.4586784839630127 189
1.4679267406463623 189
1.4768242835998535 189
1.4918186664581299 189
1.5006072521209717 189
1.5099682807922363 189
1.519355297088623 189
1.528252124786377 189
1.5382633209228516 189
1.547400712966919 188
1.5565338134765625 188
1.5656723976135254 188
1.5745973587036133 188
1.584568738937378 187
1.5938153266906738 187
1.6028287410736084 187
1.612184762954712 186
1.6235668659210205 186
1.636624813079834 185
1.6457877159118652 185
1.6547884941101074 185
1.6640183925628662 185
1.6748559474945068 184
1.6865952014923096 184
1.6957037448883057 184
1.7046184539794922 184
1.713805913925171 184
1.7233686447143555 185
1.7339789867401123 185
1.7436370849609375 185
1.7526257038116455 185
1.7616751194000244 185
1.7703487873077393 185
1.7786517143249512 185
1.789351224899292 185
1.7982292175292969 185
1.8073289394378662 185
1.8161845207214355 185
1.8258965015411377 185
1.8358709812164307 185
1.8447322845458984 185
1.854109525680542 184
1.8633098602294922 184
1.8722569942474365 184
1.8813297748565674 184
1.8946239948272705 184
1.9039840698242188 184
1.9133174419403076 183
1.9222640991210938 183
1.9319374561309814 183
1.9427742958068848 183
1.951847791671753 183
1.960569143295288 183
1.971703290939331 183
1.9804153442382812 183
1.9903757572174072 183
2.000056028366089 183
2.0083167552948 182
2.01773738861084 182
2.026609420776367 182
2.0387017726898193 182
2.048147439956665 182
2.0585124492645264 182
2.067793369293213 182
2.0769405364990234 182
2.0859997272491455 183
2.098309278488159 183
2.108227491378784 183
2.1178300380706787 183
2.126737117767334 182
2.136183500289917 182
2.1479623317718506 182
2.1587462425231934 182
2.1679625511169434 182
2.176970958709717 182
2.186060667037964 182
2.196897029876709 182
2.205996036529541 182
2.2156901359558105 182
2.224914073944092 182
2.234947681427002 182
2.246706008911133 182
2.25803279876709 182
2.2682769298553467 182
2.277721881866455 182
2.2914910316467285 182
2.3016791343688965 182
2.312178373336792 182
2.320939064025879 182
2.329864501953125 182
2.340029239654541 182
2.3500490188598633 182
2.35833477973938 182
2.3674447536468506 182
2.3764078617095947 182
2.38543963432312 182
2.3955838680267334 182
2.404484510421753 182
2.4137043952941895 182
2.4226651191711426 182
2.4319279193878174 182
2.4415969848632812 182
2.451890468597412 182
2.46063494682312 182
2.469425916671753 182
2.4781432151794434 182
2.4870195388793945 182
2.4972922801971436 182
2.506160020828247 182
2.5155553817749023 182
2.5244200229644775 182
2.5336673259735107 182
2.542668581008911 182
2.5533697605133057 182
2.5624983310699463 182
2.571751594543457 182
2.5804715156555176 182
2.5887911319732666 182
2.5987093448638916 182
2.608349084854126 182
2.6174631118774414 182
2.62648606300354 182
2.6357717514038086 182
2.645496368408203 182
2.6555473804473877 182
2.664472818374634 182
2.6737301349639893 182
2.6826608180999756 182
2.695770025253296 181
2.705939531326294 181
2.7149312496185303 181
2.724217414855957 181
2.733372211456299 181
2.7423276901245117 180
2.753777503967285 180
2.763305902481079 180
2.772261381149292 179
2.781013011932373 179
2.789930582046509 179
2.798264503479004 179
2.8082168102264404 179
2.8174047470092773 179
2.8264687061309814 180
2.835571765899658 180
2.844463586807251 180
2.85483455657959 180
2.8640565872192383 180
2.873321533203125 180
2.882230043411255 180
2.8912856578826904 180
2.89992618560791 180
2.90993332862854 180
2.9182302951812744 180
2.9273557662963867 180
2.937405586242676 180
2.9461734294891357 180
2.9599030017852783 180
2.971977472305298 180
2.9840102195739746 180
2.9961798191070557 180
3.0101516246795654 180
3.022338390350342 180
3.034187078475952 180
3.046105146408081 180
3.056884527206421 180
3.065906524658203 180
3.074716091156006 180
3.0841264724731445 180
3.096898078918457 180
3.107367992401123 180
3.116475820541382 180
3.1255533695220947 180
3.1344492435455322 180
3.1436729431152344 180
3.152981758117676 180
3.1628782749176025 180
3.172236680984497 180
3.181004524230957 180
3.1898772716522217 180
3.198207378387451 180
3.2081570625305176 180
3.21734881401062 180
3.2261271476745605 180
3.23543643951416 180
3.2443137168884277 180
3.2535297870635986 180
3.2653465270996094 180
3.2750210762023926 180
3.2841928005218506 180
3.2934999465942383 180
3.3024041652679443 180
3.3123230934143066 180
3.321342945098877 180
3.330030679702759 180
3.338308334350586 180
3.347604274749756 180
3.3565895557403564 180
3.367017984390259 180
3.3760409355163574 180
3.3848655223846436 180
3.3940699100494385 180
3.4029343128204346 180
3.4128472805023193 180
3.4219284057617188 180
3.4306368827819824 180
3.4393715858459473 180
3.448094129562378 180
3.4569520950317383 180
3.4677412509918213 180
3.476804494857788 180
3.4858856201171875 180
3.498624801635742 180
3.5079469680786133 180
3.5241472721099854 180
3.5335311889648438 180
3.5425033569335938 180
3.55157208442688 180
3.5602529048919678 180
3.5709283351898193 180
3.579883337020874 180
3.5882444381713867 180
3.6005051136016846 180
3.6104912757873535 180
3.6222307682037354 180
3.632493019104004 180
3.6415367126464844 180
3.6502339839935303 180
3.6604955196380615 180
3.671417236328125 180
3.680159330368042 180
3.6884782314300537 180
3.6976840496063232 180
3.706587553024292 180
3.718740463256836 180
3.727919578552246 180
3.7368950843811035 180
3.7459306716918945 180
3.7547454833984375 180
3.763993263244629 180
3.7745742797851562 180
3.783752918243408 180
3.792689800262451 180
3.8018083572387695 180
3.8113319873809814 180
3.821356773376465 180
3.8306620121002197 180
3.839937925338745 180
3.8482561111450195 180
3.8573660850524902 180
3.866455078125 180
3.87691068649292 180
3.885958433151245 180
3.8993587493896484 180
3.908179759979248 180
3.917422294616699 180
3.927619457244873 180
3.9375016689300537 180
3.946446180343628 180
3.955678939819336 180
3.9645516872406006 180
3.9754745960235596 180
3.9843480587005615 180
3.9937169551849365 180
4.002681255340576 180
4.011896848678589 180
4.021822214126587 180
4.0305891036987305 180
4.039365291595459 180
4.048049449920654 180
4.056885480880737 180
4.065963268280029 180
4.076696872711182 180
4.085817098617554 180
4.094688177108765 180
4.103915691375732 180
4.112841844558716 180
4.1228556632995605 180
4.132206439971924 180
4.141017198562622 180
4.149951934814453 180
4.158276796340942 180
4.1673033237457275 180
4.178332805633545 180
4.1874895095825195 180
4.1965577602386475 180
4.205646276473999 180
4.214539527893066 180
4.2258429527282715 180
4.234702825546265 180
4.243972301483154 180
4.253286361694336 180
4.26223611831665 180
4.271006345748901 180
4.281000375747681 180
4.293625354766846 180
4.302734375 180
4.312122821807861 180
4.320727825164795 180
4.331287860870361 180
4.340073108673096 180
4.348348379135132 180
4.35750412940979 180
4.366455793380737 180
4.376559734344482 180
4.386419773101807 180
4.395514249801636 180
4.404357671737671 180
4.413583517074585 180
4.422507286071777 180
4.4325315952301025 180
4.441657304763794 180
4.450331926345825 180
4.458643674850464 180
4.467871427536011 180
4.476781129837036 180
4.486771583557129 180
4.495936155319214 180
4.504800319671631 180
4.514167785644531 180
4.523340940475464 180
4.533342361450195 180
4.5423173904418945 180
4.5515172481536865 180
4.5602452754974365 180
4.568543910980225 180
4.577769756317139 180
4.588229656219482 180
4.6019446849823 180
4.610652923583984 180
4.619960069656372 180
4.628301382064819 180
4.651766061782837 180
4.668827533721924 180
4.6885082721710205 180
4.711973667144775 180
4.732733249664307 180
4.750044584274292 180
4.758323669433594 180
4.767483711242676 180
4.776583194732666 180
4.797305107116699 180
4.8121747970581055 180
4.821568965911865 180
4.830277681350708 180
4.838598012924194 180
4.848647832870483 180
4.857856512069702 180
4.866833925247192 180
4.875990390777588 180
4.88479471206665 180
4.89398455619812 180
4.9045281410217285 180
4.9137468338012695 180
4.922833442687988 180
4.931924343109131 180
4.94186806678772 180
4.951802968978882 180
4.96051025390625 180
4.968823671340942 180
4.978024959564209 180
4.986997604370117 180
4.996071815490723 180
5.006680965423584 180
5.015763521194458 180
5.024643182754517 180
5.035402059555054 180
5.04880428314209 180
5.06233811378479 180
5.074287414550781 180
5.086413860321045 180
5.106405258178711 180
5.118140935897827 180
5.127402305603027 180
5.1361916065216064 180
5.145362854003906 180
5.155414342880249 180
5.164453506469727 180
5.173646450042725 180
5.1825926303863525 180
5.191606044769287 180
5.200273752212524 180
5.210695028305054 180
5.219839811325073 180
5.228292226791382 180
5.23736310005188 180
5.247714996337891 180
5.257759094238281 180
5.266711711883545 180
5.275791168212891 180
5.284739971160889 180
5.294137239456177 180
5.303335666656494 180
5.313763856887817 180
5.3226823806762695 180
5.331809043884277 180
5.340510368347168 180
5.349828720092773 180
5.359827041625977 180
5.368151903152466 180
5.376999855041504 180
5.386106491088867 180
5.394912242889404 180
5.404236078262329 180
5.41469144821167 180
5.424102306365967 180
5.433288097381592 180
5.442233085632324 180
5.451326608657837 180
5.461432695388794 180
5.470157146453857 180
5.47846794128418 180
5.4876298904418945 180
5.501384258270264 180
5.512375354766846 180
5.521616697311401 180
5.532232284545898 180
5.541025161743164 180
5.549941062927246 180
5.560046434402466 180
5.56845498085022 180
5.577641248703003 180
5.586656808853149 180
5.604732513427734 180
5.61797571182251 180
5.630541801452637 180
5.642868995666504 180
5.652647256851196 180
5.6641669273376465 180
5.673338174819946 180
5.682461977005005 180
5.691505432128906 180
5.7001941204071045 180
5.708666563034058 180
5.721390724182129 180
5.730175018310547 180
5.738489627838135 180
5.747704744338989 180
5.763978719711304 180
5.7729387283325195 180
5.78212571144104 180
5.790685176849365 180
5.7998621463775635 180
5.808161020278931 180
5.818769931793213 180
5.828131914138794 180
5.836995363235474 180
5.846063852310181 180
5.854989051818848 180
5.8649938106536865 180
5.874268531799316 180
5.8836328983306885 180
5.892584323883057 180
5.904850482940674 180
5.9153735637664795 180
5.924811601638794 180
5.934736728668213 180
5.944177150726318 180
5.95334529876709 180
5.962282180786133 180
5.972319602966309 180
5.981365203857422 180
5.990045785903931 180
5.998334646224976 180
6.007721424102783 180
6.018078804016113 180
6.028430700302124 180
6.037609815597534 180
6.0464768409729 180
6.055546998977661 180
6.064546585083008 180
6.074619293212891 180
6.083817481994629 180
6.0927979946136475 180
6.101870059967041 180
6.110541820526123 180
6.121707201004028 180
6.131385326385498 180
6.140096664428711 180
6.148460149765015 180
6.157794237136841 180
6.166677713394165 180
6.176725625991821 180
6.185904264450073 180
6.19474983215332 180
6.204472780227661 180
6.213723659515381 180
6.224786996841431 180
6.235523700714111 180
6.244490385055542 180
6.2537312507629395 180
6.262682199478149 180
6.272503137588501 180
6.281607389450073 180
6.290295362472534 180
6.303650617599487 180
6.312742471694946 180
6.322832107543945 180
6.332653284072876 180
6.341724872589111 180
6.350456237792969 180
6.35874342918396 180
6.368123769760132 180
6.378162145614624 180
6.3872809410095215 180
6.396169900894165 180
6.405365228652954 180
6.414212703704834 180
6.42422080039978 180
6.434877395629883 180
6.444126605987549 180
6.453250408172607 180
6.462363004684448 180
6.4714272022247314 180
6.48159646987915 180
6.490286350250244 180
6.498629093170166 180
6.5078325271606445 180
6.516680479049683 180
6.526698112487793 180
6.5384743213653564 180
6.547872304916382 180
6.55982518196106 180
6.5681092739105225 180
6.578172445297241 180
6.587016582489014 180
6.596227407455444 180
6.608169794082642 180
6.622486352920532 180
6.633541822433472 180
6.642958164215088 180
6.652137756347656 180
6.660703182220459 180
6.670036792755127 180
6.680005788803101 180
6.688286542892456 180
6.697395324707031 180
6.710675477981567 180
6.7199342250823975 180
6.730129718780518 180
6.742729425430298 180
6.751805067062378 180
6.760533809661865 180
6.768830060958862 180
6.77875542640686 180
6.788153886795044 180
6.797020196914673 180
6.806102752685547 180
6.814929246902466 180
6.82414698600769 180
6.83410382270813 180
6.845937013626099 180
6.856022119522095 180
6.868604421615601 180
6.878191709518433 180
6.888193130493164 180
6.9001569747924805 180
6.908656120300293 180
6.922250509262085 180
6.934444189071655 180
6.944162368774414 180
6.953312873840332 180
6.962394714355469 180
6.971419811248779 180
6.980143785476685 180
6.9902873039245605 180
6.998659372329712 180
7.007887125015259 180
7.016766309738159 180
7.025995492935181 180
7.03609824180603 180
7.045770168304443 180
7.054624557495117 180
7.0637969970703125 180
7.072751522064209 180
7.081919193267822 180
7.0918660163879395 180
7.104260444641113 180
7.114803791046143 180
7.12743353843689 180
7.14229416847229 180
7.154588937759399 180
7.1709465980529785 180
7.183248281478882 180
7.196576118469238 180
7.209399461746216 180
7.228210210800171 180
7.238266706466675 180
7.25302529335022 180
7.262349367141724 180
7.27268648147583 180
7.281811952590942 180
7.294485330581665 180
7.304069757461548 180
7.315816879272461 180
7.32484245300293 180
7.334064245223999 180
7.343978643417358 180
7.3535847663879395 180
7.362553119659424 180
7.371736764907837 180
7.380445718765259 180
7.390567064285278 180
7.399416208267212 180
7.408459424972534 180
7.417612791061401 180
7.42648720741272 180
7.43562126159668 180
7.44574499130249 180
7.455436706542969 180
7.464331388473511 180
7.47354793548584 180
7.48259162902832 180
7.492440462112427 180
7.5048253536224365 180
7.514233827590942 180
7.523595333099365 180
7.532677173614502 180
7.5426647663116455 180
7.5517871379852295 180
7.561520099639893 180
7.570228099822998 180
7.5785231590271 180
7.587742567062378 180
7.597602128982544 180
7.606465816497803 180
7.61556077003479 180
7.62454628944397 180
7.633842706680298 180
7.643836736679077 180
7.652796983718872 180
7.662420988082886 180
7.6714794635772705 180
7.680229663848877 180
7.688660621643066 180
7.69864296913147 180
7.707852363586426 180
7.720136404037476 180
7.732241630554199 180
7.741426229476929 180
7.754824876785278 180
7.764612674713135 180
7.773841381072998 180
7.782785892486572 180
7.796192169189453 180
7.806765794754028 180
7.816206216812134 180
7.831451416015625 180
7.8429412841796875 180
7.856423616409302 180
7.867769479751587 180
7.878125905990601 180
7.890500545501709 180
7.908782720565796 180
7.920420169830322 180
7.93189001083374 180
7.941874027252197 180
7.951797962188721 180
7.9604716300964355 180
7.970209121704102 180
7.978486776351929 180
7.987836599349976 180
7.9966881275177 180
8.006698608398438 180
8.015805959701538 180
8.024783849716187 180
8.034022092819214 180
8.043328285217285 180
8.053008556365967 180
8.06226134300232 180
8.071672677993774 180
8.08037519454956 180
8.08868145942688 180
8.097958326339722 180
8.108061075210571 180
8.116943597793579 180
8.126034498214722 180
8.134880781173706 180
8.144090414047241 180
8.154111385345459 180
8.163434267044067 180
8.1727933883667 180
8.181892156600952 180
8.19055962562561 180
8.198840618133545 180
8.208817720413208 180
8.21804428100586 180
8.22700572013855 180
8.236220121383667 180
8.245426654815674 180
8.255021095275879 180
8.26566481590271 180
8.276367664337158 180
8.285621166229248 180
8.29447627067566 180
8.304487228393555 180
8.317748546600342 180
8.326826095581055 180
8.336549282073975 180
8.350345134735107 180
8.362813234329224 180
8.37466549873352 180
8.385671138763428 180
8.39687204360962 180
8.410353660583496 180
8.418800115585327 180
8.428056478500366 180
8.44295859336853 180
8.454190731048584 180
8.466767311096191 180
8.481342792510986 180
8.490028858184814 180
8.502270221710205 180
8.517693758010864 180
8.526760578155518 180
8.538151025772095 180
8.547834873199463 180
8.560469150543213 180
8.568813562393188 180
8.578046560287476 180
8.590561866760254 180
8.604233980178833 180
8.617600917816162 180
8.629894256591797 180
8.642383575439453 180
8.656387329101562 180
8.666618585586548 180
8.675842046737671 180
8.687716484069824 180
8.696600198745728 180
8.715789794921875 180
8.72773814201355 180
8.736758947372437 180
8.751333236694336 180
8.760045528411865 180
8.770260572433472 180
8.780532360076904 180
8.790225505828857 180
8.798473834991455 180
8.80783200263977 180
8.817894220352173 180
8.82688307762146 180
8.835924863815308 180
8.844794273376465 180
8.854004144668579 180
8.862955808639526 180
8.872957468032837 180
8.882251024246216 180
8.891788005828857 180
8.900486469268799 180
8.908805131912231 180
8.918778896331787 180
8.928008556365967 180
8.938119411468506 180
8.947394847869873 180
8.95620059967041 180
8.965368747711182 180
8.975354671478271 180
8.98560094833374 180
8.99489450454712 180
9.0042884349823 180
9.013479709625244 180
9.023317813873291 180
9.03227686882019 180
9.041330575942993 180
9.049966096878052 180
9.058271884918213 180
9.06838321685791 180
9.077491760253906 180
9.086474418640137 180
9.09604287147522 180
9.10485577583313 180
9.118609189987183 180
9.128103733062744 180
9.137303113937378 180
9.14641785621643 180
9.155860900878906 180
9.165375232696533 180
9.175026178359985 180
9.184714078903198 180
9.196874380111694 180
9.210497856140137 180
9.224295139312744 180
9.238700866699219 180
9.252398490905762 180
9.264392614364624 180
9.277713060379028 180
9.291475534439087 180
9.30171012878418 180
9.310439348220825 180
9.31875228881836 180
9.32882833480835 180
9.33804178237915 180
9.346900701522827 180
9.35594630241394 180
9.364908695220947 180
9.3748939037323 180
9.384096145629883 180
9.393263101577759 180
9.40265965461731 180
9.411772727966309 180
9.420464515686035 180
9.430669784545898 180
9.439843893051147 180
9.448153495788574 180
9.457405090332031 180
9.46637773513794 180
9.47639513015747 180
9.485626459121704 180
9.494462251663208 180
9.504164457321167 180
9.516922950744629 180
9.527332305908203 180
9.53641390800476 180
9.545746564865112 180
9.554585456848145 180
9.563756704330444 180
9.57267713546753 180
9.582836866378784 180
9.595417976379395 180
9.604463815689087 180
9.614134073257446 180
9.623341798782349 180
9.633009195327759 180
9.642223119735718 180
9.651007413864136 180
9.659940481185913 180
9.668387651443481 180
9.678340911865234 180
9.68747615814209 180
9.696407079696655 180
9.705475807189941 180
9.714813470840454 180
9.724159002304077 180
9.734136581420898 180
9.743319988250732 180
9.752278089523315 180
9.761329412460327 180
9.770040512084961 180
9.77833104133606 180
9.788458585739136 180
9.797640085220337 180
9.808153629302979 180
9.817816972732544 180
9.826701879501343 180
9.836685180664062 180
9.845928430557251 180
9.854777812957764 180
9.863980293273926 180
9.87288212776184 180
9.882874011993408 180
9.89191460609436 180
9.900617361068726 180
9.909957885742188 180
9.923672437667847 180
9.934491395950317 180
9.943890571594238 180
9.952821493148804 180
9.962176322937012 180
9.971482276916504 180
9.980227708816528 180
9.99025273323059 180
9.99854302406311 180
