0 0
0.007033824920654297 0
0.02536749839782715 0
0.0398707389831543 3
0.055159568786621094 9
0.07123684883117676 14
0.08518195152282715 22
0.10120201110839844 33
0.11867165565490723 38
0.12746191024780273 47
0.1401207447052002 56
0.15579557418823242 64
0.16511130332946777 71
0.17404413223266602 78
0.18519830703735352 88
0.19850587844848633 96
0.20861601829528809 102
0.2174062728881836 109
0.22577714920043945 115
0.23506879806518555 123
0.245009183883667 131
0.2551233768463135 138
0.26404595375061035 148
0.2781078815460205 157
0.28812193870544434 163
0.29712772369384766 174
0.31002187728881836 182
0.32090044021606445 191
0.3314237594604492 198
0.342728853225708 207
0.355269193649292 212
0.3673861026763916 215
0.37579894065856934 218
0.3886990547180176 220
0.4019660949707031 220
0.4131460189819336 219
0.4229600429534912 216
0.4340686798095703 213
0.4432356357574463 210
0.45299863815307617 204
0.4632384777069092 200
0.47296905517578125 195
0.4819960594177246 190
0.49165868759155273 185
0.5009570121765137 179
0.511009931564331 170
0.524930477142334 165
0.5339834690093994 160
0.5438077449798584 156
0.5535356998443604 153
0.5634849071502686 151
0.5734939575195312 151
0.5826616287231445 151
0.5916728973388672 151
0.6010377407073975 154
0.6120729446411133 156
0.6220660209655762 160
0.6313340663909912 163
0.6406369209289551 168
0.6503627300262451 173
0.660473108291626 179
0.6694910526275635 183
0.6785838603973389 187
0.6873385906219482 192
0.6956830024719238 196
0.7049362659454346 199
0.7149767875671387 202
0.7240369319915771 204
0.7331781387329102 204
0.7424979209899902 204
0.7514302730560303 204
0.7618451118469238 202
0.7711584568023682 200
0.7806081771850586 196
0.7896733283996582 193
0.7988121509552002 188
0.8075733184814453 183
0.817702054977417 180
0.8268873691558838 174
0.835261344909668 169
0.8477396965026855 165
0.8575642108917236 162
0.8699381351470947 160
0.8832859992980957 159
0.8971817493438721 160
0.909296989440918 163
0.9237372875213623 166
0.9329619407653809 169
0.9419155120849609 174
0.9511375427246094 177
0.9609899520874023 182
0.9710147380828857 186
0.9804491996765137 190
0.9895215034484863 193
0.9986302852630615 195
1.0073895454406738 197
1.0174269676208496 198
1.0258796215057373 199
1.0351409912109375 198
1.0440077781677246 197
1.053056240081787 195
1.0628130435943604 192
1.072875738143921 188
1.081904649734497 184
1.091170072555542 181
1.1003994941711426 177
1.109614610671997 173
1.120668888092041 170
1.1299967765808105 167
1.1392877101898193 165
1.148451566696167 164
1.157137155532837 163
1.1675453186035156 164
1.1758556365966797 164
1.185110330581665 166
1.1939804553985596 168
1.203199863433838 170
1.212050199508667 174
1.222020149230957 177
1.2312190532684326 180
1.240532636642456 184
1.2494745254516602 186
1.2587862014770508 189
1.2698452472686768 192
1.2797996997833252 194
1.2889094352722168 194
1.2976505756378174 195
1.3065168857574463 194
1.320798635482788 192
1.334089994430542 190
1.3448882102966309 185
1.3595607280731201 181
1.372023105621338 177
1.3839879035949707 173
1.39841628074646 171
1.4071898460388184 169
1.415492057800293 167
1.429853916168213 166
1.4408600330352783 167
1.4498109817504883 167
1.4588892459869385 169
1.4685847759246826 171
1.478644609451294 173
1.487330436706543 176
1.4956045150756836 178
1.5050106048583984 181
1.513913631439209 184
1.5238978862762451 186
1.5330018997192383 189
1.5418825149536133 191
1.551112413406372 192
1.5605006217956543 192
1.5694870948791504 192
1.5810284614562988 192
1.5899982452392578 190
1.5992133617401123 189
1.6080288887023926 187
1.6170356273651123 184
1.627164602279663 182
1.636500358581543 179
1.6458053588867188 177
1.6551170349121094 175
1.6639745235443115 173
1.6736750602722168 171
1.6837124824523926 170
1.692793369293213 170
1.7016699314117432 170
1.710853099822998 170
1.723867654800415 171
1.7338955402374268 172
1.7431480884552002 174
1.75246262550354 176
1.761504888534546 178
1.770705223083496 180
1.781090259552002 182
1.7900300025939941 184
1.7993338108062744 186
1.8084461688995361 187
1.817213773727417 188
1.825544834136963 188
1.8354973793029785 189
1.8447332382202148 188
1.8540568351745605 187
1.8659355640411377 186
1.8752331733703613 184
1.8856172561645508 183
1.8950142860412598 180
1.9069850444793701 178
1.915353536605835 177
1.9245970249176025 176
1.934603214263916 174
1.943563461303711 174
1.9526171684265137 173
1.9630324840545654 173
1.9718225002288818 173
1.9826207160949707 174
1.991647720336914 175
2.000837564468384 176
2.0097832679748535 177
2.019059658050537 179
2.027771234512329 180
2.037764072418213 182
2.047104835510254 183
2.055419445037842 184
2.0645751953125 185
2.075852870941162 186
2.0907652378082275 186
2.102943181991577 186
2.1151986122131348 184
2.134378671646118 183
2.1471810340881348 181
2.1606171131134033 180
2.169970989227295 179
2.1790719032287598 178
2.1896159648895264 177
2.1987111568450928 176
2.2074077129364014 176
2.21569561958313 175
2.2250092029571533 175
2.2350120544433594 176
2.243929862976074 176
2.2529895305633545 177
2.2618324756622314 178
2.274425745010376 179
2.2835652828216553 180
2.2935004234313965 181
2.3021278381347656 182
2.311333179473877 182
2.320568323135376 183
2.329512357711792 183
2.3396286964416504 183
2.348766326904297 183
2.3574507236480713 183
2.3657495975494385 183
2.3750007152557373 183
2.3839101791381836 182
2.3945751190185547 182
2.403718948364258 181
2.41402006149292 181
2.4230997562408447 180
2.431912422180176 180
2.441772699356079 180
2.450920343399048 179
2.460008144378662 179
2.4692001342773438 179
2.4777395725250244 179
2.4864578247070312 179
2.4971866607666016 179
2.5053911209106445 179
2.5144050121307373 179
2.5289089679718018 179
2.537590503692627 180
2.5484235286712646 180
2.55704402923584 180
2.5652568340301514 180
2.5751795768737793 180
2.584078550338745 180
2.593914747238159 180
2.6035265922546387 180
2.612100124359131 180
2.621204137802124 180
2.629988193511963 180
2.6392405033111572 180
2.64890456199646 180
2.657492160797119 180
2.665682792663574 180
2.6749157905578613 181
2.683695077896118 181
2.6937332153320312 181
2.703524351119995 181
2.712523937225342 181
2.7214086055755615 181
2.7306439876556396 181
2.7395386695861816 180
2.749511241912842 180
2.7587084770202637 180
2.767338991165161 180
2.775486707687378 181
2.7847492694854736 181
2.794586658477783 181
2.8041176795959473 181
2.8131465911865234 181
2.822897434234619 181
2.8316895961761475 181
2.8412461280822754 181
2.851229429244995 181
2.860107660293579 181
2.8692092895507812 181
2.8777706623077393 181
2.8869898319244385 181
2.8965022563934326 181
2.905634641647339 181
2.9148521423339844 181
2.9301114082336426 181
2.939473867416382 181
2.9494810104370117 181
2.9585483074188232 181
2.9672129154205322 181
2.975416421890259 181
2.9844472408294678 181
2.993274688720703 181
3.003495693206787 181
3.0130317211151123 181
3.0218124389648438 181
3.0310213565826416 181
3.039926052093506 181
3.0498199462890625 181
3.0590243339538574 181
3.0676615238189697 181
3.0769731998443604 181
3.085245370864868 181
3.0940427780151367 181
3.1039998531341553 181
3.113018274307251 181
3.121983289718628 181
3.131146192550659 181
3.1400513648986816 181
3.1498522758483887 181
3.1588943004608154 181
3.1675755977630615 181
3.175800323486328 181
3.185134172439575 181
3.1944258213043213 181
3.204106092453003 181
3.213793992996216 181
3.222888708114624 181
3.2393641471862793 181
3.2489681243896484 181
3.2709662914276123 181
3.291168689727783 181
3.308817148208618 181
3.329963445663452 181
3.3508613109588623 181
3.370511531829834 181
3.3794138431549072 181
3.388463258743286 181
3.3971407413482666 181
3.405381202697754 181
3.425601005554199 181
3.4407553672790527 181
3.4500935077667236 181
3.4592275619506836 181
3.467784881591797 181
3.4777681827545166 181
3.486492395401001 181
3.4952521324157715 181
3.504059076309204 181
3.5130536556243896 181
3.5235307216644287 181
3.532499074935913 181
3.5412726402282715 181
3.55096435546875 181
3.5599138736724854 181
3.56947660446167 181
3.5800998210906982 181
3.5893170833587646 181
3.5984551906585693 181
3.607107400894165 181
3.6159136295318604 181
3.6273295879364014 181
3.6355412006378174 181
3.6447105407714844 181
3.6535086631774902 181
3.668611764907837 181
3.678678274154663 181
3.687345027923584 181
3.6956050395965576 181
3.7047674655914307 181
3.7138068675994873 181
3.729395866394043 181
3.7385990619659424 181
3.7473089694976807 181
3.7557871341705322 181
3.7650363445281982 181
3.7750244140625 181
3.7838823795318604 181
3.793053150177002 181
3.801870346069336 181
3.8110694885253906 181
3.81998348236084 181
3.830789804458618 181
3.8398854732513428 181
3.8490853309631348 181
3.8577868938446045 181
3.8684334754943848 181
3.878079891204834 181
3.8869762420654297 181
3.8952574729919434 181
3.904860496520996 181
3.9139211177825928 181
3.9229636192321777 181
3.93293833732605 181
3.9417834281921387 181
3.951343536376953 181
3.9605026245117188 181
3.9700734615325928 181
3.9800193309783936 181
3.9895639419555664 181
3.998650074005127 181
4.007363796234131 181
4.015639781951904 181
4.024881362915039 181
4.034916639328003 181
4.044072389602661 181
4.0531325340271 181
4.06194281578064 181
4.071138381958008 181
4.081447601318359 181
4.090797424316406 181
4.099847316741943 181
4.108954429626465 181
4.117647409439087 181
4.131930589675903 181
4.141303777694702 181
4.15158224105835 181
4.16450047492981 181
4.177449941635132 181
4.191149950027466 181
4.20317530632019 181
4.2154929637908936 181
4.229082107543945 181
4.242513656616211 181
4.2513697147369385 181
4.26058030128479 181
4.269678115844727 181
4.278705358505249 181
4.288709402084351 181
4.297415256500244 181
4.305695295333862 181
4.314880847930908 181
4.323752164840698 181
4.333902359008789 181
4.342963933944702 181
4.351764917373657 181
4.361144304275513 181
4.371299982070923 181
4.381377696990967 181
4.391455888748169 181
4.400641918182373 181
4.409609079360962 181
4.418668985366821 181
4.427339553833008 181
4.437251567840576 181
4.446507692337036 181
4.455279588699341 181
4.464075088500977 181
4.4731409549713135 181
4.4819560050964355 181
4.492067337036133 181
4.5012829303741455 181
4.510585069656372 181
4.519491195678711 181
4.53159499168396 181
4.542026519775391 181
4.551400661468506 181
4.560744762420654 181
4.569822788238525 181
4.579742908477783 181
4.589724063873291 181
4.598754644393921 181
4.607438802719116 181
4.615753889083862 181
4.62510085105896 181
4.634106159210205 181
4.644809246063232 181
4.653686046600342 181
4.662747859954834 181
4.671605587005615 181
4.680830240249634 181
4.690911769866943 181
4.699863433837891 181
4.709256410598755 181
4.717792510986328 181
4.726884603500366 181
4.7352447509765625 181
4.745266914367676 181
4.755093336105347 181
4.763955116271973 181
4.772997856140137 181
4.781785249710083 181
4.791737079620361 181
4.800961256027222 181
4.81005072593689 181
4.819052457809448 181
4.827753305435181 181
4.836521148681641 181
4.845910310745239 181
4.855116367340088 181
4.8639280796051025 181
4.873115301132202 181
4.883553981781006 181
4.893512725830078 181
4.902507305145264 181
4.911393404006958 181
4.92058539390564 181
4.933056592941284 181
4.943174600601196 181
4.952526092529297 181
4.961899518966675 181
4.9715189933776855 181
4.980708837509155 181
4.989789247512817 181
4.999760389328003 181
5.009533643722534 181
5.020000219345093 181
5.029027462005615 181
5.037680387496948 181
5.047642469406128 181
5.057443857192993 181
5.065705299377441 181
5.07650089263916 181
5.085197687149048 181
5.095128059387207 181
5.1039838790893555 181
5.113211154937744 181
5.122037887573242 181
5.131232261657715 181
5.1405930519104 181
5.150511026382446 181
5.1594531536102295 181
5.1686625480651855 181
5.17734956741333 181
5.185582637786865 181
5.194780588150024 181
5.204730033874512 181
5.213603734970093 181
5.222660541534424 181
5.24051308631897 181
5.250654458999634 181
5.26043963432312 181
5.269734144210815 181
5.278781890869141 181
5.287457227706909 181
5.299981355667114 181
5.309045791625977 181
5.3177101612091064 181
5.326487064361572 181
5.339923620223999 181
5.350805759429932 181
5.360982894897461 181
5.369910478591919 181
5.378917932510376 181
5.387577533721924 181
5.395824432373047 181
5.406468629837036 181
5.415327787399292 181
5.424408197402954 181
5.433291673660278 181
5.442113637924194 181
5.45205020904541 181
5.461193323135376 181
5.4704813957214355 181
5.479433536529541 181
5.4884772300720215 181
5.497131109237671 181
5.506991147994995 181
5.515287399291992 181
5.524106979370117 181
5.533312559127808 181
5.5424964427948 181
5.552079916000366 181
5.561279296875 181
5.571674108505249 181
5.580913066864014 181
5.589977741241455 181
5.599210739135742 181
5.609208345413208 181
5.617776155471802 181
5.626943826675415 181
5.635213851928711 181
5.644026279449463 181
5.654041051864624 181
5.663233280181885 181
5.673680305480957 181
5.682725667953491 181
5.691582918167114 181
5.700809478759766 181
5.710911750793457 181
5.719845533370972 181
5.728902101516724 181
5.741564035415649 181
5.750983953475952 181
5.760961055755615 181
5.770740032196045 181
5.77968955039978 181
5.7888500690460205 181
5.797533750534058 181
5.807514429092407 181
5.81576681137085 181
5.82498836517334 181
5.839941740036011 181
5.848974704742432 181
5.859578609466553 181
5.870046615600586 181
5.87903094291687 181
5.887726306915283 181
5.8969738483428955 181
5.905289173126221 181
5.915259122848511 181
5.924469709396362 181
5.933260440826416 181
5.942081928253174 181
5.951422214508057 181
5.961277484893799 181
5.970413684844971 181
5.979779481887817 181
5.988866329193115 181
5.997553825378418 181
6.0058677196502686 181
6.016520261764526 181
6.025216579437256 181
6.034060716629028 181
6.043108224868774 181
6.05206823348999 181
6.061924457550049 181
6.071444272994995 181
6.081084966659546 181
6.089985132217407 181
6.099059104919434 181
6.107733249664307 181
6.117616176605225 181
6.1259379386901855 181
6.139613628387451 181
6.148818731307983 181
6.157522201538086 181
6.16761326789856 181
6.175895929336548 181
6.185254812240601 181
6.194461345672607 181
6.2032530307769775 181
6.213289976119995 181
6.2224650382995605 181
6.232736587524414 181
6.2453343868255615 181
6.2586681842803955 181
6.2718963623046875 181
6.285123825073242 181
6.297707557678223 181
6.31040620803833 181
6.323727369308472 181
6.337146043777466 181
6.34729266166687 181
6.355541229248047 181
6.365411758422852 181
6.375681638717651 181
6.38534688949585 181
6.394401788711548 181
6.403247117996216 181
6.412087917327881 181
6.422043800354004 181
6.431406259536743 181
6.441015243530273 181
6.449939727783203 181
6.45902156829834 181
6.469239711761475 181
6.477826118469238 181
6.487447261810303 181
6.495869398117065 181
6.505047798156738 181
6.513894319534302 181
6.523738384246826 181
6.532805919647217 181
6.5456743240356445 181
6.555117845535278 181
6.564046621322632 181
6.575221538543701 181
6.584069728851318 181
6.593711853027344 181
6.602795362472534 181
6.611795663833618 181
6.621784210205078 181
6.631034851074219 181
6.6399922370910645 181
6.649086236953735 181
6.657778024673462 181
6.666931867599487 181
6.677042245864868 181
6.68535852432251 181
6.695028305053711 181
6.704005479812622 181
6.713042736053467 181
6.722984790802002 181
6.7319395542144775 181
6.741156101226807 181
6.750045299530029 181
6.759223937988281 181
6.7677881717681885 181
6.77779221534729 181
6.786940813064575 181
6.795878171920776 181
6.805032968521118 181
6.813866138458252 181
6.823852300643921 181
6.833015441894531 181
6.84181547164917 181
6.851181507110596 181
6.86005711555481 181
6.869197368621826 181
6.879727125167847 181
6.890417575836182 181
6.899885892868042 181
6.909034729003906 181
6.917720556259155 181
6.927710294723511 181
6.940767288208008 181
6.949846982955933 181
6.95923376083374 181
6.96782374382019 181
6.978437185287476 181
6.987135171890259 181
6.995386600494385 181
7.004385232925415 181
7.0137457847595215 181
7.0228111743927 181
7.0328545570373535 181
7.041686773300171 181
7.050903797149658 181
7.05984902381897 181
7.0689356327056885 181
7.078936815261841 181
7.087635278701782 181
7.096928834915161 181
7.105753183364868 181
7.114958047866821 181
7.123835802078247 181
7.133831024169922 181
7.142887115478516 181
7.151853799819946 181
7.161095142364502 181
7.1700215339660645 181
7.179788112640381 181
7.188822031021118 181
7.197564601898193 181
7.2072179317474365 181
7.21558690071106 181
7.22495698928833 181
7.240664720535278 181
7.250045537948608 181
7.259245872497559 181
7.267780065536499 181
7.277031421661377 181
7.28694224357605 181
7.295225143432617 181
7.304015398025513 181
7.313702583312988 181
7.322807788848877 181
7.3329291343688965 181
7.345645904541016 181
7.355159521102905 181
7.364372491836548 181
7.373499870300293 181
7.383272886276245 181
7.393630266189575 181
7.402754545211792 181
7.412060499191284 181
7.421215772628784 181
7.43097996711731 181
7.439961194992065 181
7.449298143386841 181
7.458067178726196 181
7.4669811725616455 181
7.4752984046936035 181
7.48546838760376 181
7.4945595264434814 181
7.5035107135772705 181
7.513177156448364 181
7.522016525268555 181
7.531182765960693 181
7.541137456893921 181
7.550652742385864 181
7.563560247421265 181
7.5777857303619385 181
7.589385986328125 181
7.599705457687378 181
7.608868598937988 181
7.618488788604736 181
7.6271631717681885 181
7.637311220169067 181
7.645608186721802 181
7.654795169830322 181
7.663630962371826 181
7.672707796096802 181
7.681551218032837 181
7.6916282176971436 181
7.700829029083252 181
7.709774732589722 181
7.719433784484863 181
7.728477239608765 181
7.74171781539917 181
7.751125812530518 181
7.760372161865234 181
7.769423484802246 181
7.778463125228882 181
7.788385629653931 181
7.79718804359436 181
7.805464506149292 181
7.81475830078125 181
7.824115991592407 181
7.833151578903198 181
7.843117713928223 181
7.851897478103638 181
7.861135721206665 181
7.87044358253479 181
7.87937068939209 181
7.8893067836761475 181
7.898666620254517 181
7.90969443321228 181
7.9187092781066895 181
7.928576469421387 181
7.937326669692993 181
7.947229862213135 181
7.955483675003052 181
7.964574813842773 181
7.973521709442139 181
7.982486009597778 181
7.992616415023804 181
8.003518342971802 181
8.013702630996704 181
8.023248195648193 181
8.032124996185303 181
8.042028903961182 181
8.051389217376709 181
8.06055736541748 181
8.069513320922852 181
8.078564405441284 181
8.087294101715088 181
8.09716010093689 181
8.10539174079895 181
8.114872932434082 181
8.123694896697998 181
8.133498191833496 181
8.147487163543701 181
8.155902862548828 181
8.165233850479126 181
8.174540758132935 181
8.183480501174927 181
8.193325519561768 181
8.202507495880127 181
8.211354970932007 181
8.220507383346558 181
8.233059406280518 181
8.241855144500732 181
8.251729249954224 181
8.261137962341309 181
8.27006220817566 181
8.279202222824097 181
8.287787437438965 181
8.298098087310791 181
8.30696702003479 181
8.31950831413269 181
8.331947326660156 181
8.345623254776001 181
8.358849048614502 181
8.371219158172607 181
8.383306741714478 181
8.39753270149231 181
8.407598495483398 181
8.418033123016357 181
8.426974296569824 181
8.43763518333435 181
8.44757342338562 181
8.455801963806152 181
8.465032815933228 181
8.474006652832031 181
8.483026027679443 181
8.491847038269043 181
8.501654148101807 181
8.510822057723999 181
8.519899606704712 181
8.529192686080933 181
8.538703441619873 181
8.552063465118408 181
8.561367988586426 181
8.571361780166626 181
8.580634355545044 181
8.589664220809937 181
8.599449396133423 181
8.608551263809204 181
8.617266416549683 181
8.625555515289307 181
8.634604454040527 181
8.643945693969727 181
8.653996229171753 181
8.66305422782898 181
8.671845197677612 181
8.681075096130371 181
8.689971923828125 181
8.699063062667847 181
8.70928692817688 181
8.718122482299805 181
8.727061033248901 181
8.735368728637695 181
8.745035171508789 181
8.755036354064941 181
8.76391887664795 181
8.773094892501831 181
8.782081842422485 181
8.79129695892334 181
8.80040955543518 181
8.810434579849243 181
8.81936526298523 181
8.828513145446777 181
8.837456703186035 181
8.847202062606812 181
8.857184648513794 181
8.86542534828186 181
8.8745276927948 181
8.88348937034607 181
8.892651081085205 181
8.901504516601562 181
8.91162896156311 181
8.921815872192383 181
8.9318265914917 181
8.945120334625244 181
8.955231666564941 181
8.96450161933899 181
8.973525047302246 181
8.98250937461853 181
8.991360187530518 181
9.000461339950562 181
9.010510921478271 181
9.019469499588013 181
9.02849531173706 181
9.037147283554077 181
9.045565366744995 181
9.055930137634277 181
9.065121173858643 181
9.074061155319214 181
9.083142757415771 181
9.09195613861084 181
9.101142644882202 181
9.111130714416504 181
9.120028972625732 181
9.129300832748413 181
9.138124704360962 181
9.147037506103516 181
9.155778646469116 181
9.165752649307251 181
9.17516827583313 181
9.183982849121094 181
9.193198919296265 181
9.202028036117554 181
9.211942911148071 181
9.221136331558228 181
9.230082750320435 181
9.23923373222351 181
9.249833345413208 181
9.258946895599365 181
9.269062995910645 181
9.277737855911255 181
9.286497831344604 181
9.295227289199829 181
9.304455995559692 181
9.31455135345459 181
9.323518753051758 181
9.33253788948059 181
9.345172882080078 181
9.354980230331421 181
9.365115642547607 181
9.374444961547852 181
9.383217811584473 181
9.392038822174072 181
9.40123438835144 181
9.410443782806396 181
9.420383214950562 181
9.43039321899414 181
9.43973970413208 181
9.448791742324829 181
9.458426475524902 181
9.468439817428589 181
9.477174758911133 181
9.485482692718506 181
9.494819641113281 181
9.503695487976074 181
9.513631343841553 181
9.522743940353394 181
9.531551122665405 181
9.540772199630737 181
9.549867630004883 181
9.559044361114502 181
9.568939447402954 181
9.578893184661865 181
9.58760929107666 181
9.595879793167114 181
9.605043411254883 181
9.615119218826294 181
9.623992919921875 181
9.633020401000977 181
9.641860723495483 181
9.651028871536255 181
9.65994930267334 181
9.670796632766724 181
9.679706335067749 181
9.688894510269165 181
9.697582483291626 181
9.705898523330688 181
9.71505856513977 181
9.724991083145142 181
9.733983516693115 181
9.747344732284546 181
9.755919694900513 181
9.765694856643677 181
9.775763273239136 181
9.784950017929077 181
9.793943881988525 181
9.803017854690552 181
9.81186580657959 181
9.821929454803467 181
9.831118106842041 181
9.840038537979126 181
9.849332094192505 181
9.858092069625854 181
9.867494821548462 181
9.877473592758179 181
9.88575792312622 181
9.894953966140747 181
9.903798818588257 181
9.913014888763428 181
9.922912359237671 181
9.931712865829468 181
9.941881656646729 181
9.952019214630127 181
9.961236476898193 181
9.971289157867432 181
9.980500221252441 181
9.989447832107544 181
9.998456954956055 181
