0 0
0.005589962005615234 0
0.021104097366333008 1
0.02993488311767578 2
0.039198875427246094 4
0.04920840263366699 6
0.05866837501525879 10
0.06767034530639648 13
0.07685232162475586 18
0.08570051193237305 22
0.09498786926269531 28
0.10504317283630371 34
0.11393952369689941 40
0.12342023849487305 45
0.1327378749847412 52
0.14174866676330566 59
0.1518700122833252 65
0.16107749938964844 72
0.17007184028625488 79
0.1795353889465332 85
0.18900132179260254 92
0.19906115531921387 100
0.20844697952270508 107
0.21801519393920898 115
0.22729063034057617 121
0.2366199493408203 127
0.2455296516418457 135
0.2555711269378662 143
0.26450395584106445 151
0.2733275890350342 157
0.28258800506591797 165
0.2917008399963379 173
0.3019561767578125 179
0.31110572814941406 187
0.3210780620574951 195
0.33004260063171387 203
0.33933401107788086 209
0.3531367778778076 220
0.3625645637512207 227
0.3718087673187256 231
0.3811781406402588 236
0.39053916931152344 240
0.39954471588134766 242
0.4096086025238037 244
0.41953158378601074 244
0.42888784408569336 244
0.4381272792816162 243
0.44764041900634766 241
0.457874059677124 238
0.4670999050140381 235
0.4765024185180664 231
0.485363245010376 227
0.49379754066467285 221
0.5039317607879639 216
0.5132687091827393 209
0.5256781578063965 205
0.5349631309509277 199
0.5436551570892334 196
0.5537364482879639 192
0.5630955696105957 189
0.5720572471618652 187
0.5815107822418213 187
0.5906879901885986 186
0.601862907409668 187
0.6161048412322998 191
0.6289165019989014 194
0.6410336494445801 199
0.6536736488342285 203
0.6680352687835693 207
0.6804180145263672 210
0.6919915676116943 212
0.7020483016967773 213
0.7126224040985107 214
0.7217898368835449 214
0.7315866947174072 213
0.7408161163330078 212
0.7550327777862549 209
0.7653748989105225 207
0.7739138603210449 204
0.7834978103637695 202
0.792855978012085 200
0.8018636703491211 198
0.8119525909423828 196
0.8210976123809814 195
0.8309109210968018 193
0.8400113582611084 193
0.84930419921875 193
0.8593144416809082 193
0.868720293045044 193
0.8777980804443359 193
0.88700270652771 194
0.8958179950714111 195
0.905280590057373 196
0.9154512882232666 197
0.9238173961639404 198
0.9335901737213135 199
0.9429211616516113 199
0.9519095420837402 199
0.9621248245239258 199
0.9715921878814697 199
0.9807870388031006 199
0.9897241592407227 199
0.9990701675415039 198
1.008117437362671 198
1.0185651779174805 197
1.0284981727600098 197
1.0386736392974854 196
1.047774314880371 196
1.0569941997528076 195
1.0670931339263916 195
1.0764586925506592 195
1.0854575634002686 195
1.0938236713409424 194
1.1033072471618652 194
1.1133887767791748 194
1.122596025466919 194
1.1315677165985107 194
1.1413235664367676 194
1.1506891250610352 194
1.1656639575958252 194
1.175074815750122 194
1.183600902557373 194
1.192903995513916 194
1.2020106315612793 194
1.2111806869506836 194
1.2213068008422852 194
1.2308135032653809 194
1.2406377792358398 194
1.249605655670166 194
1.2590925693511963 193
1.2691245079040527 193
1.278432846069336 193
1.2875056266784668 193
1.2966883182525635 193
1.3054852485656738 193
1.3138537406921387 193
1.324934482574463 192
1.3333806991577148 192
1.3432137966156006 192
1.3524396419525146 191
1.3616220951080322 191
1.3716309070587158 191
1.3809914588928223 191
1.3899152278900146 191
1.4016549587249756 191
1.4138846397399902 190
1.4245340824127197 190
1.4332892894744873 190
1.443202018737793 190
1.4523804187774658 190
1.463541030883789 190
1.4736521244049072 190
1.4830009937286377 190
1.4920623302459717 190
1.5013227462768555 190
1.5106465816497803 190
1.521756649017334 190
1.5309009552001953 190
1.5398566722869873 190
1.5495893955230713 190
1.5629642009735107 190
1.573197841644287 190
1.58255934715271 190
1.5917580127716064 190
1.6009509563446045 190
1.6098690032958984 190
1.6193475723266602 190
1.629457950592041 190
1.6387674808502197 190
1.6484344005584717 190
1.6575260162353516 189
1.6666734218597412 189
1.6768691539764404 189
1.6856694221496582 189
1.69496750831604 188
1.705003261566162 188
1.713472843170166 187
1.723731279373169 187
1.7330236434936523 187
1.7421095371246338 187
1.7520673274993896 187
1.7616636753082275 187
1.7708661556243896 187
1.7809555530548096 186
1.7898736000061035 186
1.7993428707122803 187
1.8086059093475342 187
1.8177049160003662 187
1.827704906463623 187
1.836927890777588 187
1.84568190574646 187
1.8554227352142334 187
1.8639585971832275 187
1.8739492893218994 187
1.8834517002105713 186
1.892768383026123 186
1.9017457962036133 187
1.9109165668487549 187
1.9200055599212646 187
1.9300174713134766 187
1.9394452571868896 186
1.9487872123718262 186
1.9634621143341064 186
1.9729297161102295 186
1.9832427501678467 186
1.9925904273986816 186
2.0016536712646484 186
2.0109798908233643 186
2.0198757648468018 186
2.0318379402160645 186
2.0416269302368164 186
2.050814390182495 186
2.0606775283813477 186
2.069638967514038 186
2.0796942710876465 186
2.0889768600463867 186
2.0984835624694824 186
2.107527017593384 186
2.1167006492614746 186
2.1255295276641846 186
2.1356894969940186 186
2.1450793743133545 186
2.1534996032714844 186
2.1634254455566406 186
2.172734498977661 185
2.182908296585083 185
2.1918604373931885 185
2.201017141342163 185
2.2099597454071045 185
2.219402313232422 184
2.228750467300415 184
2.238947629928589 184
2.2479608058929443 183
2.2570900917053223 183
2.2669548988342285 183
2.2757010459899902 183
2.28585147857666 184
2.2951385974884033 184
2.303520917892456 184
2.3127806186676025 184
2.3217029571533203 184
2.330919027328491 184
2.3410584926605225 184
2.3499464988708496 184
2.368798017501831 184
2.3779447078704834 184
2.395695686340332 184
2.415553092956543 184
2.4352169036865234 184
2.452057123184204 184
2.476529836654663 184
2.4927964210510254 184
2.5018019676208496 184
2.510946035385132 184
2.520017147064209 184
2.5361146926879883 184
2.5557634830474854 184
2.5656418800354004 184
2.5754177570343018 184
2.5839390754699707 184
2.5939860343933105 183
2.6033380031585693 183
2.612565040588379 183
2.621586322784424 183
2.6307594776153564 183
2.6398046016693115 183
2.649798631668091 183
2.659271001815796 183
2.668496608734131 183
2.6787970066070557 183
2.6909377574920654 183
2.7069623470306396 183
2.7190310955047607 183
2.7310986518859863 183
2.7457492351531982 183
2.762826442718506 183
2.775167465209961 183
2.783646821975708 183
2.793933391571045 183
2.8032422065734863 183
2.8121466636657715 183
2.8215534687042236 183
2.83072829246521 183
2.8396427631378174 183
2.849687337875366 183
2.858959674835205 183
2.868001937866211 183
2.877819776535034 183
2.8869926929473877 183
2.8969368934631348 183
2.9057068824768066 183
2.914963483810425 183
2.9235048294067383 183
2.932835340499878 182
2.941969156265259 182
2.951984167098999 182
2.9615273475646973 182
2.970672607421875 181
2.9800727367401123 181
2.989482879638672 181
2.9994986057281494 181
3.0088069438934326 181
3.0177721977233887 181
3.0268986225128174 181
3.035667657852173 181
3.0439789295196533 181
3.0550644397735596 181
3.063570022583008 181
3.0755584239959717 181
3.085296630859375 181
3.093623161315918 181
3.103611707687378 181
3.1128571033477783 181
3.122053623199463 181
3.1311261653900146 181
3.1400058269500732 181
3.1499104499816895 181
3.162984609603882 181
3.172034740447998 181
3.18149733543396 181
3.1912732124328613 181
3.2013301849365234 181
3.210543394088745 181
3.2194459438323975 181
3.2286927700042725 181
3.2378766536712646 181
3.2469348907470703 181
3.2569942474365234 181
3.2658026218414307 181
3.2749757766723633 181
3.2832772731781006 181
3.2929983139038086 181
3.303170680999756 181
3.312429189682007 181
3.3213050365448 181
3.3305177688598633 181
3.3394007682800293 181
3.348580837249756 181
3.3587663173675537 181
3.3710479736328125 181
3.379901885986328 181
3.3895933628082275 181
3.3988585472106934 181
3.4089224338531494 181
3.4188411235809326 181
3.4284162521362305 181
3.4375548362731934 181
3.4466302394866943 181
3.456566572189331 181
3.4653658866882324 181
3.4737401008605957 181
3.485863447189331 181
3.4955801963806152 181
3.505622386932373 181
3.513967275619507 181
3.523334264755249 181
3.532447576522827 181
3.5415945053100586 181
3.550703763961792 181
3.565178632736206 181
3.5738067626953125 181
3.5832252502441406 181
3.5990843772888184 181
3.6092309951782227 181
3.618459939956665 181
3.6274869441986084 181
3.6366121768951416 181
3.6454570293426514 181
3.653825521469116 181
3.6649386882781982 181
3.673292636871338 181
3.6824581623077393 181
3.6915223598480225 181
3.7021336555480957 181
3.7121317386627197 181
3.7215664386749268 181
3.7307286262512207 181
3.7396128177642822 181
3.7489192485809326 181
3.7579877376556396 181
3.7678921222686768 181
3.77726674079895 181
3.786146640777588 181
3.7951107025146484 181
3.8049683570861816 181
3.8150646686553955 181
3.823446035385132 181
3.832890510559082 181
3.8420088291168213 181
3.85115122795105 181
3.8611674308776855 181
3.8701224327087402 181
3.8794333934783936 181
3.8887224197387695 181
3.8978874683380127 181
3.907968521118164 181
3.9179742336273193 181
3.927091121673584 181
3.9358582496643066 181
3.945064067840576 181
3.953458786010742 181
3.96813702583313 181
3.977543592453003 181
3.987001895904541 181
3.9969685077667236 181
4.0065906047821045 181
4.016772747039795 181
4.025511026382446 181
4.033819913864136 181
4.043161869049072 181
4.052079916000366 181
4.061185359954834 181
4.071167707443237 181
4.080631256103516 181
4.089682579040527 181
4.0989251136779785 181
4.108604669570923 181
4.118695497512817 181
4.127718925476074 181
4.136968374252319 181
4.145734786987305 181
4.154968738555908 181
4.163732290267944 181
4.173779249191284 181
4.183039903640747 181
4.191943407058716 181
4.20122766494751 181
4.210925817489624 181
4.221031665802002 181
4.229962587356567 181
4.239194631576538 181
4.248155832290649 181
4.257588148117065 181
4.267521619796753 181
4.276649236679077 181
4.2854626178741455 181
4.293806791305542 181
4.30309271812439 181
4.3128557205200195 181
4.323077440261841 181
4.331978797912598 181
4.341093301773071 181
4.350147247314453 181
4.359429121017456 181
4.373298168182373 181
4.382779598236084 181
4.391909599304199 181
4.401054859161377 181
4.409942865371704 181
4.419918060302734 181
4.429219007492065 181
4.438699245452881 181
4.447777509689331 181
4.456913948059082 181
4.465670585632324 181
4.475736856460571 181
4.485092639923096 181
4.493510961532593 181
4.505497694015503 181
4.513841867446899 181
4.525038719177246 181
4.533461570739746 181
4.542809247970581 181
4.551814317703247 181
4.561077833175659 181
4.56998610496521 181
4.579976558685303 181
4.589261054992676 181
4.5985107421875 181
4.60774040222168 181
4.617584943771362 181
4.627673625946045 181
4.636823415756226 181
4.645630121231079 181
4.6539626121521 181
4.663270950317383 181
4.673309326171875 181
4.6827757358551025 181
4.691696882247925 181
4.701734781265259 181
4.710899114608765 181
4.72062349319458 181
4.730715990066528 181
4.739788055419922 181
4.749094486236572 181
4.759001731872559 181
4.778143405914307 181
4.790680408477783 181
4.803113698959351 181
4.816644668579102 181
4.830114364624023 181
4.840962886810303 181
4.850762128829956 181
4.859847545623779 181
4.869306325912476 181
4.879359483718872 181
4.88863205909729 181
4.897743225097656 181
4.906894207000732 181
4.9156622886657715 181
4.92557954788208 181
4.935644149780273 181
4.944503545761108 181
4.953325986862183 181
4.962535619735718 181
4.971581935882568 181
4.981782674789429 181
4.990919828414917 181
4.999934434890747 181
5.01059365272522 181
5.019500494003296 181
5.03003454208374 181
5.039445400238037 181
5.048773765563965 180
5.057789087295532 180
5.06700873374939 180
5.075794458389282 180
5.085859298706055 179
5.095073699951172 179
5.103620290756226 179
5.112882375717163 179
5.121812582015991 179
5.132830381393433 179
5.141807794570923 179
5.150932312011719 179
5.160006761550903 179
5.172957420349121 179
5.183165550231934 179
5.192439079284668 179
5.2015650272369385 179
5.210707426071167 179
5.21975302696228 179
5.228975534439087 179
5.239412069320679 179
5.248716115951538 179
5.257900238037109 179
5.267077922821045 179
5.275806665420532 179
5.286414384841919 179
5.295202016830444 179
5.303553342819214 179
5.312760591506958 179
5.321716785430908 179
5.3308539390563965 179
5.341541767120361 179
5.350640773773193 179
5.363911390304565 179
5.3769166469573975 179
5.38727593421936 179
5.396672487258911 179
5.405436038970947 179
5.413789510726929 179
5.425781011581421 179
5.436579942703247 179
5.4453840255737305 179
5.453711032867432 179
5.46315336227417 179
5.472047567367554 179
5.482558965682983 179
5.492633104324341 179
5.5016491413116455 179
5.510796070098877 179
5.519835948944092 179
5.529120445251465 179
5.539499521255493 179
5.548788070678711 179
5.557771921157837 179
5.570046663284302 179
5.579533815383911 179
5.589704751968384 179
5.600642204284668 179
5.609579563140869 179
5.618870735168457 179
5.62788987159729 179
5.6373937129974365 179
5.648133277893066 179
5.657371520996094 179
5.666473150253296 179
5.675276279449463 179
5.683600664138794 179
5.69361424446106 179
5.703807830810547 179
5.713084936141968 179
5.721988201141357 179
5.731120586395264 179
5.741154909133911 179
5.750936269760132 179
5.759958267211914 179
5.769250154495239 179
5.778668403625488 179
5.787693738937378 179
5.799107551574707 179
5.8117005825042725 179
5.820998907089233 179
5.829863786697388 179
5.839139223098755 179
5.849725008010864 179
5.858954191207886 179
5.8679585456848145 179
5.877441883087158 179
5.886515855789185 179
5.896552324295044 179
5.905343532562256 179
5.913792133331299 179
5.923081636428833 179
5.932016372680664 179
5.9412806034088135 179
5.951794624328613 179
5.96089243888855 179
5.973658800125122 179
5.983031749725342 179
5.995801210403442 179
6.00526762008667 179
6.013598680496216 179
6.022891283035278 179
6.031802415847778 179
6.041081428527832 179
6.051759958267212 179
6.060968399047852 179
6.069812297821045 179
6.0791237354278564 179
6.088122129440308 179
6.098114252090454 179
6.1073877811431885 179
6.1165995597839355 179
6.125385761260986 179
6.133705377578735 179
6.142982244491577 179
6.153388023376465 179
6.162524223327637 179
6.171716213226318 179
6.180936574935913 179
6.189849853515625 179
6.199949741363525 179
6.2092061042785645 179
6.218444585800171 179
6.2274394035339355 179
6.236683368682861 179
6.245439767837524 179
6.2561421394348145 179
6.2651283740997314 179
6.273481845855713 179
6.282768249511719 179
6.291746139526367 179
6.301804304122925 179
6.310939311981201 179
6.319829225540161 179
6.3291237354278564 179
6.338097095489502 179
6.347287654876709 179
6.357957124710083 179
6.370713949203491 179
6.379731893539429 179
6.389129638671875 179
6.39847207069397 179
6.408530235290527 179
6.417649269104004 179
6.426921367645264 179
6.435663223266602 179
6.443967342376709 179
6.453901290893555 179
6.463642358779907 179
6.4729015827178955 179
6.481959104537964 179
6.491059303283691 179
6.5024638175964355 179
6.511341333389282 179
6.52063512802124 179
6.529516696929932 179
6.538877725601196 179
6.547872543334961 179
6.558031797409058 179
6.567655801773071 179
6.5767810344696045 179
6.585568428039551 179
6.593916177749634 179
6.604917287826538 179
6.613327264785767 179
6.622442245483398 180
6.631301641464233 180
6.640544414520264 180
6.649453163146973 180
6.6596596240997314 181
6.669374227523804 181
6.678609371185303 181
6.687774419784546 181
6.696887493133545 180
6.707804203033447 180
6.717085838317871 180
6.725822925567627 180
6.735064506530762 180
6.743427515029907 180
6.752553701400757 180
6.762616395950317 180
6.77722954750061 180
6.786498785018921 180
6.7952728271484375 180
6.803771734237671 180
6.813748836517334 180
6.823172569274902 180
6.832066774368286 180
6.8432700634002686 180
6.856684446334839 180
6.870682954788208 180
6.88286018371582 180
6.8958611488342285 180
6.909257411956787 180
6.921326160430908 180
6.9339048862457275 180
6.9468090534210205 180
6.95563006401062 180
6.965813875198364 180
6.975490093231201 180
6.983794450759888 180
6.993069887161255 180
7.001937627792358 180
7.014995574951172 180
7.0236005783081055 180
7.03289532661438 180
7.041823387145996 180
7.050929307937622 180
7.059829950332642 180
7.0698394775390625 180
7.079721212387085 180
7.088954210281372 180
7.097973823547363 180
7.1070876121521 180
7.117095470428467 180
7.125840663909912 180
7.135007381439209 180
7.143463850021362 180
7.15261435508728 180
7.161603212356567 180
7.176754951477051 180
7.190994024276733 180
7.200522422790527 180
7.20958948135376 180
7.219560623168945 180
7.228794097900391 180
7.237799644470215 180
7.2469892501831055 180
7.255690574645996 180
7.265833616256714 180
7.275096654891968 180
7.283956050872803 180
7.293211221694946 180
7.302108287811279 180
7.311187744140625 180
7.32130765914917 180
7.330156326293945 180
7.339579820632935 180
7.348894357681274 180
7.361623048782349 180
7.380115985870361 180
7.399803400039673 180
7.419511556625366 180
7.439249277114868 180
7.458943605422974 180
7.476528644561768 180
7.48580265045166 180
7.495017051696777 180
7.503504037857056 180
7.512735605239868 180
7.531992197036743 180
7.548847913742065 180
7.558614015579224 180
7.567647457122803 180
7.58116340637207 180
7.590940237045288 180
7.600034236907959 180
7.609259366989136 180
7.618645191192627 180
7.628584861755371 180
7.637636184692383 180
7.646788835525513 180
7.655523300170898 180
7.663814306259155 180
7.67309045791626 180
7.683291435241699 180
7.693066358566284 180
7.703062295913696 180
7.7119855880737305 180
7.721093654632568 180
7.7312397956848145 180
7.740649700164795 180
7.749518632888794 180
7.758743047714233 180
7.768086910247803 180
7.777259826660156 180
7.787055492401123 180
7.796841382980347 180
7.805613994598389 180
7.813939094543457 180
7.823183059692383 180
7.8332695960998535 180
7.842386245727539 180
7.851239442825317 180
7.860698938369751 180
7.869577407836914 180
7.878858327865601 180
7.888935327529907 180
7.898670434951782 180
7.907695531845093 180
7.916919708251953 180
7.92566442489624 180
7.935642719268799 180
7.943970680236816 180
7.95326828956604 180
7.9625372886657715 180
7.971361398696899 180
7.986588954925537 180
7.995368242263794 180
8.005263805389404 180
8.01374626159668 180
8.022962808609009 180
8.035558700561523 180
8.044527530670166 180
8.053275346755981 180
8.062400341033936 180
8.071327447891235 180
8.08048939704895 180
8.090108871459961 180
8.099942207336426 180
8.109192371368408 180
8.118618249893188 180
8.127636432647705 180
8.137643814086914 180
8.146788358688354 180
8.155526399612427 180
8.164533615112305 180
8.173300981521606 180
8.182435750961304 180
8.192416429519653 180
8.201875925064087 180
8.211024284362793 180
8.22001838684082 180
8.229268789291382 180
8.239250183105469 180
8.248581409454346 180
8.257526159286499 180
8.266627550125122 180
8.275389194488525 180
8.28382396697998 180
8.29373025894165 180
8.303416013717651 180
8.31259822845459 180
8.321556568145752 180
8.330688238143921 180
8.34082555770874 180
8.349758625030518 180
8.35899806022644 180
8.367949962615967 180
8.381003379821777 180
8.391195297241211 180
8.400676488876343 180
8.410045385360718 180
8.419281959533691 180
8.428473711013794 180
8.437484741210938 180
8.447475671768188 180
8.456714153289795 180
8.465500354766846 180
8.473814725875854 180
8.483066082000732 180
8.493174076080322 180
8.502061605453491 180
8.511911630630493 180
8.521152973175049 180
8.530010461807251 180
8.541245460510254 180
8.550158262252808 180
8.559432744979858 180
8.568689107894897 180
8.577787160873413 180
8.58688497543335 180
8.596742153167725 180
8.60545015335083 180
8.615175724029541 180
8.623531103134155 180
8.63275146484375 180
8.642991542816162 180
8.651907920837402 180
8.660987615585327 180
8.669872760772705 180
8.679134130477905 180
8.688095808029175 180
8.69919204711914 180
8.70846939086914 180
8.717875719070435 180
8.727007865905762 180
8.735751152038574 180
8.745716571807861 180
8.754539728164673 180
8.763438701629639 180
8.772864580154419 180
8.786468982696533 180
8.796686887741089 180
8.805426120758057 180
8.813844442367554 180
8.82357120513916 180
8.832842588424683 180
8.841766595840454 180
8.851733922958374 180
8.860871076583862 180
8.869785785675049 180
8.879210233688354 180
8.88843822479248 180
8.898471355438232 180
8.907536506652832 180
8.917360305786133 180
8.929342985153198 180
8.941977262496948 180
8.956485748291016 180
8.968904495239258 180
8.980976343154907 180
8.993112564086914 180
9.007879734039307 180
9.017612218856812 180
9.027498722076416 180
9.036611318588257 180
9.04537320137024 180
9.057919263839722 180
9.067055463790894 180
9.075793981552124 180
9.084967851638794 180
9.093371629714966 180
9.103423833847046 180
9.112573862075806 180
9.121740341186523 180
9.13085651397705 180
9.139750242233276 180
9.148966073989868 180
9.159181356430054 180
9.168095350265503 180
9.17981481552124 180
9.189922571182251 180
9.201679468154907 180
9.210979461669922 180
9.219846725463867 180
9.229128360748291 180
9.238499641418457 180
9.24750018119812 180
9.25752592086792 180
9.266589641571045 180
9.27538013458252 180
9.28367280960083 180
9.29306173324585 180
9.303189039230347 180
9.312111139297485 180
9.32123613357544 180
9.330970287322998 180
9.339843511581421 180
9.349109411239624 180
9.359205722808838 180
9.368394374847412 180
9.377420902252197 180
9.386573553085327 180
9.395324468612671 180
9.40551209449768 180
9.41378927230835 180
9.423269033432007 180
9.433002471923828 180
9.441893339157104 180
9.451039791107178 180
9.461029767990112 180
9.469915866851807 180
9.479325294494629 180
9.488511323928833 180
9.497520446777344 180
9.507492065429688 180
9.516607999801636 180
9.525319337844849 180
9.53502869606018 180
9.543497085571289 180
9.552863359451294 180
9.563833475112915 180
9.573100566864014 180
9.586764574050903 180
9.595491647720337 180
9.604552507400513 180
9.615007400512695 180
9.623374938964844 180
9.63246464729309 180
9.641890287399292 180
9.651030778884888 180
9.661230325698853 180
9.670490503311157 180
9.67952561378479 180
9.688774585723877 180
9.697736024856567 180
9.70773434638977 180
9.717878341674805 180
9.726955890655518 180
9.736632585525513 180
9.74543309211731 180
9.753774166107178 180
9.76380968093872 180
9.773144006729126 180
9.782140254974365 180
9.791223526000977 180
9.8000967502594 180
9.809549808502197 180
9.819551706314087 180
9.828794479370117 180
9.837973594665527 180
9.847740411758423 180
9.856840372085571 180
9.866870880126953 180
9.875600576400757 180
9.88391375541687 180
9.893211841583252 180
9.902475595474243 180
9.91212797164917 180
9.921355247497559 180
9.930612325668335 180
9.939623832702637 180
9.949327945709229 180
9.958727598190308 180
9.968722343444824 180
9.977702617645264 180
9.990768671035767 180
9.999796152114868 180
