0 0
0.010956287384033203 0
0.024780988693237305 0
0.03389739990234375 1
0.0431210994720459 2
0.05262351036071777 4
0.06279468536376953 7
0.07165956497192383 10
0.08097028732299805 15
0.09033489227294922 20
0.10028409957885742 27
0.11496281623840332 34
0.12773513793945312 43
0.1404266357421875 51
0.15306425094604492 61
0.16729235649108887 71
0.17992448806762695 78
0.1898353099822998 86
0.19915199279785156 92
0.2086012363433838 100
0.2198793888092041 108
0.22939276695251465 114
0.23858237266540527 120
0.24741482734680176 128
0.256406307220459 136
0.26694178581237793 144
0.27541041374206543 150
0.2847306728363037 158
0.29389405250549316 166
0.30310678482055664 174
0.3138549327850342 182
0.3233523368835449 188
0.3325951099395752 196
0.3415970802307129 204
0.35109639167785645 210
0.3604278564453125 218
0.37076807022094727 226
0.37987780570983887 234
0.3892483711242676 240
0.39848852157592773 247
0.40735554695129395 260
0.42148923873901367 268
0.4310164451599121 274
0.4404757022857666 282
0.44968414306640625 288
0.45891451835632324 296
0.4692416191101074 301
0.4784731864929199 305
0.4873518943786621 308
0.4957396984100342 311
0.5051519870758057 313
0.5153028964996338 314
0.5250754356384277 313
0.5344703197479248 312
0.5436053276062012 310
0.5528721809387207 307
0.5618174076080322 304
0.5719566345214844 299
0.5815331935882568 294
0.5910217761993408 290
0.6004011631011963 284
0.6094975471496582 279
0.6195929050445557 272
0.6294169425964355 267
0.6386382579803467 260
0.6474940776824951 255
0.6569688320159912 248
0.6670842170715332 241
0.6755506992340088 235
0.6849408149719238 228
0.6939496994018555 220
0.7032015323638916 214
0.7128064632415771 204
0.7268965244293213 196
0.7353699207305908 190
0.7447385787963867 183
0.7537856101989746 177
0.7629585266113281 168
0.7731776237487793 162
0.7825338840484619 156
0.7915005683898926 151
0.8008263111114502 146
0.8146319389343262 141
0.8254125118255615 140
0.8349764347076416 139
0.8444728851318359 139
0.8535861968994141 140
0.8628044128417969 142
0.872938871383667 144
0.8831164836883545 148
0.8926146030426025 152
0.9015843868255615 156
0.9109258651733398 162
0.9199602603912354 167
0.930706262588501 173
0.9397625923156738 178
0.949171781539917 184
0.958359956741333 189
0.9672048091888428 196
0.9775445461273193 199
0.9868879318237305 203
0.9953138828277588 205
1.0046203136444092 207
1.0137789249420166 208
1.0238938331604004 207
1.0337340831756592 206
1.0429503917694092 204
1.0519793033599854 202
1.061375379562378 198
1.0708937644958496 194
1.0810856819152832 190
1.0905711650848389 184
1.0998163223266602 179
1.109138011932373 175
1.1184337139129639 171
1.1287124156951904 167
1.138608694076538 164
1.1474151611328125 162
1.1558215618133545 160
1.1651644706726074 160
1.175215482711792 160
1.1844534873962402 162
1.1936352252960205 164
1.202815294265747 166
1.2153654098510742 171
1.2256245613098145 176
1.2375550270080566 180
1.247004747390747 184
1.255542516708374 187
1.2649037837982178 190
1.2739031314849854 192
1.284255027770996 194
1.2931921482086182 195
1.302541732788086 195
1.3116929531097412 194
1.3210124969482422 192
1.3310410976409912 191
1.3408327102661133 188
1.3498945236206055 185
1.3593297004699707 183
1.368680715560913 180
1.3788104057312012 177
1.387695550918579 175
1.3969857692718506 172
1.405426025390625 171
1.414785385131836 170
1.4237494468688965 170
1.4339118003845215 170
1.443681001663208 170
1.4528543949127197 171
1.4618003368377686 172
1.471099853515625 174
1.481102466583252 176
1.4905951023101807 178
1.4996404647827148 180
1.5088298320770264 182
1.5176098346710205 184
1.5268750190734863 185
1.5370116233825684 186
1.5468595027923584 187
1.5555408000946045 187
1.5649116039276123 187
1.5739364624023438 186
1.5843002796173096 186
1.5934038162231445 185
1.6026499271392822 184
1.6118078231811523 182
1.6255245208740234 180
1.635840892791748 179
1.645698070526123 178
1.6550605297088623 177
1.6640093326568604 176
1.6734328269958496 176
1.6836094856262207 176
1.6928715705871582 176
1.701824426651001 176
1.7111425399780273 176
1.7204031944274902 177
1.7295777797698975 178
1.7405321598052979 178
1.7516064643859863 179
1.7608642578125 180
1.7698712348937988 181
1.779127836227417 181
1.789384365081787 182
1.7985339164733887 182
1.807380199432373 182
1.8157434463500977 182
1.825134038925171 182
1.8351597785949707 182
1.8444459438323975 182
1.8542532920837402 182
1.8631772994995117 181
1.8725433349609375 181
1.8827078342437744 180
1.8928163051605225 180
1.9017584323883057 180
1.9111781120300293 180
1.9203996658325195 180
1.9294438362121582 180
1.9394543170928955 180
1.9485924243927002 180
1.958392858505249 180
1.968949794769287 179
1.9776976108551025 179
1.9876646995544434 179
1.9969470500946045 179
2.0053186416625977 180
2.019376754760742 180
2.028769016265869 180
2.038879871368408 180
2.0476973056793213 179
2.0575220584869385 179
2.066418409347534 179
2.0751864910125732 179
2.0843276977539062 180
2.0945043563842773 180
2.103546380996704 180
2.112670660018921 180
2.1215708255767822 180
2.130835771560669 179
2.1410486698150635 179
2.150475263595581 180
2.1598968505859375 180
2.1691994667053223 180
2.178575038909912 180
2.1919634342193604 179
2.204503059387207 179
2.218266487121582 179
2.2304399013519287 180
2.2438783645629883 180
2.2576119899749756 180
2.269752264022827 179
2.2788960933685303 179
2.287735939025879 179
2.29827880859375 180
2.3071212768554688 180
2.3154799938201904 180
2.3248093128204346 180
2.3338494300842285 180
2.3438258171081543 179
2.3529915809631348 179
2.3631129264831543 179
2.3724119663238525 180
2.3813581466674805 180
2.3908119201660156 180
2.4010045528411865 180
2.409985303878784 180
2.4228622913360596 180
2.43184757232666 179
2.441333532333374 179
2.451627254486084 180
2.460944175720215 180
2.4707627296447754 180
2.4797370433807373 180
2.4888782501220703 180
2.498875141143799 180
2.5076301097869873 179
2.516942262649536 179
2.525329828262329 179
2.534797430038452 180
2.5479938983917236 180
2.55702543258667 180
2.5658161640167236 180
2.57529878616333 180
2.584479808807373 180
2.5935068130493164 180
2.6057560443878174 180
2.6150779724121094 180
2.6239898204803467 180
2.6334123611450195 180
2.6425397396087646 180
2.6525681018829346 180
2.6629488468170166 180
2.6732237339019775 180
2.6824769973754883 180
2.6915016174316406 180
2.701508045196533 180
2.7111434936523438 180
2.720402956008911 180
2.7303028106689453 180
2.740760087966919 180
2.750960111618042 180
2.759906530380249 180
2.769108295440674 180
2.7787554264068604 180
2.7874882221221924 180
2.7983498573303223 180
2.808504343032837 180
2.821068286895752 180
2.830441951751709 180
2.8395919799804688 180
2.8488194942474365 180
2.858802556991577 180
2.867570161819458 180
2.877487897872925 180
2.8875231742858887 180
2.895834445953369 180
2.9064085483551025 180
2.915153741836548 180
2.9244911670684814 180
2.9336440563201904 180
2.942798137664795 180
2.9528844356536865 180
2.961782693862915 180
2.971043586730957 180
2.98079514503479 180
2.989926815032959 180
2.999140977859497 180
3.009101152420044 180
3.017972707748413 180
3.0269758701324463 180
3.035322904586792 180
3.044786214828491 180
3.0549933910369873 180
3.063924789428711 180
3.0730597972869873 180
3.0828046798706055 180
3.0917093753814697 180
3.101015329360962 180
3.1112046241760254 180
3.1203722953796387 180
3.129443407058716 180
3.138554811477661 180
3.147310495376587 180
3.157360553741455 180
3.1657049655914307 180
3.1751630306243896 180
3.1850738525390625 180
3.1942434310913086 180
3.2031426429748535 180
3.2131752967834473 180
3.2264041900634766 180
3.23534893989563 180
3.2448081970214844 180
3.2538981437683105 180
3.2639176845550537 180
3.2730205059051514 180
3.2826876640319824 180
3.291778564453125 180
3.3026082515716553 180
3.3136239051818848 180
3.3227651119232178 180
3.331695079803467 180
3.3410496711730957 180
3.3507561683654785 180
3.3607070446014404 180
3.369716167449951 180
3.3788633346557617 180
3.388519763946533 180
3.397304058074951 180
3.4056975841522217 180
3.4168167114257812 180
3.4252049922943115 180
3.4344003200531006 180
3.4435882568359375 180
3.4527933597564697 180
3.46281361579895 180
3.471801996231079 180
3.481097936630249 180
3.4903523921966553 180
3.4994006156921387 180
3.5143558979034424 180
3.5234081745147705 180
3.532691717147827 180
3.5456836223602295 180
3.554943323135376 180
3.5714378356933594 180
3.59116530418396 180
3.6108009815216064 180
3.631699562072754 180
3.653158664703369 180
3.6714024543762207 180
3.683858633041382 180
3.6936357021331787 180
3.7029151916503906 180
3.711942195892334 180
3.730367422103882 180
3.7473137378692627 180
3.7571263313293457 180
3.7654964923858643 180
3.7749288082122803 180
3.785032033920288 180
3.793914794921875 180
3.803560495376587 180
3.8138515949249268 180
3.823005199432373 180
3.8331832885742188 180
3.8424477577209473 180
3.851356267929077 180
3.8606767654418945 180
3.8696584701538086 180
3.878798246383667 180
3.8897452354431152 180
3.8993895053863525 180
3.90852427482605 180
3.9173202514648438 180
3.9256999492645264 180
3.936365842819214 180
3.9451818466186523 180
3.95450496673584 180
3.9636881351470947 180
3.9728851318359375 180
3.9828929901123047 180
3.9918296337127686 180
4.001584768295288 180
4.011007308959961 180
4.023780345916748 180
4.0339744091033936 180
4.0434370040893555 180
4.0527331829071045 180
4.061668872833252 180
4.071128845214844 180
4.080374240875244 180
4.090631723403931 180
4.099619150161743 180
4.109434127807617 180
4.118591070175171 180
4.127355575561523 180
4.137588024139404 180
4.146820306777954 180
4.155267953872681 180
4.1644721031188965 180
4.173455476760864 180
4.182814121246338 180
4.192965507507324 180
4.201892375946045 180
4.211669445037842 180
4.22112512588501 180
4.230361461639404 180
4.240365266799927 180
4.249537944793701 180
4.259289264678955 180
4.271342039108276 180
4.283642292022705 180
4.29829740524292 180
4.311258554458618 180
4.3237974643707275 180
4.338737726211548 180
4.351318359375 180
4.360710859298706 180
4.369839429855347 180
4.378976821899414 180
4.387937307357788 180
4.397946357727051 180
4.406948566436768 180
4.415744304656982 180
4.4297034740448 180
4.438954591751099 180
4.449139833450317 180
4.458024263381958 180
4.467088460922241 180
4.475467920303345 180
4.484936952590942 180
4.4951770305633545 180
4.504328727722168 180
4.513830900192261 180
4.522915601730347 180
4.531814336776733 180
4.5486109256744385 180
4.560985565185547 180
4.570390462875366 180
4.579418897628784 180
4.588566303253174 180
4.59881854057312 180
4.6089928150177 180
4.618764162063599 180
4.6275434494018555 180
4.636415958404541 180
4.646895408630371 180
4.655286073684692 180
4.667325019836426 180
4.675817012786865 180
4.685088634490967 180
4.693993806838989 180
4.70428204536438 180
4.713186025619507 180
4.722910165786743 180
4.731995105743408 180
4.741408348083496 180
4.751417636871338 180
4.760730981826782 180
4.769750595092773 180
4.7788965702056885 180
4.787691831588745 180
4.797950983047485 180
4.8069679737091064 180
4.815337419509888 180
4.829566717147827 180
4.838846445083618 180
4.8492090702056885 180
4.858397722244263 180
4.86717677116394 180
4.875725507736206 180
4.885782241821289 180
4.895066976547241 180
4.905179500579834 180
4.914483547210693 180
4.923929452896118 180
4.933086395263672 180
4.942016839981079 180
4.952025890350342 180
4.96125602722168 180
4.970685243606567 180
4.97965931892395 180
4.988849401473999 180
4.997645854949951 180
5.008339166641235 180
5.017127275466919 180
5.0268635749816895 180
5.035382032394409 180
5.0446531772613525 180
5.054795742034912 180
5.06390905380249 180
5.073112487792969 180
5.082422733306885 180
5.0915021896362305 180
5.100787401199341 180
5.110856294631958 180
5.119934558868408 180
5.129817962646484 180
5.138966083526611 180
5.147728443145752 180
5.158346652984619 180
5.167134523391724 180
5.177464246749878 180
5.18580174446106 180
5.195085287094116 180
5.2051331996917725 180
5.214494228363037 180
5.223515272140503 180
5.238487243652344 180
5.247263193130493 180
5.257434606552124 180
5.266883134841919 180
5.27547025680542 180
5.284848690032959 180
5.293780088424683 180
5.302891731262207 180
5.312921047210693 180
5.321833848953247 180
5.331714153289795 180
5.340996026992798 180
5.350026369094849 180
5.360292673110962 180
5.369303464889526 180
5.378615379333496 180
5.387377500534058 180
5.396792411804199 180
5.405184507369995 180
5.4151647090911865 180
5.424322843551636 180
5.433804750442505 180
5.442939758300781 180
5.45197319984436 180
5.461956024169922 180
5.471238613128662 180
5.480494260787964 180
5.489545583724976 180
5.498709678649902 180
5.507471799850464 180
5.519481182098389 180
5.5286877155303955 180
5.538368225097656 180
5.547236680984497 180
5.555612564086914 180
5.5655810832977295 180
5.575024127960205 180
5.5839455127716064 180
5.593108654022217 180
5.602384090423584 180
5.61244010925293 180
5.621368169784546 180
5.634718179702759 180
5.6446309089660645 180
5.653840065002441 180
5.664271831512451 180
5.67318868637085 180
5.684280872344971 180
5.693819999694824 180
5.70296573638916 180
5.712975263595581 180
5.721885681152344 180
5.731160640716553 180
5.740424394607544 180
5.749930143356323 180
5.7591423988342285 180
5.769234895706177 180
5.778522729873657 180
5.788375616073608 180
5.797181129455566 180
5.805508613586426 180
5.815724611282349 180
5.825025796890259 180
5.833934545516968 180
5.843626260757446 180
5.852838039398193 180
5.861724615097046 180
5.871809482574463 180
5.881824493408203 180
5.8911292552948 180
5.900374174118042 180
5.909549713134766 180
5.919580936431885 180
5.928830623626709 180
5.937602758407593 180
5.947333812713623 180
5.955675840377808 180
5.965717554092407 180
5.97501540184021 180
5.983929634094238 180
5.9932050704956055 180
6.002484560012817 180
6.011383771896362 180
6.021429538726807 180
6.033973455429077 180
6.043498754501343 180
6.052899599075317 180
6.0619001388549805 180
6.0718467235565186 180
6.081164598464966 180
6.090415954589844 180
6.100744724273682 180
6.11362886428833 180
6.123639822006226 180
6.13280987739563 180
6.141714811325073 180
6.151457071304321 180
6.160754203796387 180
6.170953273773193 180
6.179921388626099 180
6.18970799446106 180
6.199428558349609 180
6.208566904067993 180
6.2173051834106445 180
6.2274250984191895 180
6.236806869506836 180
6.245164632797241 180
6.254950284957886 180
6.263869762420654 180
6.273909330368042 180
6.283069610595703 180
6.292526721954346 180
6.30158257484436 180
6.310853004455566 180
6.319873571395874 180
6.329915523529053 180
6.3397369384765625 180
6.351968050003052 180
6.3649303913116455 180
6.379509210586548 180
6.391421556472778 180
6.403627872467041 180
6.415817737579346 180
6.431889295578003 180
6.441365718841553 180
6.450807809829712 180
6.460672378540039 180
6.4698498249053955 180
6.479928970336914 180
6.489119529724121 180
6.497973442077637 180
6.507028579711914 180
6.515369892120361 180
6.525468587875366 180
6.534932851791382 180
6.5438454151153564 180
6.55295991897583 180
6.562824010848999 180
6.571762561798096 180
6.581744194030762 180
6.591153383255005 180
6.600397348403931 180
6.609407901763916 180
6.618556261062622 180
6.628582715988159 180
6.637312650680542 180
6.645686388015747 180
6.655148267745972 180
6.664927959442139 180
6.673834800720215 180
6.683881521224976 180
6.693164825439453 180
6.703989505767822 180
6.713808298110962 180
6.722933530807495 180
6.733008623123169 180
6.7419047355651855 180
6.751188516616821 180
6.760396718978882 180
6.7700066566467285 180
6.779963970184326 180
6.789210319519043 180
6.798345565795898 180
6.8071277141571045 180
6.815505027770996 180
6.824933290481567 180
6.839527368545532 180
6.848815202713013 180
6.857643365859985 180
6.867404937744141 180
6.8758018016815186 180
6.887411832809448 180
6.896780490875244 180
6.905170440673828 180
6.914312124252319 180
6.923186779022217 180
6.933363676071167 180
6.942561388015747 180
6.951624393463135 180
6.96092963218689 180
6.9699671268463135 180
6.97973108291626 180
6.989776134490967 180
6.998918056488037 180
7.0076844692230225 180
7.017084360122681 180
7.025487661361694 180
7.035539150238037 180
7.044851303100586 180
7.053788185119629 180
7.062909126281738 180
7.072775840759277 180
7.081809759140015 180
7.091873645782471 180
7.101154804229736 180
7.110375642776489 180
7.119409561157227 180
7.128673791885376 180
7.138704061508179 180
7.147489786148071 180
7.155849456787109 180
7.165094375610352 180
7.174842119216919 180
7.190827369689941 180
7.199866056442261 180
7.209784269332886 180
7.2194342613220215 180
7.228573560714722 180
7.2426793575286865 180
7.251859188079834 180
7.26125431060791 180
7.270545482635498 180
7.280335426330566 180
7.290254592895508 180
7.299350738525391 180
7.308650016784668 180
7.317424535751343 180
7.325793266296387 180
7.335094451904297 180
7.345288276672363 180
7.354625463485718 180
7.363613128662109 180
7.37288761138916 180
7.382660865783691 180
7.392754316329956 180
7.401669502258301 180
7.41100549697876 180
7.420280933380127 180
7.429417133331299 180
7.438567399978638 180
7.448589086532593 180
7.45732045173645 180
7.465789794921875 180
7.475237131118774 180
7.484971046447754 180
7.495218515396118 180
7.504372835159302 180
7.513221263885498 180
7.522479057312012 180
7.531402826309204 180
7.541471719741821 180
7.550943851470947 180
7.559910297393799 180
7.569155216217041 180
7.578363418579102 180
7.587612867355347 180
7.597707033157349 180
7.607092380523682 180
7.615579843521118 180
7.629883289337158 180
7.647671461105347 180
7.657031297683716 180
7.665539979934692 180
7.674948215484619 180
7.687325477600098 180
7.697371006011963 180
7.705708265304565 180
7.71505331993103 180
7.723992109298706 180
7.733426094055176 180
7.744704961776733 180
7.753684759140015 180
7.76286506652832 180
7.771808624267578 180
7.781074523925781 180
7.790843486785889 180
7.800874710083008 180
7.809870719909668 180
7.819111585617065 180
7.827975273132324 180
7.836992979049683 180
7.847004652023315 180
7.855525493621826 180
7.864944219589233 180
7.873854875564575 180
7.883860111236572 180
7.893640041351318 180
7.9036853313446045 180
7.912949800491333 180
7.921889543533325 180
7.931147575378418 180
7.940734624862671 180
7.95072865486145 180
7.95974588394165 180
7.970778465270996 180
7.979864120483398 180
7.9895970821380615 180
8.001662731170654 180
8.011004447937012 180
8.021026372909546 180
8.030442476272583 180
8.043222904205322 180
8.053534269332886 180
8.06282925605774 180
8.071727991104126 180
8.081006050109863 180
8.090416431427002 180
8.100866794586182 180
8.112913846969604 180
8.124451637268066 180
8.13346266746521 180
8.142972707748413 180
8.155011177062988 180
8.164724349975586 180
8.173656940460205 180
8.182792663574219 180
8.19170618057251 180
8.202627420425415 180
8.214680671691895 180
8.223651885986328 180
8.235185146331787 180
8.251049757003784 180
8.262644529342651 180
8.271683692932129 180
8.281007528305054 180
8.290294408798218 180
8.299764633178711 180
8.311050415039062 180
8.324264526367188 180
8.336411476135254 180
8.345167875289917 180
8.355175971984863 180
8.364343166351318 180
8.37335991859436 180
8.382715702056885 180
8.391802072525024 180
8.401054382324219 180
8.411629676818848 180
8.421943187713623 180
8.440414428710938 180
8.45282530784607 180
8.46758246421814 180
8.479851484298706 180
8.491821527481079 180
8.504343032836914 180
8.517609357833862 180
8.526836395263672 180
8.535560607910156 180
8.549581289291382 180
8.563998222351074 180
8.58536982536316 180
8.607529163360596 180
8.628785610198975 180
8.648521661758423 180
8.66567325592041 180
8.67636227607727 180
8.688854217529297 180
8.697644472122192 180
8.706905603408813 180
8.72854471206665 180
8.741523265838623 180
8.75388503074646 180
8.764389514923096 180
8.774696588516235 180
8.783682107925415 180
8.797945976257324 180
8.807717084884644 180
8.817612409591675 180
8.83076524734497 180
8.843634605407715 180
8.852876901626587 180
8.861900568008423 180
8.872403621673584 180
8.882471799850464 180
8.891386270523071 180
8.900835037231445 180
8.909877300262451 180
8.919623136520386 180
8.929847955703735 180
8.939131259918213 180
8.94829511642456 180
8.95710802078247 180
8.965490579605103 180
8.975553035736084 180
8.984838724136353 180
8.993917465209961 180
9.003049373626709 180
9.012359142303467 180
9.021717548370361 180
9.031936168670654 180
9.041165828704834 180
9.050524234771729 180
9.059598207473755 180
9.06873631477356 180
9.07878065109253 180
9.08755612373352 180
9.096797227859497 180
9.105180025100708 180
9.117333889007568 180
9.128288507461548 180
9.137125968933105 180
9.14548110961914 180
9.154737949371338 180
9.16384744644165 180
9.173153400421143 180
9.183141231536865 180
9.19465684890747 180
9.205142498016357 180
9.214297771453857 180
9.223880290985107 180
9.240848302841187 180
9.251022577285767 180
9.260427236557007 180
9.270349264144897 180
9.28193712234497 180
9.291403532028198 180
9.301113843917847 180
9.310393810272217 180
9.319793462753296 180
9.329842329025269 180
9.338990211486816 180
9.348346948623657 180
9.357177972793579 180
9.365537166595459 180
9.374827146530151 180
9.384846687316895 180
9.394925832748413 180
9.403868436813354 180
9.4131338596344 180
9.422618389129639 180
9.433189392089844 180
9.442462921142578 180
9.45140266418457 180
9.460696458816528 180
9.46984577178955 180
9.478997945785522 180
9.48910927772522 180
9.497974395751953 180
9.507006168365479 180
9.515354633331299 180
9.524603128433228 180
9.535166025161743 180
9.547642946243286 180
9.557119369506836 180
9.56551456451416 180
9.574838876724243 180
9.584929943084717 180
9.594021558761597 180
9.605246782302856 180
9.614403009414673 180
9.623661279678345 180
9.634418487548828 180
9.64849328994751 180
9.657313585281372 180
9.66920018196106 180
9.678892850875854 180
9.689437627792358 180
9.698588371276855 180
9.707372426986694 180
9.71640133857727 180
9.725161790847778 180
9.735602140426636 180
9.744918584823608 180
9.753886461257935 180
9.763041496276855 180
9.772445678710938 180
9.781371593475342 180
9.791413307189941 180
9.800711870193481 180
9.809866666793823 180
9.819135427474976 180
9.828397512435913 180
9.83879542350769 180
9.847554206848145 180
9.856417417526245 180
9.865495920181274 180
9.874813318252563 180
9.884838819503784 180
9.895026683807373 180
9.90395975112915 180
9.913116455078125 180
9.922005414962769 180
9.931307792663574 180
9.941938161849976 180
9.951327800750732 180
9.960633039474487 180
9.969645977020264 180
9.978774070739746 180
9.988765239715576 180
9.997541666030884 180
