0 0
0.004895210266113281 0
0.019778966903686523 1
0.028741121292114258 2
0.03921771049499512 4
0.048572540283203125 7
0.05819964408874512 11
0.06837129592895508 15
0.07708406448364258 20
0.08841490745544434 25
0.09761738777160645 31
0.10672879219055176 36
0.11632132530212402 42
0.1260378360748291 49
0.13642215728759766 54
0.1460111141204834 61
0.15552830696105957 68
0.1656484603881836 75
0.17496228218078613 82
0.18568706512451172 92
0.20000362396240234 99
0.2096867561340332 106
0.21880364418029785 112
0.22851896286010742 121
0.23888182640075684 126
0.24861836433410645 134
0.25821995735168457 142
0.2682311534881592 149
0.27694082260131836 156
0.28823018074035645 164
0.2969489097595215 171
0.30670714378356934 179
0.31643152236938477 185
0.3259918689727783 192
0.3352210521697998 198
0.345874547958374 204
0.3551943302154541 209
0.3648815155029297 214
0.37490320205688477 216
0.3843393325805664 219
0.39482545852661133 220
0.40430212020874023 220
0.4138972759246826 220
0.42324042320251465 219
0.4328134059906006 217
0.443603515625 214
0.45281982421875 211
0.46317267417907715 207
0.4744405746459961 204
0.48418188095092773 199
0.4947512149810791 196
0.5041940212249756 192
0.5137584209442139 188
0.5230154991149902 185
0.5326497554779053 182
0.5430631637573242 180
0.5526697635650635 178
0.5623188018798828 177
0.5719904899597168 176
0.5815269947052002 176
0.5908329486846924 176
0.6057484149932861 177
0.6151909828186035 178
0.6248805522918701 180
0.6342544555664062 181
0.6447403430938721 183
0.6541867256164551 184
0.6639165878295898 186
0.6731173992156982 188
0.6830999851226807 190
0.6937968730926514 191
0.7031679153442383 192
0.7127902507781982 193
0.7225360870361328 193
0.7321863174438477 194
0.7417821884155273 194
0.7521970272064209 194
0.7617521286010742 194
0.7710287570953369 194
0.7811317443847656 193
0.7906887531280518 193
0.8010692596435547 192
0.8106846809387207 192
0.8201174736022949 191
0.8298759460449219 191
0.8389697074890137 190
0.8499395847320557 190
0.8589508533477783 189
0.86846923828125 189
0.8780550956726074 188
0.8880250453948975 188
0.8983345031738281 188
0.9076497554779053 188
0.9166934490203857 188
0.9262068271636963 188
0.935640811920166 188
0.9449324607849121 188
0.9552617073059082 188
0.9649693965911865 188
0.974370002746582 188
0.9865493774414062 188
1.001729965209961 188
1.0111417770385742 188
1.0209100246429443 188
1.0303797721862793 188
1.0397207736968994 188
1.0499048233032227 188
1.058952808380127 188
1.0683951377868652 188
1.076988697052002 188
1.0867669582366943 188
1.0964748859405518 188
1.1067585945129395 188
1.1163177490234375 188
1.1346850395202637 188
1.144179344177246 188
1.163691520690918 188
1.1812129020690918 188
1.2042014598846436 188
1.2241787910461426 188
1.2441308498382568 188
1.266585111618042 188
1.2761683464050293 188
1.2855677604675293 188
1.2948806285858154 188
1.3129551410675049 188
1.3307280540466309 188
1.340907096862793 188
1.3506245613098145 188
1.3600287437438965 188
1.3703858852386475 188
1.3799412250518799 188
1.388974905014038 188
1.4028396606445312 188
1.4124858379364014 188
1.422844409942627 188
1.4324896335601807 188
1.4422175884246826 188
1.4517731666564941 188
1.4626696109771729 188
1.4731838703155518 188
1.4828410148620605 188
1.493070363998413 188
1.5032169818878174 188
1.512704610824585 188
1.5251309871673584 188
1.5388240814208984 188
1.5516488552093506 188
1.5641593933105469 188
1.5795671939849854 188
1.5927460193634033 188
1.6099259853363037 188
1.622143268585205 188
1.6317203044891357 188
1.6409976482391357 188
1.651050090789795 188
1.6609892845153809 188
1.6705186367034912 188
1.68086838722229 188
1.6903636455535889 188
1.7003579139709473 188
1.7100110054016113 188
1.721245288848877 188
1.7319059371948242 188
1.7415502071380615 188
1.7508153915405273 188
1.7602143287658691 188
1.7696752548217773 188
1.7800102233886719 188
1.7892487049102783 188
1.8024897575378418 188
1.8122315406799316 188
1.8219282627105713 188
1.8322913646697998 188
1.8418169021606445 188
1.8510801792144775 188
1.8607165813446045 188
1.8704416751861572 188
1.8807637691497803 188
1.8901994228363037 188
1.8997018337249756 188
1.9096400737762451 188
1.9186596870422363 188
1.9296483993530273 188
1.9386861324310303 188
1.948197841644287 188
1.9588768482208252 188
1.9684247970581055 188
1.9786665439605713 188
1.988396406173706 188
1.9970176219940186 188
2.0080790519714355 188
2.0167579650878906 188
2.0270843505859375 188
2.0367043018341064 188
2.046416997909546 188
2.0559821128845215 188
2.065182685852051 188
2.0746893882751465 188
2.0849952697753906 188
2.0943989753723145 188
2.1041207313537598 188
2.114213228225708 188
2.1237590312957764 188
2.1341373920440674 188
2.143663167953491 188
2.152829885482788 188
2.162605047225952 188
2.172179698944092 188
2.1824519634246826 188
2.192017078399658 188
2.205183744430542 188
2.215505599975586 188
2.22625732421875 188
2.236769199371338 188
2.2463138103485107 188
2.2558863162994385 188
2.2655293941497803 188
2.2748794555664062 188
2.2855637073516846 188
2.2948920726776123 188
2.3043034076690674 188
2.314314126968384 188
2.323915958404541 188
2.33418869972229 188
2.343980312347412 188
2.3531177043914795 188
2.3626348972320557 188
2.3721907138824463 188
2.381744384765625 188
2.3922626972198486 188
2.4019267559051514 188
2.4111876487731934 187
2.4211413860321045 187
2.4307196140289307 187
2.4410438537597656 187
2.450568675994873 186
2.460127830505371 186
2.4707300662994385 186
2.480133295059204 186
2.490388870239258 186
2.4998230934143066 186
2.5088400840759277 186
2.5188331604003906 185
2.5285959243774414 185
2.5396711826324463 185
2.5487122535705566 185
2.558246612548828 185
2.5669119358062744 185
2.5764269828796387 185
2.586918830871582 186
2.5964908599853516 186
2.6109516620635986 186
2.6210196018218994 186
2.630716562271118 185
2.6412246227264404 185
2.650905132293701 185
2.660442590713501 185
2.6698999404907227 185
2.678959846496582 185
2.689664602279663 185
2.698734760284424 185
2.7083990573883057 185
2.7170052528381348 185
2.7270164489746094 185
2.7406198978424072 185
2.749974489212036 185
2.7596521377563477 185
2.768726348876953 185
2.7782013416290283 185
2.786998987197876 185
2.7981796264648438 185
2.8067901134490967 185
2.8163695335388184 185
2.8264389038085938 185
2.83597731590271 185
2.8462700843811035 185
2.855691432952881 185
2.864962577819824 185
2.874361991882324 185
2.8841235637664795 185
2.8944156169891357 185
2.9040117263793945 185
2.913721799850464 185
2.922881841659546 185
2.932875394821167 185
2.9436919689178467 185
2.952864408493042 185
2.962482452392578 185
2.9720230102539062 185
2.9815449714660645 185
2.9908339977264404 185
3.0047481060028076 185
3.0142812728881836 185
3.0239903926849365 185
3.034101724624634 185
3.044729709625244 185
3.054218053817749 185
3.063915491104126 185
3.0730700492858887 185
3.0826234817504883 185
3.092154026031494 185
3.1024906635284424 185
3.112083911895752 185
3.1259098052978516 185
3.138124704360962 185
3.1485178470611572 185
3.158186197280884 185
3.1668074131011963 185
3.176492691040039 185
3.1870737075805664 185
3.198305130004883 185
3.2070531845092773 185
3.2165606021881104 185
3.2261297702789307 185
3.2360072135925293 185
3.2507877349853516 185
3.260214328765869 185
3.269695997238159 185
3.278761625289917 185
3.2882235050201416 185
3.2984960079193115 185
3.308201551437378 185
3.316772699356079 185
3.326307535171509 185
3.335843801498413 185
3.345085620880127 185
3.3556368350982666 185
3.3650455474853516 185
3.37441086769104 185
3.3839516639709473 185
3.39313006401062 185
3.408245325088501 185
3.416987895965576 185
3.4267618656158447 185
3.4365336894989014 185
3.446547746658325 185
3.456928014755249 185
3.468031644821167 185
3.476670503616333 185
3.4863412380218506 185
3.495865821838379 185
3.50616717338562 185
3.515641450881958 185
3.524930715560913 185
3.5343449115753174 185
3.544694423675537 185
3.555004835128784 185
3.56469464302063 185
3.5741331577301025 185
3.5836222171783447 185
3.592804431915283 185
3.6050970554351807 185
3.618687868118286 185
3.6312413215637207 185
3.6438839435577393 185
3.6600053310394287 185
3.6726348400115967 185
3.6851205825805664 185
3.6989684104919434 185
3.712926149368286 185
3.722674608230591 185
3.7384185791015625 185
3.748460531234741 185
3.760204792022705 185
3.7696614265441895 185
3.778721570968628 185
3.7884154319763184 185
3.7976250648498535 185
3.8120779991149902 185
3.82185959815979 185
3.831516981124878 185
3.840890645980835 185
3.8508331775665283 185
3.8611652851104736 185
3.870741605758667 185
3.880183696746826 185
3.889666795730591 185
3.898715019226074 185
3.9095699787139893 185
3.9186055660247803 185
3.9281857013702393 185
3.936856985092163 185
3.946401834487915 185
3.9581797122955322 185
3.966998815536499 185
3.9765515327453613 185
3.986088514328003 185
3.9955637454986572 185
4.004878759384155 185
4.015094041824341 184
4.024905681610107 184
4.0342936515808105 184
4.043845891952515 184
4.052992582321167 184
4.064094305038452 184
4.073217153549194 183
4.0829126834869385 183
4.092519044876099 183
4.102063179016113 183
4.112201452255249 183
4.121737718582153 183
4.130990743637085 183
4.14059853553772 183
4.150470495223999 183
4.16111159324646 183
4.170682907104492 183
4.180594444274902 183
4.189967632293701 183
4.199971437454224 183
4.214080095291138 183
4.224121332168579 183
4.234196424484253 183
4.244117498397827 183
4.253247499465942 183
4.2660791873931885 183
4.27599024772644 183
4.285196542739868 183
4.294731855392456 183
4.304961681365967 183
4.317005634307861 183
4.330419063568115 183
4.340009450912476 183
4.3492045402526855 183
4.359718322753906 183
4.3708460330963135 183
4.3804848194122314 183
4.3907365798950195 183
4.4007344245910645 183
4.410555839538574 183
4.4228949546813965 183
4.43318247795105 183
4.444042205810547 183
4.453205347061157 183
4.464205503463745 183
4.474907398223877 183
4.484333038330078 183
4.493855237960815 183
4.503206729888916 183
4.51268458366394 183
4.5229811668396 183
4.532533168792725 183
4.5420823097229 183
4.551529884338379 183
4.561007738113403 183
4.571979761123657 183
4.581258296966553 183
4.5907557010650635 183
4.600419282913208 183
4.613200426101685 183
4.624058485031128 183
4.633698225021362 183
4.642911911010742 183
4.652453422546387 183
4.661998510360718 183
4.672727108001709 183
4.682392358779907 183
4.6919004917144775 183
4.701163291931152 183
4.7106523513793945 183
4.721063852310181 183
4.730809926986694 183
4.740449666976929 183
4.74984073638916 183
4.758818864822388 183
4.76836633682251 183
4.780542373657227 183
4.789973497390747 183
4.799580335617065 183
4.808685779571533 183
4.818211793899536 183
4.828979015350342 183
4.8384881019592285 183
4.847672939300537 183
4.856697082519531 183
4.866376161575317 183
4.878448486328125 183
4.887059211730957 183
4.8965744972229 183
4.906125783920288 183
4.915531635284424 183
4.926090478897095 183
4.935532808303833 183
4.944864511489868 183
4.954208135604858 183
4.963720083236694 183
4.972908020019531 183
4.984158039093018 183
4.993803262710571 183
5.003000736236572 183
5.01621675491333 183
5.025876045227051 183
5.036314249038696 183
5.046057462692261 183
5.055489540100098 183
5.064744234085083 183
5.074110984802246 183
5.084991693496704 183
5.09440279006958 183
5.1040918827056885 183
5.113629579544067 183
5.12291407585144 183
5.133204936981201 183
5.142747163772583 183
5.152317047119141 183
5.161940813064575 183
5.171228408813477 183
5.182241678237915 183
5.191784381866455 183
5.201045513153076 183
5.2105937004089355 183
5.220121383666992 183
5.229625463485718 183
5.239936113357544 183
5.248955965042114 183
5.258589506149292 183
5.2681005001068115 183
5.276814699172974 183
5.290841579437256 183
5.300235271453857 183
5.309684991836548 183
5.3187806606292725 183
5.328290700912476 183
5.339601993560791 183
5.349529027938843 183
5.358599662780762 183
5.36807107925415 183
5.376835584640503 183
5.388657569885254 183
5.3981773853302 183
5.406977653503418 183
5.421192169189453 183
5.430893182754517 183
5.441233396530151 183
5.4507458209991455 183
5.460413694381714 183
5.470744609832764 183
5.4801554679870605 183
5.490999937057495 183
5.500486135482788 183
5.510010004043579 183
5.519601345062256 183
5.528695583343506 183
5.538965225219727 183
5.548443078994751 183
5.557657480239868 183
5.566678285598755 183
5.576213598251343 183
5.586018323898315 183
5.596762418746948 183
5.606323957443237 183
5.615886926651001 183
5.625095367431641 183
5.635696172714233 183
5.646655082702637 183
5.656188488006592 183
5.6656272411346436 183
5.674961090087891 183
5.686342477798462 183
5.702115297317505 183
5.71439790725708 183
5.729251861572266 183
5.744878053665161 183
5.758801698684692 183
5.778097152709961 183
5.786837100982666 182
5.800705432891846 182
5.813675403594971 182
5.823163032531738 182
5.8328166007995605 182
5.843226194381714 182
5.852768421173096 182
5.862293004989624 182
5.87177848815918 182
5.881183385848999 182
5.890693426132202 182
5.902699708938599 182
5.912247896194458 182
5.921750545501709 182
5.931007385253906 182
5.940673351287842 182
5.9510416984558105 182
5.960528612136841 182
5.969908714294434 182
5.978918790817261 182
5.988415718078613 182
5.998788833618164 182
6.008936643600464 182
6.018412113189697 182
6.026992321014404 182
6.036700963973999 182
6.046866178512573 182
6.056406021118164 182
6.0660765171051025 182
6.0755133628845215 182
6.08486270904541 182
6.094242095947266 182
6.105187892913818 182
6.1147143840789795 182
6.128878831863403 182
6.138733386993408 182
6.152206659317017 182
6.172165155410767 182
6.191201686859131 182
6.215717792510986 182
6.235960245132446 182
6.256042718887329 182
6.27111554145813 182
6.280646562576294 182
6.2901647090911865 182
6.299934387207031 182
6.319865465164185 182
6.33687686920166 182
6.346911668777466 182
6.356404066085815 182
6.366132497787476 182
6.376365661621094 182
6.385878086090088 182
6.395125150680542 182
6.404683589935303 182
6.4146857261657715 182
6.42510986328125 182
6.434678554534912 182
6.44409704208374 182
6.453261137008667 182
6.463847875595093 182
6.474094867706299 182
6.483762264251709 182
6.4929728507995605 182
6.502481698989868 182
6.512507677078247 182
6.522865533828735 182
6.5324907302856445 182
6.542213439941406 182
6.551940441131592 182
6.5611677169799805 182
6.571621417999268 182
6.580997705459595 182
6.590485334396362 182
6.600021123886108 182
6.609579563140869 182
6.624091386795044 182
6.633761167526245 182
6.643043518066406 182
6.652603387832642 182
6.662293910980225 182
6.671807765960693 182
6.682314872741699 182
6.691831111907959 182
6.701075792312622 182
6.710641384124756 182
6.720835208892822 182
6.731148958206177 182
6.740681409835815 182
6.7500786781311035 182
6.759595155715942 182
6.768646240234375 182
6.7788496017456055 182
6.788539409637451 182
6.797677993774414 182
6.806809425354004 182
6.818433523178101 182
6.829721927642822 182
6.838777542114258 182
6.8484416007995605 182
6.857058525085449 182
6.866574287414551 182
6.876950263977051 182
6.886553525924683 182
6.896132946014404 182
6.905738830566406 182
6.915081977844238 182
6.9251134395599365 182
6.935688734054565 182
6.945111513137817 181
6.954675674438477 181
6.964289426803589 181
6.97382116317749 181
6.9840919971466064 180
6.993260622024536 180
7.002760410308838 180
7.012258768081665 180
7.026554584503174 180
7.036936044692993 180
7.046573877334595 180
7.056069612503052 180
7.065211772918701 180
7.0748841762542725 180
7.085494518280029 180
7.094769239425659 180
7.104180097579956 180
7.113667011260986 180
7.122809648513794 180
7.133812665939331 180
7.143018960952759 180
7.152571439743042 180
7.162118196487427 180
7.171575546264648 180
7.181856155395508 180
7.1911375522613525 180
7.200827360153198 180
7.210233688354492 180
7.219693183898926 180
7.229642629623413 180
7.239893913269043 180
7.248924970626831 180
7.25843071937561 180
7.268020868301392 180
7.276626825332642 180
7.28683066368103 180
7.296351909637451 180
7.305863618850708 180
7.315068483352661 180
7.326777219772339 180
7.338737487792969 180
7.348191738128662 180
7.356764078140259 180
7.3663575649261475 180
7.375739097595215 180
7.386344909667969 180
7.395847797393799 180
7.4050633907318115 180
7.4187822341918945 180
7.428438663482666 180
7.438812255859375 180
7.448549747467041 180
7.4576616287231445 180
7.469760894775391 180
7.478764533996582 180
7.489560604095459 180
7.498568296432495 180
7.508188009262085 180
7.51678991317749 180
7.528164625167847 180
7.544344425201416 180
7.553955554962158 180
7.563222169876099 180
7.572724103927612 180
7.58324933052063 180
7.5948920249938965 180
7.604291915893555 180
7.613787889480591 180
7.623056888580322 180
7.632541656494141 180
7.645077228546143 180
7.654460430145264 180
7.66399359703064 180
7.673077344894409 180
7.68280291557312 180
7.6929802894592285 180
7.703875541687012 180
7.713106632232666 180
7.722764492034912 180
7.732269525527954 180
7.743118047714233 180
7.752655267715454 180
7.763748645782471 180
7.776901721954346 180
7.79181170463562 180
7.804224967956543 180
7.822471857070923 180
7.835641145706177 180
7.850441217422485 180
7.85995626449585 180
7.868945121765137 180
7.8784096240997314 180
7.886994361877441 180
7.8981945514678955 180
7.906771421432495 180
7.916266202926636 180
7.926116228103638 180
7.935553073883057 180
7.946431398391724 180
7.955953598022461 180
7.965102910995483 180
7.9746739864349365 180
7.984215974807739 180
7.994609117507935 180
8.00401258468628 180
8.013122081756592 180
8.022611379623413 180
8.032150983810425 180
8.041897058486938 180
8.052481174468994 180
8.0619797706604 180
8.071223974227905 180
8.080666065216064 180
8.090013027191162 180
8.100577354431152 180
8.110047101974487 180
8.119529962539673 180
8.13116455078125 180
8.14125943183899 180
8.152252197265625 180
8.16193699836731 180
8.17114806175232 180
8.181494235992432 180
8.1911940574646 180
8.201653003692627 180
8.210901498794556 180
8.224188804626465 180
8.233813285827637 180
8.245021343231201 180
8.25648832321167 180
8.266022682189941 180
8.275213956832886 180
8.284867763519287 180
8.294250249862671 180
8.304604291915894 180
8.313982248306274 180
8.323115825653076 180
8.33264708518982 180
8.342305898666382 180
8.352516889572144 180
8.362476825714111 180
8.372133016586304 180
8.381604194641113 180
8.390845537185669 180
8.40108060836792 180
8.410598754882812 180
8.419987440109253 180
8.428932189941406 180
8.43842077255249 180
8.447020530700684 180
8.458680391311646 180
8.469532251358032 180
8.478587627410889 180
8.488035678863525 180
8.496675729751587 180
8.507600784301758 180
8.516592741012573 180
8.52620267868042 180
8.536144733428955 180
8.545505046844482 180
8.555676937103271 180
8.565693378448486 180
8.57495379447937 180
8.584418535232544 180
8.593949556350708 180
8.604206800460815 180
8.613713026046753 180
8.626418828964233 180
8.636182069778442 180
8.645925283432007 180
8.656434059143066 180
8.66649866104126 180
8.675951957702637 180
8.685132265090942 180
8.694694519042969 180
8.705074071884155 180
8.714687585830688 180
8.724097490310669 180
8.7332284450531 180
8.74273157119751 180
8.753204584121704 180
8.764094591140747 180
8.77411699295044 180
8.783234357833862 180
8.792698860168457 180
8.802197694778442 180
8.812501907348633 180
8.82222318649292 180
8.831761121749878 180
8.841001749038696 180
8.850436687469482 180
8.860692739486694 180
8.870638370513916 180
8.88015341758728 180
8.889784812927246 180
8.898783922195435 180
8.90922498703003 180
8.918563604354858 180
8.927652835845947 180
8.936596393585205 180
8.946272134780884 180
8.955723524093628 180
8.966113805770874 180
8.976168394088745 180
8.985550165176392 180
8.99483609199524 180
9.004307270050049 180
9.014678239822388 180
9.028438329696655 180
9.038094758987427 180
9.046836137771606 180
9.056461095809937 180
9.066815376281738 180
9.076825618743896 180
9.086343050003052 180
9.095746040344238 180
9.104995012283325 180
9.115221500396729 180
9.124875783920288 180
9.134182453155518 180
9.143625020980835 180
9.152956247329712 180
9.163203239440918 180
9.172708511352539 180
9.182896137237549 180
9.192416191101074 180
9.202088594436646 180
9.211557149887085 180
9.221827507019043 180
9.231024026870728 180
9.240673542022705 180
9.250041723251343 180
9.259716510772705 180
9.271997690200806 180
9.28212022781372 180
9.291602611541748 180
9.301010131835938 180
9.31043028831482 180
9.320754766464233 180
9.330163955688477 180
9.339625835418701 180
9.348624229431152 180
9.35812497138977 180
9.368576765060425 180
9.377664566040039 180
9.38803505897522 180
9.396649599075317 180
9.406143426895142 180
9.416533708572388 180
9.430955648422241 180
9.440614938735962 180
9.450042247772217 180
9.459249496459961 180
9.470569133758545 180
9.480028867721558 180
9.489953994750977 180
9.49896764755249 180
9.508435249328613 180
9.518736600875854 180
9.52825927734375 180
9.536855697631836 180
9.548738718032837 180
9.558281898498535 180
9.566892623901367 180
9.577054500579834 180
9.587024927139282 180
9.596561670303345 180
9.606207132339478 180
9.615576028823853 180
9.625946521759033 180
9.63510775566101 180
9.644463539123535 180
9.654025554656982 180
9.663606643676758 180
9.673905849456787 180
9.683076858520508 180
9.693042755126953 180
9.70250129699707 180
9.712090253829956 180
9.722473621368408 180
9.732023477554321 180
9.741593837738037 180
9.750842332839966 180
9.760218143463135 180
9.769923210144043 180
9.781177759170532 180
9.791136980056763 180
9.80082631111145 180
9.810214042663574 180
9.819655656814575 180
9.83319878578186 180
9.844360113143921 180
9.858235359191895 180
9.871145725250244 180
9.884608745574951 180
9.898525953292847 180
9.911847829818726 180
9.92436695098877 180
9.934127807617188 180
9.943603992462158 180
9.952762126922607 180
9.962450504302979 180
9.97193717956543 180
9.982216119766235 180
9.991770505905151 180
