0 0
0.006051540374755859 0
0.01992011070251465 0
0.029328107833862305 1
0.039519548416137695 3
0.04870128631591797 6
0.05832314491271973 9
0.06765580177307129 14
0.07766985893249512 22
0.09320068359375 27
0.10218429565429688 33
0.11148500442504883 40
0.12053656578063965 46
0.13005399703979492 52
0.14031982421875 61
0.14987492561340332 67
0.15942740440368652 74
0.16873717308044434 82
0.17876648902893066 90
0.1883068084716797 98
0.19861555099487305 106
0.20817184448242188 112
0.2176222801208496 121
0.2270982265472412 129
0.2364497184753418 138
0.24709153175354004 146
0.2563750743865967 154
0.26598429679870605 162
0.27597641944885254 169
0.28551793098449707 179
0.2964496612548828 187
0.30597662925720215 193
0.31551504135131836 199
0.32462573051452637 205
0.33408212661743164 209
0.3443002700805664 212
0.35402989387512207 215
0.36410069465637207 216
0.3739612102508545 216
0.3839230537414551 216
0.39432692527770996 214
0.40387439727783203 212
0.41347193717956543 209
0.4230213165283203 206
0.43155574798583984 201
0.44060230255126953 196
0.45151209831237793 191
0.4605987071990967 186
0.4701499938964844 181
0.4803040027618408 175
0.4960193634033203 170
0.5057070255279541 167
0.5153317451477051 164
0.5244183540344238 162
0.5340640544891357 161
0.543555736541748 161
0.5538320541381836 161
0.5633316040039062 162
0.5721480846405029 163
0.5817093849182129 165
0.5907495021820068 167
0.6016616821289062 170
0.6106469631195068 172
0.6201984882354736 174
0.6296753883361816 177
0.6391215324401855 180
0.6494519710540771 182
0.6590590476989746 185
0.6683390140533447 186
0.6779050827026367 188
0.6879391670227051 189
0.6973323822021484 189
0.7076172828674316 190
0.7259361743927002 189
0.7355930805206299 188
0.7453646659851074 188
0.7556760311126709 186
0.765204906463623 185
0.77571702003479 183
0.7866449356079102 182
0.7961573600769043 180
0.8065340518951416 179
0.8160262107849121 178
0.8255393505096436 177
0.8359360694885254 176
0.8454537391662598 176
0.8557343482971191 176
0.8652143478393555 175
0.8742208480834961 175
0.8837049007415771 176
0.8976442813873291 176
0.9081552028656006 176
0.9177801609039307 177
0.9270813465118408 177
0.9362859725952148 178
0.9458475112915039 178
0.9561984539031982 179
0.9656648635864258 179
0.9749925136566162 180
0.9840927124023438 180
0.9939701557159424 180
1.004106044769287 180
1.0136733055114746 180
1.0230281352996826 180
1.0322151184082031 180
1.0417265892028809 180
1.0515382289886475 180
1.0631206035614014 180
1.0716705322265625 180
1.0831773281097412 180
1.0927164554595947 180
1.102205753326416 180
1.113025426864624 180
1.123565435409546 180
1.1334381103515625 180
1.1444754600524902 180
1.1538732051849365 180
1.1640963554382324 180
1.173654317855835 180
1.1830148696899414 180
1.1915409564971924 180
1.201413869857788 180
1.2117080688476562 180
1.2214007377624512 180
1.2303111553192139 180
1.24373197555542 180
1.25612473487854 180
1.2697374820709229 180
1.2832286357879639 180
1.3017113208770752 180
1.3161640167236328 180
1.3291420936584473 180
1.3417489528656006 180
1.3549904823303223 180
1.3653900623321533 180
1.3744471073150635 180
1.383927583694458 180
1.3933448791503906 180
1.403261423110962 180
1.4134864807128906 180
1.4226114749908447 180
1.4313514232635498 180
1.440317153930664 180
1.4497194290161133 180
1.4591217041015625 180
1.469395637512207 180
1.4785752296447754 180
1.4879589080810547 180
1.4974033832550049 180
1.5071146488189697 180
1.5174140930175781 180
1.526426076889038 180
1.5358750820159912 180
1.545381784439087 180
1.5544140338897705 180
1.5650429725646973 180
1.5740385055541992 180
1.583451271057129 180
1.5922083854675293 180
1.601139783859253 180
1.6105961799621582 180
1.6214113235473633 180
1.6303632259368896 180
1.63975191116333 180
1.649183988571167 180
1.6583213806152344 180
1.6685247421264648 180
1.678088903427124 180
1.6873552799224854 180
1.700265645980835 180
1.7102890014648438 180
1.7206528186798096 180
1.7301838397979736 180
1.7397422790527344 180
1.7493445873260498 180
1.7585229873657227 180
1.7686524391174316 180
1.7780370712280273 180
1.7873289585113525 180
1.7965176105499268 180
1.8058772087097168 180
1.8165719509124756 180
1.826202154159546 180
1.8355937004089355 180
1.8446099758148193 180
1.8540763854980469 180
1.8640296459197998 180
1.874624252319336 180
1.8839306831359863 180
1.8933541774749756 180
1.9017276763916016 180
1.9106874465942383 180
1.922116756439209 180
1.9306855201721191 180
1.94010591506958 180
1.9494996070861816 180
1.9587509632110596 180
1.9703571796417236 180
1.9799346923828125 180
1.9893195629119873 180
1.998521089553833 180
2.0079057216644287 180
2.017650842666626 180
2.0278398990631104 180
2.0372211933135986 180
2.046248197555542 180
2.05568790435791 180
2.064650774002075 180
2.0752382278442383 180
2.08432936668396 180
2.0975546836853027 180
2.1066768169403076 180
2.1162030696868896 180
2.1273133754730225 180
2.1363601684570312 180
2.145789861679077 180
2.155428886413574 180
2.1643080711364746 180
2.174348831176758 180
2.1837093830108643 180
2.1930530071258545 180
2.201521635055542 180
2.2104783058166504 180
2.220506191253662 180
2.230597496032715 180
2.240086078643799 180
2.249480724334717 180
2.258687973022461 180
2.268066883087158 180
2.278355121612549 180
2.287801504135132 180
2.298029899597168 180
2.3073184490203857 180
2.3163652420043945 180
2.327474594116211 180
2.336622714996338 180
2.3462064266204834 180
2.35568904876709 180
2.3650290966033936 180
2.3760905265808105 180
2.3862738609313965 180
2.3958022594451904 180
2.4052207469940186 180
2.4141807556152344 180
2.424025774002075 180
2.4344077110290527 180
2.4438040256500244 180
2.453310966491699 180
2.4617223739624023 180
2.4706459045410156 180
2.4814982414245605 180
2.490476131439209 180
2.504408836364746 180
2.513969659805298 180
2.5234620571136475 180
2.5340771675109863 180
2.5435335636138916 180
2.552678346633911 180
2.5612566471099854 180
2.5702052116394043 180
2.5804717540740967 180
2.5898749828338623 180
2.5992870330810547 180
2.608574628829956 180
2.618027448654175 180
2.6273210048675537 180
2.638115167617798 180
2.647416114807129 180
2.6564011573791504 180
2.6658291816711426 180
2.6751723289489746 180
2.6854424476623535 180
2.6945912837982178 180
2.7038817405700684 180
2.7132680416107178 180
2.7217113971710205 180
2.733473539352417 180
2.742990493774414 180
2.7515835762023926 180
2.7605345249176025 180
2.7699666023254395 180
2.7794127464294434 180
2.7895426750183105 180
2.7986607551574707 180
2.8080804347991943 180
2.817504644393921 180
2.8264994621276855 180
2.8375351428985596 180
2.8465874195098877 180
2.8560047149658203 180
2.865523338317871 180
2.8747382164001465 180
2.8859705924987793 180
2.8984930515289307 180
2.9083786010742188 180
2.9182608127593994 180
2.928208351135254 180
2.9395463466644287 180
2.9487199783325195 180
2.9584848880767822 180
2.9686970710754395 180
2.9790871143341064 180
2.9897255897521973 180
2.999284267425537 180
3.0091631412506104 180
3.0183372497558594 180
3.0282037258148193 180
3.038323402404785 180
3.048316717147827 180
3.0578408241271973 180
3.067091941833496 180
3.076215982437134 180
3.0856568813323975 180
3.0958688259124756 180
3.1052441596984863 180
3.1143059730529785 180
3.123873710632324 180
3.1333861351013184 180
3.144057512283325 180
3.153477191925049 180
3.1622402667999268 180
3.171334981918335 180
3.180332660675049 180
3.190359354019165 180
3.1997904777526855 180
3.2091875076293945 180
3.218360185623169 180
3.2276804447174072 180
3.237196207046509 180
3.2478790283203125 180
3.257279396057129 180
3.2663135528564453 180
3.2757277488708496 180
3.285142660140991 180
3.299694538116455 180
3.3091702461242676 180
3.320441246032715 180
3.334033250808716 180
3.34816575050354 180
3.3601861000061035 180
3.373732805252075 180
3.38600754737854 180
3.399897813796997 180
3.4138848781585693 180
3.4240617752075195 180
3.4334990978240967 180
3.4426767826080322 180
3.4535696506500244 180
3.4627532958984375 180
3.471553087234497 180
3.4805257320404053 180
3.4899423122406006 180
3.500077724456787 180
3.5095131397247314 180
3.519094705581665 180
3.528378963470459 180
3.537904739379883 180
3.5481321811676025 180
3.5580241680145264 180
3.567312717437744 180
3.5763731002807617 180
3.5857748985290527 180
3.601532220840454 180
3.610579013824463 180
3.620008945465088 180
3.6294500827789307 180
3.6386446952819824 180
3.6491289138793945 180
3.659092664718628 180
3.6682963371276855 180
3.677650213241577 180
3.6867194175720215 180
3.700646162033081 180
3.710225820541382 180
3.7244198322296143 180
3.7338643074035645 180
3.7434186935424805 180
3.760087013244629 180
3.7784271240234375 180
3.804144859313965 180
3.826479911804199 180
3.83809494972229 180
3.8473973274230957 180
3.85823917388916 180
3.8676345348358154 180
3.884760856628418 180
3.903489112854004 180
3.9142229557037354 180
3.92464017868042 180
3.93520450592041 180
3.9441072940826416 180
3.9537274837493896 180
3.9636518955230713 180
3.9733638763427734 180
3.9835777282714844 180
3.9927706718444824 180
4.001434564590454 180
4.010430812835693 180
4.01999831199646 180
4.029413223266602 180
4.039720296859741 180
4.049143552780151 180
4.058319330215454 180
4.068163633346558 180
4.077594518661499 180
4.087809801101685 180
4.10024619102478 180
4.109792709350586 180
4.119297742843628 180
4.128597021102905 180
4.1391706466674805 180
4.148349285125732 180
4.157781600952148 180
4.167635202407837 180
4.176701068878174 180
4.187288045883179 180
4.1964476108551025 180
4.205895900726318 180
4.215337514877319 180
4.224236011505127 180
4.233596086502075 180
4.243752717971802 180
4.253296136856079 180
4.26169753074646 180
4.271643877029419 180
4.28056788444519 180
4.293166637420654 180
4.301619529724121 180
4.310546159744263 180
4.320101976394653 180
4.329535722732544 180
4.339734315872192 180
4.349174737930298 180
4.358356475830078 180
4.367759466171265 180
4.378216743469238 180
4.388394832611084 180
4.397802352905273 180
4.406702995300293 180
4.416097164154053 180
4.4256415367126465 180
4.435895681381226 180
4.446073770523071 180
4.455522775650024 180
4.464432239532471 180
4.474223375320435 180
4.48359751701355 180
4.495208501815796 180
4.509139537811279 180
4.5186474323272705 180
4.5281898975372314 180
4.537655353546143 180
4.547954797744751 180
4.557479381561279 180
4.566500425338745 180
4.576298713684082 180
4.585716485977173 180
4.595909357070923 180
4.6053383350372314 180
4.614398241043091 180
4.623773574829102 180
4.633177757263184 180
4.643442630767822 180
4.652208566665649 180
4.66072940826416 180
4.670225620269775 180
4.680243015289307 180
4.689785957336426 180
4.699939966201782 180
4.7093565464019775 180
4.718531370162964 180
4.727939605712891 180
4.737428426742554 180
4.747773170471191 180
4.7582104206085205 180
4.767571449279785 180
4.776573657989502 180
4.786469459533691 180
4.7971274852752686 180
4.806229114532471 180
4.816094398498535 180
4.825521469116211 180
4.834438323974609 180
4.843844890594482 180
4.854174852371216 180
4.863600969314575 180
4.872998237609863 180
4.881448745727539 180
4.891270637512207 180
4.905976057052612 180
4.91560435295105 180
4.925055027008057 180
4.9341795444488525 180
4.943727493286133 180
4.9539384841918945 180
4.963346719741821 180
4.972236156463623 180
4.981268882751465 180
4.990710258483887 180
5.002686023712158 180
5.011697769165039 180
5.0206618309021 180
5.030089855194092 180
5.039687156677246 180
5.049804449081421 180
5.05916690826416 180
5.068324089050293 180
5.07785701751709 180
5.087635278701782 180
5.097099304199219 180
5.107318639755249 180
5.1163856983184814 180
5.125806093215942 180
5.135230541229248 180
5.144174098968506 180
5.154646873474121 180
5.16396951675415 180
5.173359394073486 180
5.182143449783325 180
5.1916725635528564 180
5.202685356140137 180
5.211428880691528 180
5.220443487167358 180
5.229882478713989 180
5.2392895221710205 180
5.248518228530884 180
5.258702278137207 180
5.268113136291504 180
5.277599573135376 180
5.286627769470215 180
5.297606945037842 180
5.311700105667114 180
5.3206565380096436 180
5.330199956893921 180
5.3398847579956055 180
5.349320888519287 180
5.359436511993408 180
5.368661165237427 180
5.378028869628906 180
5.387316465377808 180
5.399406433105469 180
5.414220571517944 180
5.42656397819519 180
5.439217805862427 180
5.453030824661255 180
5.466731071472168 180
5.479320764541626 180
5.489907741546631 180
5.49983286857605 180
5.509994983673096 180
5.5216875076293945 180
5.530651807785034 180
5.540088891983032 180
5.549490451812744 180
5.559746026992798 180
5.56920051574707 180
5.578516960144043 180
5.587908744812012 180
5.597383975982666 180
5.609513521194458 180
5.618682146072388 180
5.628089904785156 180
5.637492418289185 180
5.646534442901611 180
5.655991315841675 180
5.666148900985718 180
5.67557168006897 180
5.684618711471558 180
5.694062948226929 180
5.70778226852417 180
5.721742868423462 180
5.730651140213013 180
5.740373849868774 180
5.749797105789185 180
5.760042667388916 180
5.769518136978149 180
5.779735565185547 180
5.78918981552124 180
5.7983527183532715 180
5.80816912651062 180
5.818498611450195 180
5.827912330627441 180
5.839256048202515 180
5.848447561264038 180
5.857975244522095 180
5.868205308914185 180
5.877654314041138 180
5.886700630187988 180
5.896121263504028 180
5.90554666519165 180
5.916181564331055 180
5.925586223602295 180
5.9350810050964355 180
5.944069147109985 180
5.95596718788147 180
5.970683336257935 180
5.980156183242798 180
5.989682674407959 180
5.999213457107544 180
6.009155035018921 180
6.019702434539795 180
6.029163837432861 180
6.03832483291626 180
6.0476462841033936 180
6.057127237319946 180
6.067516803741455 180
6.0765790939331055 180
6.085973024368286 180
6.095461368560791 180
6.1083619594573975 180
6.119483947753906 180
6.128774404525757 180
6.138312816619873 180
6.1477649211883545 180
6.156724691390991 180
6.167381525039673 180
6.176543951034546 180
6.185967206954956 180
6.195387363433838 180
6.204295873641968 180
6.214078903198242 180
6.224310636520386 180
6.233813285827637 180
6.243326902389526 180
6.2517571449279785 180
6.260634899139404 180
6.270744800567627 180
6.2802207469940186 180
6.289679050445557 180
6.299960374832153 180
6.309423923492432 180
6.320026397705078 180
6.329468250274658 180
6.338672161102295 180
6.349182367324829 180
6.358485460281372 180
6.367968559265137 180
6.378329753875732 180
6.3876564502716064 180
6.396703720092773 180
6.406088590621948 180
6.415647506713867 180
6.426289081573486 180
6.435736656188965 180
6.4451587200164795 180
6.454077959060669 180
6.4634881019592285 180
6.473817586898804 180
6.483213663101196 180
6.491623401641846 180
6.500549554824829 180
6.515214204788208 180
6.5260679721832275 180
6.535731792449951 180
6.545142889022827 180
6.554050922393799 180
6.563473224639893 180
6.573643922805786 180
6.583096027374268 180
6.591731309890747 180
6.60068416595459 180
6.610160827636719 180
6.6195409297943115 180
6.630038022994995 180
6.6395745277404785 180
6.648694038391113 180
6.658223867416382 180
6.667580842971802 180
6.67790412902832 180
6.687211036682129 180
6.6962409019470215 180
6.705672264099121 180
6.715226650238037 180
6.724195718765259 180
6.73534083366394 180
6.744415998458862 180
6.753854274749756 180
6.763371467590332 180
6.7726523876190186 180
6.783127069473267 180
6.793059825897217 180
6.801530599594116 180
6.810500621795654 180
6.819940805435181 180
6.83060097694397 180
6.840220928192139 180
6.8496692180633545 180
6.860775947570801 180
6.870208978652954 180
6.880455255508423 180
6.88993501663208 180
6.899512052536011 180
6.913571357727051 180
6.923088073730469 180
6.933820724487305 180
6.943265438079834 180
6.952161073684692 180
6.960689544677734 180
6.970165729522705 180
6.980316162109375 180
6.989760637283325 180
6.99919319152832 180
7.008363962173462 180
7.0178868770599365 180
7.027326345443726 180
7.0379862785339355 180
7.047282457351685 180
7.056322813034058 180
7.0657384395599365 180
7.075256586074829 180
7.085502624511719 180
7.094420909881592 180
7.103804111480713 180
7.113222122192383 180
7.1216466426849365 180
7.130579471588135 180
7.142173767089844 180
7.1514623165130615 180
7.160432577133179 180
7.169867038726807 180
7.1793053150177 180
7.189438343048096 180
7.198694229125977 180
7.208118438720703 180
7.2174248695373535 180
7.226454734802246 180
7.23660945892334 180
7.246440887451172 180
7.256003141403198 180
7.26544976234436 180
7.274335861206055 180
7.283820629119873 180
7.2952563762664795 180
7.304214954376221 180
7.323824882507324 180
7.333379507064819 180
7.344016790390015 180
7.35343074798584 180
7.363293409347534 180
7.3732240200042725 180
7.381654262542725 180
7.392204999923706 180
7.401257038116455 180
7.410281658172607 180
7.4198384284973145 180
7.429233551025391 180
7.439584016799927 180
7.4493865966796875 180
7.4585442543029785 180
7.4679906368255615 180
7.479463815689087 180
7.494304418563843 180
7.506614685058594 180
7.519112586975098 180
7.5313639640808105 180
7.5464301109313965 180
7.558436632156372 180
7.5678205490112305 180
7.576716899871826 180
7.58616042137146 180
7.5964109897613525 180
7.605854511260986 180
7.615395545959473 180
7.624311447143555 180
7.633673667907715 180
7.643907785415649 180
7.653880834579468 180
7.663298845291138 180
7.672188758850098 180
7.680724620819092 180
7.6914496421813965 180
7.7004499435424805 180
7.7202467918396 180
7.730762481689453 180
7.742263555526733 180
7.7517595291137695 180
7.760702610015869 180
7.770192861557007 180
7.781733512878418 180
7.790654182434082 180
7.801490783691406 180
7.8105268478393555 180
7.819975137710571 180
7.8294079303741455 180
7.839672565460205 180
7.849878311157227 180
7.8597540855407715 180
7.869194269180298 180
7.878410577774048 180
7.887850761413574 180
7.898052453994751 180
7.90735387802124 180
7.916498184204102 180
7.92592716217041 180
7.935508728027344 180
7.9455718994140625 180
7.955576181411743 180
7.964614391326904 180
7.97406268119812 180
7.983478546142578 180
7.992677450180054 180
8.003135442733765 180
8.011626482009888 180
8.02056097984314 180
8.029958963394165 180
8.039523601531982 180
8.049741506576538 180
8.059584379196167 180
8.069165229797363 180
8.0783212184906 180
8.087674379348755 180
8.098088502883911 180
8.10748815536499 180
8.120324850082397 180
8.129878759384155 180
8.139399528503418 180
8.1496422290802 180
8.159664154052734 180
8.169051885604858 180
8.178186416625977 180
8.187507629394531 180
8.197455644607544 180
8.207765102386475 180
8.217265605926514 180
8.226316928863525 180
8.235716819763184 180
8.245059251785278 180
8.25536823272705 180
8.265055179595947 180
8.27416729927063 180
8.28357219696045 180
8.293778657913208 180
8.303964138031006 180
8.313350915908813 180
8.322625398635864 180
8.331443309783936 180
8.340443849563599 180
8.353849172592163 180
8.363653182983398 180
8.373101949691772 180
8.381551265716553 180
8.390539407730103 180
8.400095224380493 180
8.4102623462677 180
8.41993260383606 180
8.43007206916809 180
8.439509630203247 180
8.448665142059326 180
8.45917534828186 180
8.468767404556274 180
8.478562831878662 180
8.488390922546387 180
8.49781346321106 180
8.50806212425232 180
8.521376609802246 180
8.53032898902893 180
8.53988242149353 180
8.54940938949585 180
8.559598445892334 180
8.569526433944702 180
8.57901644706726 180
8.588378667831421 180
8.597805976867676 180
8.607871532440186 180
8.617095947265625 180
8.626206636428833 180
8.635774612426758 180
8.64518690109253 180
8.654085874557495 180
8.664269208908081 180
8.674328327178955 180
8.68368148803711 180
8.693181991577148 180
8.701642513275146 180
8.715965747833252 180
8.725488185882568 180
8.734420537948608 180
8.743956089019775 180
8.75348711013794 180
8.763642072677612 180
8.773439407348633 180
8.782755136489868 180
8.791430950164795 180
8.800474405288696 180
8.810666561126709 180
8.82024359703064 180
8.829674482345581 180
8.839068174362183 180
8.848347902297974 180
8.859539985656738 180
8.868769645690918 180
8.878706216812134 180
8.8881094455719 180
8.897505521774292 180
8.907605409622192 180
8.921414136886597 180
8.930443286895752 180
8.940065383911133 180
8.949590921401978 180
8.958770513534546 180
8.969338655471802 180
8.979264736175537 180
8.988480806350708 180
8.998037338256836 180
9.007326602935791 180
9.017579078674316 180
9.026582956314087 180
9.035970211029053 180
9.045451164245605 180
9.054601669311523 180
9.064709663391113 180
9.073959589004517 180
9.08385443687439 180
9.093236923217773 180
9.102176666259766 180
9.110709190368652 180
9.121431112289429 180
9.130443811416626 180
9.139914274215698 180
9.149335145950317 180
9.158653020858765 180
9.168776750564575 180
9.178321599960327 180
9.188081979751587 180
9.197414875030518 180
9.206414937973022 180
9.216651916503906 180
9.226081371307373 180
9.23560094833374 180
9.244608640670776 180
9.253941774368286 180
9.263329982757568 180
9.273544549942017 180
9.28276777267456 180
9.293686389923096 180
9.303080797195435 180
9.311578750610352 180
9.327403545379639 180
9.336572647094727 180
9.34607720375061 180
9.355646848678589 180
9.36753225326538 180
9.377284049987793 180
9.386326551437378 180
9.396140813827515 180
9.405555963516235 180
9.415019273757935 180
9.425201416015625 180
9.434120178222656 180
9.443576097488403 180
9.452757120132446 180
9.461430072784424 180
9.472119569778442 180
9.48068618774414 180
9.490544319152832 180
9.50009560585022 180
9.509505987167358 180
9.519692420959473 180
9.529210090637207 180
9.538518190383911 180
9.547926187515259 180
9.55955457687378 180
9.57377004623413 180
9.586435317993164 180
9.599467277526855 180
9.612725257873535 180
9.626466035842896 180
9.63873291015625 180
9.651426792144775 180
9.664641857147217 180
9.675197839736938 180
9.68416976928711 180
9.693589210510254 180
9.703478574752808 180
9.713043689727783 180
9.727275133132935 180
9.73642635345459 180
9.74606466293335 180
9.75566029548645 180
9.76471495628357 180
9.775290489196777 180
9.784232139587402 180
9.793827533721924 180
9.803648948669434 180
9.813111543655396 180
9.821532964706421 180
9.83224105834961 180
9.84126091003418 180
9.850226879119873 180
9.859671354293823 180
9.869120359420776 180
9.880073308944702 180
9.889690399169922 180
9.899793148040771 180
9.90933871269226 180
9.918516874313354 180
9.928738594055176 180
9.938157320022583 180
9.947502613067627 180
9.956701755523682 180
9.966064691543579 180
9.97550892829895 180
9.985735893249512 180
9.995159387588501 180
