0 0
0.006035804748535156 0
0.021630525588989258 0
0.031177282333374023 1
0.04059910774230957 3
0.04993104934692383 6
0.05937767028808594 9
0.06896209716796875 15
0.07929682731628418 19
0.08890032768249512 24
0.09806299209594727 31
0.10767459869384766 37
0.11722373962402344 46
0.13285303115844727 54
0.14256525039672852 61
0.1521129608154297 69
0.1617112159729004 76
0.17139220237731934 84
0.18182682991027832 92
0.19144606590270996 98
0.20090794563293457 106
0.2101302146911621 115
0.21975064277648926 123
0.23108291625976562 131
0.24080133438110352 140
0.2499556541442871 148
0.25956201553344727 154
0.26915860176086426 165
0.2793400287628174 171
0.2889988422393799 180
0.29818034172058105 190
0.311535120010376 195
0.3210313320159912 205
0.341200590133667 214
0.3629608154296875 217
0.38305044174194336 216
0.4025106430053711 215
0.41201305389404297 212
0.4216043949127197 209
0.4315321445465088 206
0.4409980773925781 196
0.4601433277130127 186
0.4773705005645752 181
0.48731231689453125 177
0.4970090389251709 171
0.5072808265686035 168
0.5168414115905762 163
0.5308902263641357 161
0.5401849746704102 159
0.5498101711273193 158
0.5606651306152344 158
0.5697989463806152 159
0.5792868137359619 160
0.5889678001403809 162
0.5981571674346924 165
0.6088197231292725 168
0.6180262565612793 171
0.627596378326416 174
0.6375813484191895 177
0.6472852230072021 180
0.6575405597686768 182
0.66701340675354 184
0.6765730381011963 186
0.6851046085357666 188
0.694666862487793 189
0.7038583755493164 190
0.7147223949432373 190
0.7238218784332275 190
0.733832597732544 190
0.7434020042419434 189
0.7529501914978027 188
0.7634484767913818 186
0.7731552124023438 185
0.7828202247619629 183
0.7921712398529053 182
0.801741361618042 180
0.8120672702789307 179
0.821596622467041 178
0.8311967849731445 178
0.8410558700561523 177
0.8505914211273193 176
0.8608646392822266 176
0.8699796199798584 176
0.8795597553253174 176
0.8899056911468506 176
0.8994054794311523 176
0.9097058773040771 177
0.919292688369751 177
0.9330599308013916 178
0.9426918029785156 178
0.9524233341217041 179
0.964806318283081 180
0.9738509654998779 180
0.9833409786224365 180
0.9928555488586426 180
1.0020780563354492 181
1.0126333236694336 181
1.0220756530761719 181
1.034001111984253 181
1.0481548309326172 181
1.060758113861084 181
1.0741899013519287 181
1.0874295234680176 181
1.1001183986663818 181
1.1138191223144531 181
1.126878261566162 181
1.1361463069915771 181
1.146709680557251 181
1.1555850505828857 181
1.1664986610412598 181
1.1750125885009766 181
1.1840438842773438 181
1.1937460899353027 181
1.2032122611999512 181
1.2127468585968018 181
1.2230579853057861 181
1.2325692176818848 181
1.241837739944458 181
1.2518956661224365 181
1.261361837387085 181
1.2715978622436523 181
1.281245231628418 181
1.2906887531280518 181
1.299790382385254 181
1.3188753128051758 181
1.3318579196929932 181
1.3416156768798828 181
1.351686716079712 181
1.3613460063934326 181
1.3727781772613525 181
1.3820674419403076 181
1.3915603160858154 181
1.4009768962860107 181
1.4105353355407715 181
1.4208059310913086 181
1.4320728778839111 181
1.4416377544403076 181
1.4516406059265137 181
1.4610824584960938 181
1.4714646339416504 181
1.4808697700500488 181
1.4901678562164307 181
1.4997756481170654 181
1.5094971656799316 181
1.5190441608428955 181
1.529367208480835 181
1.5390105247497559 181
1.5487046241760254 181
1.5577170848846436 181
1.5672051906585693 181
1.5773591995239258 181
1.5868690013885498 181
1.5961546897888184 181
1.6050355434417725 181
1.614070177078247 181
1.6247808933258057 181
1.6338348388671875 181
1.6433980464935303 181
1.6529130935668945 181
1.6628026962280273 181
1.6732347011566162 181
1.6827738285064697 181
1.692044734954834 181
1.701578140258789 181
1.710958480834961 181
1.7200684547424316 181
1.7337777614593506 181
1.743396282196045 181
1.7529971599578857 181
1.763129472732544 181
1.772625207901001 181
1.782987117767334 181
1.7926464080810547 181
1.8020737171173096 181
1.8119397163391113 181
1.8214223384857178 181
1.8317675590515137 181
1.8413503170013428 181
1.8508954048156738 181
1.8608431816101074 181
1.8699803352355957 181
1.880136251449585 181
1.8908240795135498 181
1.8998925685882568 181
1.9095044136047363 181
1.9190618991851807 181
1.9293341636657715 181
1.939685344696045 181
1.949249505996704 181
1.9587571620941162 181
1.9700539112091064 181
1.980696201324463 181
1.9898715019226074 181
1.999401330947876 181
2.008932590484619 181
2.018068313598633 181
2.0275659561157227 181
2.0378811359405518 181
2.0474019050598145 181
2.057002544403076 181
2.066943407058716 181
2.0764782428741455 181
2.0869204998016357 181
2.0961861610412598 181
2.1049699783325195 181
2.1140060424804688 181
2.1235644817352295 181
2.1386566162109375 181
2.1484885215759277 181
2.1576969623565674 181
2.1677134037017822 181
2.177227020263672 181
2.187596559524536 181
2.1971004009246826 181
2.2067251205444336 181
2.215592384338379 181
2.2248127460479736 181
2.2351391315460205 181
2.244673728942871 181
2.253774404525757 181
2.263312816619873 181
2.273404121398926 181
2.2835826873779297 181
2.2931478023529053 181
2.3026583194732666 181
2.311969518661499 181
2.3215837478637695 181
2.33119797706604 181
2.3416285514831543 181
2.3510725498199463 181
2.360501766204834 181
2.3697586059570312 181
2.3797383308410645 181
2.390122890472412 181
2.3996994495391846 181
2.409252166748047 181
2.4187450408935547 181
2.4277536869049072 181
2.4378390312194824 181
2.448822021484375 181
2.4591684341430664 181
2.468621015548706 181
2.477712631225586 181
2.487847328186035 181
2.4973580837249756 181
2.506998062133789 181
2.516462802886963 181
2.525050640106201 181
2.5399980545043945 181
2.549846887588501 181
2.5594677925109863 181
2.5691404342651367 180
2.579188823699951 180
2.5894644260406494 180
2.599022150039673 180
2.6081771850585938 180
2.6174917221069336 180
2.6271982192993164 180
2.6366777420043945 179
2.646991491317749 179
2.656597852706909 179
2.6651155948638916 178
2.6741526126861572 178
2.6841752529144287 178
2.6950998306274414 178
2.704123020172119 178
2.713780403137207 178
2.7232863903045654 178
2.7327945232391357 179
2.7431514263153076 178
2.752854585647583 178
2.7621243000030518 178
2.7716224193573 178
2.7815709114074707 178
2.7918713092803955 178
2.8014516830444336 178
2.810964584350586 178
2.820068359375 178
2.829564332962036 178
2.8391590118408203 178
2.8493943214416504 178
2.8589184284210205 178
2.8684401512145996 178
2.8775155544281006 178
2.888784885406494 178
2.8990285396575928 178
2.908433198928833 178
2.9175407886505127 178
2.9271459579467773 178
2.9400768280029297 178
2.9507527351379395 178
2.96128511428833 178
2.970869302749634 178
2.979952573776245 178
2.9898526668548584 178
3.000178813934326 178
3.0096676349639893 178
3.01918625831604 178
3.028690814971924 178
3.037736177444458 178
3.0484819412231445 178
3.057530164718628 178
3.0670552253723145 178
3.076556921005249 178
3.08508563041687 178
3.096813917160034 178
3.106950044631958 178
3.119319438934326 178
3.1319868564605713 178
3.144713878631592 178
3.1589982509613037 178
3.171391248703003 178
3.183565855026245 178
3.199110507965088 178
3.2115402221679688 178
3.2228524684906006 178
3.2325384616851807 178
3.2418248653411865 178
3.252096176147461 178
3.2616705894470215 178
3.2710814476013184 178
3.280493974685669 178
3.289824962615967 178
3.3008780479431152 178
3.310023784637451 178
3.3195321559906006 178
3.3290131092071533 178
3.34216570854187 178
3.3529574871063232 178
3.3626549243927 178
3.371948719024658 178
3.3814005851745605 178
3.390781879425049 178
3.401528835296631 178
3.411081314086914 178
3.4201667308807373 178
3.4297056198120117 178
3.439197540283203 179
3.4486353397369385 179
3.4594175815582275 178
3.470764398574829 178
3.480640172958374 178
3.4898858070373535 178
3.4998273849487305 178
3.5100958347320557 179
3.519637107849121 179
3.529310464859009 179
3.538872718811035 179
3.5478336811065674 179
3.558455228805542 179
3.567497968673706 179
3.5770039558410645 179
3.586627721786499 178
3.5951144695281982 178
3.6068832874298096 179
3.616567373275757 179
3.6250648498535156 179
3.634091377258301 179
3.643604040145874 179
3.6539416313171387 179
3.6635184288024902 179
3.6730730533599854 179
3.6825687885284424 179
3.6981444358825684 179
3.7093911170959473 179
3.7189877033233643 179
3.728130578994751 179
3.7412679195404053 179
3.750980854034424 179
3.761242151260376 179
3.7708723545074463 179
3.7800018787384033 179
3.789534091949463 179
3.799084186553955 179
3.8096706867218018 179
3.819232702255249 179
3.8288323879241943 179
3.838005542755127 179
3.8473615646362305 179
3.8575987815856934 179
3.8672101497650146 179
3.876849889755249 179
3.8872644901275635 179
3.8968007564544678 179
3.9060463905334473 179
3.9171254634857178 179
3.9266600608825684 179
3.935167074203491 179
3.9448649883270264 179
3.954026937484741 179
3.964790105819702 179
3.9738757610321045 179
3.984579086303711 179
3.993743896484375 179
4.00325345993042 179
4.014175891876221 179
4.023742198944092 179
4.033244609832764 179
4.042791843414307 179
4.052069902420044 179
4.0625762939453125 179
4.072035551071167 179
4.081563472747803 179
4.090974569320679 179
4.1001105308532715 179
4.1096837520599365 179
4.120821952819824 179
4.130077600479126 179
4.143276214599609 179
4.152878761291504 179
4.1632866859436035 179
4.172935247421265 179
4.182452917098999 180
4.191948175430298 180
4.20148491859436 180
4.210909128189087 180
4.221663236618042 180
4.231184720993042 181
4.240518569946289 181
4.249850511550903 181
4.259357690811157 182
4.2697508335113525 182
4.279702186584473 182
4.28962779045105 182
4.299161672592163 182
4.309295654296875 182
4.320889711380005 182
4.330054759979248 182
4.340182781219482 182
4.350156545639038 182
4.359728813171387 182
4.370141506195068 182
4.3797008991241455 182
4.389264822006226 182
4.398967981338501 182
4.408170461654663 182
4.418803453445435 182
4.42898416519165 182
4.438454866409302 182
4.447614908218384 182
4.457145929336548 182
4.467355966567993 182
4.476977109909058 182
4.48699164390564 182
4.497733116149902 182
4.507246494293213 182
4.516772747039795 182
4.527705907821655 182
4.540699481964111 182
4.550076007843018 181
4.559765577316284 181
4.5701000690460205 181
4.579707622528076 181
4.5892298221588135 181
4.5987389087677 181
4.607816219329834 181
4.617352724075317 181
4.628493309020996 181
4.637600421905518 181
4.647114515304565 181
4.656741142272949 181
4.666092157363892 181
4.676690101623535 181
4.685584545135498 181
4.694575786590576 181
4.703735828399658 181
4.713292121887207 181
4.7236168384552 181
4.73368763923645 181
4.743228912353516 181
4.75279688835144 181
4.762072801589966 181
4.772592067718506 181
4.7818922996521 181
4.791560888290405 181
4.801005840301514 181
4.810146331787109 181
4.81969428062439 181
4.830876350402832 181
4.840015649795532 181
4.84968113899231 181
4.8592822551727295 181
4.86877965927124 181
4.8790061473846436 181
4.889277458190918 181
4.898779630661011 181
4.908127784729004 181
4.917592763900757 181
4.927873611450195 181
4.941547393798828 181
4.95121955871582 181
4.9607367515563965 181
4.970180988311768 181
4.980863571166992 181
4.989983797073364 181
5.00072979927063 181
5.009864330291748 181
5.019416570663452 181
5.029677391052246 181
5.039670467376709 181
5.049370527267456 181
5.058920383453369 181
5.068057537078857 181
5.078649520874023 181
5.087815523147583 181
5.097334623336792 181
5.106827735900879 181
5.116153240203857 181
5.124923467636108 181
5.135600805282593 181
5.145641088485718 181
5.15477728843689 181
5.1638758182525635 181
5.173490285873413 181
5.183988809585571 181
5.1975579261779785 181
5.210810422897339 181
5.223087549209595 181
5.237427473068237 181
5.251003742218018 181
5.263274908065796 181
5.2771477699279785 181
5.287887811660767 181
5.297372817993164 181
5.310540676116943 181
5.319766998291016 181
5.329541444778442 181
5.343999862670898 181
5.353695869445801 181
5.363367319107056 181
5.373076438903809 181
5.383374214172363 181
5.393092632293701 181
5.402669668197632 181
5.4119696617126465 181
5.42149806022644 181
5.430972337722778 181
5.441589117050171 181
5.451780796051025 181
5.461366891860962 181
5.4708452224731445 181
5.4799487590789795 181
5.490170001983643 181
5.499722480773926 181
5.510995626449585 181
5.520883798599243 181
5.530014276504517 181
5.540759325027466 181
5.550518989562988 181
5.559740304946899 181
5.569416761398315 181
5.578987121582031 181
5.589296340942383 181
5.598869323730469 181
5.608025074005127 181
5.617401123046875 181
5.627147197723389 181
5.637295961380005 181
5.646835565567017 181
5.656840562820435 181
5.666176080703735 181
5.675000429153442 181
5.684046268463135 181
5.695044994354248 181
5.706833600997925 181
5.7163989543914795 181
5.724968671798706 181
5.734018802642822 181
5.757481336593628 181
5.7672038078308105 181
5.776761054992676 181
5.786029100418091 181
5.796705007553101 181
5.806085109710693 181
5.814872741699219 181
5.823998928070068 181
5.833734035491943 181
5.844033241271973 181
5.854121685028076 181
5.86370849609375 181
5.873380422592163 181
5.8829522132873535 181
5.894004821777344 181
5.903606653213501 181
5.913170099258423 181
5.922664403915405 181
5.932073593139648 181
5.942594051361084 181
5.951963186264038 181
5.9620044231414795 181
5.971621990203857 181
5.981045961380005 181
5.991570711135864 181
6.001181602478027 181
6.010538101196289 181
6.020976543426514 181
6.0301759243011475 181
6.039752006530762 181
6.050152540206909 181
6.060131311416626 181
6.069687604904175 181
6.079249858856201 181
6.088929891586304 181
6.099262714385986 181
6.108912229537964 181
6.118172883987427 181
6.127531051635742 181
6.137094736099243 181
6.151196241378784 181
6.161323070526123 181
6.171011686325073 181
6.180499076843262 181
6.1897242069244385 181
6.200017929077148 181
6.209556818008423 181
6.2192606925964355 181
6.228941917419434 181
6.238149166107178 181
6.248780250549316 181
6.257827043533325 181
6.2680137157440186 181
6.277420997619629 181
6.287092208862305 181
6.2972986698150635 181
6.315117120742798 180
6.3375890254974365 180
6.36185622215271 180
6.379599571228027 179
6.389318227767944 179
6.399698972702026 179
6.409385442733765 178
6.418976306915283 178
6.430021286010742 178
6.439558267593384 178
6.449894428253174 178
6.4594104290008545 178
6.469553709030151 178
6.4792399406433105 179
6.488735675811768 179
6.497752666473389 178
6.508181095123291 178
6.517506122589111 178
6.527154445648193 178
6.536757946014404 178
6.551048994064331 178
6.560771465301514 178
6.570875644683838 178
6.580167293548584 178
6.589827299118042 178
6.599361181259155 178
6.610145568847656 178
6.619687557220459 178
6.629218101501465 178
6.638771057128906 178
6.648044586181641 178
6.658703327178955 178
6.6677281856536865 178
6.677726745605469 178
6.687262535095215 178
6.696759939193726 178
6.707170248031616 178
6.71669864654541 178
6.725591421127319 178
6.7348551750183105 178
6.743936538696289 178
6.75455117225647 178
6.763766050338745 178
6.773421049118042 178
6.783510208129883 178
6.793076276779175 178
6.8032190799713135 178
6.8127946853637695 178
6.822135925292969 178
6.83190655708313 178
6.841418504714966 178
6.850846767425537 178
6.861278772354126 178
6.870839357376099 178
6.880873441696167 178
6.891360759735107 178
6.900764465332031 178
6.9111833572387695 178
6.920537233352661 178
6.929739475250244 178
6.940966606140137 178
6.956450939178467 178
6.9651312828063965 178
6.974159479141235 178
6.984739303588867 178
6.993849992752075 178
7.003540754318237 178
7.013876438140869 178
7.023432731628418 178
7.032959699630737 178
7.042189836502075 178
7.051702499389648 178
7.061980724334717 178
7.071551561355591 178
7.08097505569458 178
7.090967178344727 178
7.1000800132751465 178
7.110733985900879 178
7.119863510131836 178
7.129500150680542 178
7.139042139053345 178
7.148442029953003 178
7.157527446746826 178
7.167769193649292 179
7.177267789840698 179
7.1873414516448975 178
7.196847915649414 178
7.206123352050781 178
7.216718673706055 178
7.22560715675354 178
7.234672784805298 178
7.243735074996948 179
7.253401041030884 179
7.263830900192261 179
7.277361631393433 179
7.290711164474487 179
7.303017616271973 179
7.317419528961182 178
7.329695463180542 178
7.342722415924072 179
7.36262845993042 179
7.375072240829468 179
7.384126424789429 179
7.394724607467651 179
7.403795003890991 179
7.414049386978149 179
7.423649549484253 179
7.433316946029663 179
7.442858695983887 179
7.453234910964966 179
7.463474750518799 179
