0 0
0.006425380706787109 0
0.03396129608154297 0
0.04432988166809082 2
0.05510687828063965 5
0.06910872459411621 9
0.07875919342041016 12
0.0884096622467041 18
0.09870505332946777 23
0.10841894149780273 29
0.11791443824768066 35
0.12709784507751465 42
0.13667058944702148 48
0.14708662033081055 56
0.15695953369140625 63
0.1665818691253662 69
0.17617583274841309 77
0.18577790260314941 85
0.19615602493286133 93
0.20586013793945312 101
0.21492338180541992 109
0.2245771884918213 116
0.23416399955749512 125
0.2444753646850586 132
0.2540402412414551 140
0.26404571533203125 149
0.27379274368286133 155
0.2834465503692627 164
0.29371023178100586 172
0.30262160301208496 180
0.31171727180480957 188
0.3208339214324951 194
0.3304271697998047 199
0.3399999141693115 206
0.35044074058532715 209
0.36005139350891113 212
0.3696560859680176 214
0.3790278434753418 216
0.38864636421203613 216
0.39899492263793945 215
0.40866708755493164 213
0.4182891845703125 211
0.42774367332458496 207
0.43718624114990234 203
0.4479951858520508 194
0.4669764041900635 187
0.47980284690856934 181
0.49381089210510254 173
0.5078020095825195 167
0.5210702419281006 162
0.535205602645874 160
0.5445749759674072 159
0.5548970699310303 158
0.5661084651947021 158
0.5763909816741943 159
0.586068868637085 161
0.5955021381378174 164
0.6059091091156006 166
0.6149280071258545 169
0.6244523525238037 172
0.6339309215545654 175
0.6435699462890625 178
0.6538174152374268 181
0.663485050201416 184
0.673485517501831 186
0.6820800304412842 188
0.6911530494689941 190
0.7020668983459473 191
0.7112054824829102 192
0.7207667827606201 192
0.7303855419158936 192
0.7399849891662598 191
0.7502374649047852 190
0.7598888874053955 188
0.7700493335723877 187
0.7796292304992676 185
0.7889983654022217 183
0.7986481189727783 181
0.8088884353637695 180
0.8184857368469238 178
0.8280398845672607 177
0.8372108936309814 176
0.846717357635498 175
0.8570659160614014 174
0.8720321655273438 173
0.8811266422271729 173
0.8908822536468506 174
0.9004030227661133 174
0.9108004570007324 174
0.9203801155090332 175
0.930020809173584 176
0.9396142959594727 176
0.9490220546722412 177
0.9591739177703857 178
0.9688858985900879 179
0.9788103103637695 180
0.9883327484130859 180
0.9977385997772217 181
1.008080244064331 181
1.0171873569488525 181
1.0267252922058105 182
1.0362560749053955 182
1.045893669128418 182
1.0562958717346191 182
1.0659542083740234 182
1.076617956161499 181
1.0861876010894775 181
1.0957329273223877 181
1.105947494506836 180
1.115206003189087 180
1.1246135234832764 180
1.134023666381836 180
1.14349365234375 180
1.151984691619873 180
1.1631355285644531 180
1.1719799041748047 180
1.182020664215088 180
1.1910436153411865 180
1.20058012008667 180
1.2109191417694092 180
1.2204172611236572 180
1.2299244403839111 180
1.2391319274902344 180
1.2486536502838135 180
1.258896827697754 180
1.2721505165100098 180
1.2822163105010986 180
1.291219711303711 180
1.3007869720458984 180
1.311072826385498 180
1.320708990097046 180
1.3301904201507568 180
1.3395967483520508 180
1.3488268852233887 180
1.3589756488800049 180
1.3686254024505615 180
1.3780107498168945 180
1.387866735458374 180
1.3969078063964844 180
1.406388759613037 180
1.416609764099121 180
1.4261865615844727 180
1.4356656074523926 180
1.4447858333587646 180
1.4542179107666016 180
1.464381217956543 180
1.4738285541534424 180
1.483879804611206 180
1.4931509494781494 180
1.5018751621246338 180
1.513756275177002 180
1.5221996307373047 180
1.5311758518218994 180
1.5406575202941895 180
1.550264596939087 180
1.559769630432129 180
1.5700135231018066 180
1.579817533493042 180
1.5912246704101562 180
1.600714921951294 180
1.6103639602661133 180
1.6205804347991943 180
1.6300454139709473 180
1.6395173072814941 180
1.6487162113189697 180
1.6583013534545898 180
1.673588752746582 180
1.6821987628936768 180
1.692624568939209 180
1.701206922531128 180
1.7107880115509033 180
1.7210538387298584 180
1.7306654453277588 180
1.7401649951934814 180
1.7497384548187256 180
1.7589585781097412 180
1.7691636085510254 180
1.7786567211151123 180
1.7881264686584473 180
1.7979791164398193 180
1.807060956954956 180
1.8172111511230469 180
1.8267338275909424 180
1.8363492488861084 180
1.8464531898498535 180
1.8559911251068115 180
1.865077257156372 180
1.8756849765777588 180
1.8846750259399414 180
1.8945426940917969 180
1.904141902923584 180
1.9135937690734863 180
1.923902988433838 180
1.9330954551696777 180
1.9483072757720947 180
1.9611728191375732 180
1.9721710681915283 180
1.9811666011810303 180
1.9906589984893799 180
2.0017404556274414 180
2.0107924938201904 180
2.021009922027588 180
2.0306172370910645 180
2.0401368141174316 180
2.0495970249176025 180
2.060689687728882 180
2.075821876525879 180
2.0851144790649414 180
2.094618082046509 180
2.1045122146606445 180
2.1139566898345947 180
2.124250650405884 180
2.1336920261383057 180
2.1426610946655273 180
2.15161395072937 180
2.160848379135132 180
2.170325517654419 180
2.1805622577667236 180
2.190026044845581 180
2.1992146968841553 180
2.2095460891723633 180
2.2188007831573486 180
2.229003429412842 180
2.2384490966796875 180
2.24780011177063 180
2.256875514984131 180
2.2664761543273926 180
2.276618719100952 180
2.2861037254333496 180
2.2954890727996826 180
2.305088758468628 180
2.3144402503967285 180
2.3247601985931396 180
2.3342325687408447 180
2.343691349029541 180
2.352691173553467 180
2.361635208129883 180
2.3707244396209717 180
2.381063222885132 180
2.3906776905059814 180
2.400192975997925 180
2.4101569652557373 180
2.419644355773926 180
2.4298794269561768 180
2.4391109943389893 180
2.448673725128174 180
2.458043336868286 180
2.470695734024048 180
2.481048107147217 180
2.490717887878418 180
2.5003623962402344 180
2.5110790729522705 180
2.5206222534179688 180
2.530909776687622 180
2.544248104095459 180
2.5569682121276855 180
2.5698935985565186 180
2.584169626235962 180
2.596813440322876 180
2.6091511249542236 180
2.6236190795898438 180
2.6370413303375244 180
2.649045467376709 180
2.658604383468628 180
2.667978525161743 180
2.6770436763763428 180
2.6878366470336914 180
2.696896553039551 180
2.706364870071411 180
2.716186285018921 180
2.7256550788879395 180
2.7359955310821533 180
2.7456233501434326 180
2.7546186447143555 180
2.7640464305877686 180
2.773508310317993 180
2.7838237285614014 180
2.7926576137542725 180
2.8018276691436768 180
2.81083345413208 180
2.8207192420959473 180
2.830218553543091 180
2.8406715393066406 180
2.850872755050659 180
2.860396385192871 180
2.87507700920105 180
2.8857474327087402 180
2.8961291313171387 180
2.9055068492889404 180
2.9145641326904297 180
2.9248931407928467 180
2.936302423477173 180
2.9457955360412598 180
2.954775094985962 180
2.964688777923584 180
2.974111795425415 180
2.983945846557617 180
2.994929313659668 180
3.0044589042663574 180
3.0139005184173584 180
3.023883104324341 180
3.033496379852295 180
3.0438172817230225 180
3.052661180496216 180
3.061610698699951 180
3.070686101913452 180
3.0826828479766846 180
3.093632698059082 180
3.1026134490966797 180
3.111168146133423 180
3.120676279067993 180
3.130610227584839 180
3.1409244537353516 180
3.150439739227295 180
3.1599462032318115 180
3.169477939605713 180
3.178807497024536 180
3.188920497894287 180
3.1984806060791016 180
3.2078135013580322 180
3.216897487640381 180
3.2269442081451416 180
3.2363903522491455 180
3.24661922454834 180
3.2561025619506836 180
3.2657008171081543 180
3.278621196746826 180
3.2882604598999023 180
3.2986209392547607 180
3.308020830154419 180
3.3170793056488037 180
3.3265397548675537 180
3.33642315864563 180
3.3468258380889893 180
3.3562893867492676 180
3.3657219409942627 180
3.37469744682312 180
3.3841302394866943 180
3.394545078277588 180
3.404144287109375 180
3.4136030673980713 180
3.4221296310424805 180
3.4320924282073975 180
3.4427266120910645 180
3.451831579208374 180
3.460808753967285 180
3.47040057182312 180
3.479928970336914 180
3.4891464710235596 180
3.5009539127349854 180
3.513995409011841 180
3.5236527919769287 180
3.533599853515625 180
3.5421230792999268 180
3.552626132965088 180
3.5617191791534424 180
3.570732831954956 180
3.5801947116851807 180
3.590526819229126 180
3.600827217102051 180
3.610304117202759 180
3.619802713394165 180
3.6290788650512695 180
3.6458635330200195 180
3.6552085876464844 180
3.6667659282684326 180
3.6818556785583496 180
3.690890073776245 180
3.7012274265289307 180
3.710819959640503 180
3.7203409671783447 180
3.7298336029052734 180
3.7399790287017822 180
3.7502806186676025 180
3.7597577571868896 180
3.7690980434417725 180
3.7785837650299072 180
3.7881202697753906 180
3.7984519004821777 180
3.8078153133392334 180
3.8169243335723877 180
3.82692551612854 180
3.8379247188568115 180
3.8490164279937744 180
3.8585221767425537 180
3.867896795272827 180
3.876943826675415 180
3.886521339416504 180
3.8960211277008057 180
3.9062516689300537 180
3.9158668518066406 180
3.9248921871185303 180
3.938560962677002 180
3.9485511779785156 180
3.969054698944092 180
3.990844488143921 180
4.010830879211426 180
4.029089450836182 180
4.038597822189331 180
4.048639535903931 180
4.057994365692139 180
4.067200183868408 180
4.091041803359985 180
4.108623743057251 180
4.117976188659668 180
4.127188444137573 180
4.137781858444214 180
4.147735118865967 180
4.156840085983276 180
4.166285753250122 180
4.176012754440308 180
4.186427116394043 180
4.195902109146118 180
4.20489764213562 180
4.214338064193726 180
4.223801612854004 180
4.233911514282227 180
4.243236780166626 180
4.25315523147583 180
4.261913299560547 180
4.270899772644043 180
4.281167268753052 180
4.290764093399048 180
4.300220489501953 180
4.30980658531189 180
4.319056034088135 180
4.328532934188843 180
4.338826417922974 180
4.348273038864136 180
4.358068943023682 180
4.367534160614014 180
4.3767054080963135 180
4.386850833892822 180
4.396299600601196 180
4.40581750869751 180
4.414763689041138 180
4.424311876296997 180
4.434569835662842 180
4.444032669067383 180
4.453228712081909 180
4.463141202926636 180
4.476117372512817 180
4.486524820327759 180
4.496137380599976 180
4.505711317062378 180
4.515987396240234 180
4.524934530258179 180
4.535628318786621 180
4.5447773933410645 180
4.554208517074585 180
4.564266920089722 180
4.573723316192627 180
4.582587957382202 180
4.5932087898254395 180
4.602025508880615 180
4.611037015914917 180
4.625714063644409 180
4.6391777992248535 180
4.651950120925903 180
4.666079759597778 180
4.678761959075928 180
4.693233966827393 180
4.705873012542725 180
4.716832160949707 180
4.726446151733398 180
4.735924482345581 180
4.746111631393433 180
4.7554590702056885 180
4.766294956207275 180
4.776181221008301 180
4.785846471786499 180
4.796100854873657 180
4.805210113525391 180
4.814527750015259 180
4.824117422103882 180
4.833598375320435 180
4.844019174575806 180
4.853238105773926 180
4.8619225025177 180
4.876113653182983 180
4.885783910751343 180
4.896130800247192 180
4.905797958374023 180
4.91477632522583 180
4.924205541610718 180
4.933700084686279 180
4.943943977355957 180
4.956684350967407 180
4.9686479568481445 180
4.9780354499816895 180
4.987121105194092 180
4.9977662563323975 180
5.008969783782959 180
5.0184712409973145 180
5.027939796447754 180
5.037005662918091 180
5.047125577926636 180
5.0565338134765625 180
5.0688865184783936 180
5.080213785171509 180
5.089858293533325 180
5.100035190582275 180
5.109551191329956 180
5.118801116943359 180
5.128265619277954 180
5.137230157852173 180
5.148017168045044 180
5.157110691070557 180
5.166569471359253 180
5.176530599594116 180
5.186063766479492 180
5.196270227432251 180
5.206045389175415 180
5.215609073638916 180
5.224577903747559 180
5.23425555229187 180
5.243737459182739 180
5.253924369812012 180
5.263499021530151 180
5.271992206573486 180
5.286168098449707 180
5.295752048492432 180
5.306184530258179 180
5.315683364868164 180
5.324779033660889 180
5.3342485427856445 180
5.343804121017456 180
5.354037761688232 180
5.363586902618408 180
5.372098207473755 180
5.382195949554443 180
5.391213655471802 180
5.401872873306274 180
5.410896062850952 180
5.420431852340698 180
5.4298927783966064 180
5.439131259918213 180
5.449711799621582 180
5.458965301513672 180
5.468421936035156 180
5.4785168170928955 180
5.487893342971802 180
5.4969258308410645 180
5.507735729217529 180
5.518011808395386 180
5.527041435241699 180
5.536473751068115 180
5.5459511280059814 180
5.556194543838501 180
5.565810441970825 180
5.576113700866699 180
5.5867698192596436 180
5.596287965774536 180
5.606682300567627 180
5.616146802902222 180
5.625818967819214 180
5.634760856628418 180
5.645841836929321 180
5.6561291217803955 180
5.6652374267578125 180
5.6784987449646 180
5.688506126403809 180
5.69799542427063 180
5.708371639251709 180
5.717694044113159 180
5.726791620254517 180
5.736435651779175 180
5.746001958847046 180
5.756122350692749 180
5.76550030708313 180
5.77453088760376 180
5.7839884757995605 180
5.793941974639893 180
5.803561449050903 180
5.813924074172974 180
5.82315731048584 180
5.8318541049957275 180
5.840851306915283 180
5.850341081619263 180
5.860545873641968 180
5.870172739028931 180
5.879680633544922 180
5.889704942703247 180
5.898982286453247 180
5.909128189086914 180
5.918597936630249 180
5.928109407424927 180
5.9372053146362305 180
5.9466869831085205 180
5.956918716430664 180
5.9665491580963135 180
5.976051330566406 180
5.985538005828857 180
5.995656967163086 180
6.004664182662964 180
6.015063047409058 180
6.024419784545898 180
6.033908128738403 180
6.043535470962524 180
6.051995754241943 180
6.062595844268799 180
6.071207284927368 180
6.086420774459839 180
6.096388816833496 180
6.106067180633545 180
6.116293668746948 180
6.125884294509888 180
6.134865760803223 180
6.144390821456909 180
6.153868198394775 180
6.164212703704834 180
6.1737024784088135 180
6.182166337966919 180
6.191138744354248 180
6.201098680496216 180
6.211837530136108 180
6.220852613449097 180
6.230463027954102 180
6.239918947219849 180
6.249131679534912 180
6.258684873580933 180
6.268976449966431 180
6.278438091278076 180
6.287972927093506 180
6.306475877761841 180
6.3167290687561035 180
6.326199531555176 180
6.335660219192505 180
6.344791412353516 180
6.354193687438965 180
6.3643553256988525 180
6.373841285705566 180
6.38345193862915 180
6.391968488693237 180
6.402084827423096 180
6.4110939502716064 180
6.421778202056885 180
6.430773496627808 180
6.440260171890259 180
6.449736595153809 180
6.458948850631714 180
6.469583988189697 180
6.4836578369140625 180
6.492640972137451 180
6.502659797668457 180
6.516802787780762 180
6.537060976028442 180
6.55793571472168 180
6.578714370727539 180
6.604735612869263 180
6.625234842300415 180
6.6484925746917725 180
6.670849084854126 180
6.696047782897949 180
6.724213600158691 180
6.755666732788086 180
6.7859437465667725 180
6.808011054992676 180
6.829545736312866 180
6.838991641998291 180
6.848578691482544 180
6.858141660690308 180
6.867746591567993 180
6.88209080696106 180
6.893532991409302 180
6.902615308761597 180
6.913813352584839 180
6.924071311950684 180
6.933472156524658 180
6.945852041244507 180
6.956005573272705 180
6.96627140045166 180
6.976819038391113 180
6.98631739616394 180
6.996589422225952 180
7.006189823150635 180
7.018493413925171 180
7.03072714805603 180
7.040376424789429 180
7.050449371337891 180
7.062191724777222 180
7.071162939071655 180
7.081956386566162 180
7.090962648391724 180
7.100459337234497 180
7.109932899475098 180
7.1199119091033936 180
7.130251884460449 180
7.139691114425659 180
7.148996114730835 180
7.158435106277466 180
7.167957305908203 180
7.178110837936401 180
7.187739372253418 180
7.196832180023193 180
7.206286430358887 180
7.215752601623535 180
7.225754499435425 180
7.236064910888672 180
7.245609521865845 180
7.254645586013794 180
7.264046669006348 180
7.2735230922698975 180
7.287116289138794 180
7.296804904937744 180
7.306502103805542 180
7.316104412078857 180
7.326128244400024 180
7.336288213729858 180
7.345818519592285 180
7.354779481887817 180
7.364332914352417 180
7.373812437057495 180
7.383969306945801 180
7.393195867538452 180
7.401883840560913 180
7.410922288894653 180
7.4204487800598145 180
7.4312005043029785 180
7.440683126449585 180
7.4501917362213135 180
7.4596617221832275 180
7.468904733657837 180
7.478407859802246 180
7.4888129234313965 180
7.498270273208618 180
7.507581472396851 180
7.5178704261779785 180
7.5277416706085205 180
7.538086175918579 180
7.547699689865112 180
7.556905269622803 180
7.567160129547119 180
7.576620817184448 180
7.593205451965332 180
7.602057933807373 180
7.6110687255859375 180
7.620596885681152 180
7.6305084228515625 180
7.640923976898193 180
7.650430917739868 180
7.659903287887573 180
7.669217348098755 180
7.67872953414917 180
7.69392466545105 180
7.703518867492676 180
7.712118864059448 180
7.72110915184021 180
7.731214284896851 180
7.741980075836182 180
7.75098180770874 180
7.760519504547119 180
7.770031690597534 180
7.77949857711792 180
7.7898454666137695 180
7.799039363861084 180
7.80853009223938 180
7.8180341720581055 180
7.827110767364502 180
7.838029861450195 180
7.847635984420776 180
7.856710910797119 180
7.8662121295928955 180
7.875697374343872 180
7.884661912918091 180
7.895196914672852 180
7.90458083152771 180
7.914046764373779 180
7.923501253128052 180
7.9320387840271 180
7.943906307220459 180
7.953123331069946 180
7.962051868438721 180
7.971081733703613 180
7.980574131011963 180
7.990799427032471 180
8.000307321548462 180
8.009754419326782 180
8.018951654434204 180
8.02857255935669 180
8.038525581359863 180
8.048837900161743 180
8.058294296264648 180
8.06756329536438 180
8.078855514526367 180
8.093995809555054 180
8.103592157363892 180
8.112166166305542 180
8.121165037155151 180
8.13068437576294 180
8.142009019851685 180
8.15102243423462 180
8.160465955734253 180
8.16996955871582 180
8.179177045822144 180
8.188631057739258 180
8.198867559432983 180
8.20848798751831 180
8.2178316116333 180
8.226901054382324 180
8.23635745048523 180
8.246921300888062 180
8.256413221359253 180
8.266005039215088 180
8.275065898895264 180
8.284424543380737 180
8.294612407684326 180
8.304155588150024 180
8.313691139221191 180
8.322648763656616 180
8.331225872039795 180
8.340882301330566 180
8.352108240127563 180
8.361096143722534 180
8.370613813400269 180
8.380119562149048 180
8.38968563079834 180
8.399981021881104 180
8.409173727035522 180
8.418659925460815 180
8.428038120269775 180
8.437095642089844 180
8.448386669158936 180
8.45780897140503 180
8.46703577041626 180
8.476486206054688 180
8.4896240234375 180
8.500030279159546 180
8.509690523147583 180
8.520018577575684 180
8.52951169013977 180
8.538707733154297 180
8.548980951309204 180
8.558987379074097 180
8.568642139434814 180
8.5780348777771 180
8.588358879089355 180
8.597916841506958 180
8.608253240585327 180
8.617198467254639 180
8.626823902130127 180
8.636329174041748 180
8.64576244354248 180
8.656414270401001 180
8.665867567062378 180
8.67485761642456 180
8.684423685073853 180
8.69382119178772 180
8.703991174697876 180
8.713467121124268 180
8.722074747085571 180
8.731045961380005 180
8.740563869476318 180
8.750946044921875 180
8.760988235473633 180
8.770456552505493 180
8.78386640548706 180
8.796206951141357 180
8.809893608093262 180
8.822172164916992 180
8.835616111755371 180
8.847864151000977 180
8.863966464996338 180
8.875205993652344 180
8.884488582611084 180
8.898099422454834 180
8.908432245254517 180
8.917963027954102 180
8.927191257476807 180
8.94684362411499 180
8.960060119628906 180
8.969823122024536 180
8.979151248931885 180
8.988720655441284 180
9.00012993812561 180
9.010342121124268 180
9.019837379455566 180
9.029053926467896 180
9.038527965545654 180
9.04802918434143 180
9.05917477607727 180
9.068944692611694 180
9.078454732894897 180
9.087862968444824 180
9.096931219100952 180
9.1065673828125 180
9.116915941238403 180
9.126413822174072 180
9.136301040649414 180
9.145756483078003 180
9.15470576286316 180
9.166279315948486 180
9.1756751537323 180
9.184662342071533 180
9.194137334823608 180
9.20363736152649 180
9.213804721832275 180
9.223179340362549 180
9.231871843338013 180
9.240914583206177 180
9.250556468963623 180
9.260822057723999 180
9.270769596099854 180
9.280270099639893 180
9.294464349746704 180
9.304027557373047 180
9.314410924911499 180
9.323816299438477 180
9.332714557647705 180
9.341880798339844 180
9.350932836532593 180
9.36116909980774 180
9.371176719665527 180
9.380777835845947 180
9.390248537063599 180
9.399772882461548 180
9.40910530090332 180
9.419612884521484 180
9.428845643997192 180
9.438295602798462 180
9.447214603424072 180
9.456706285476685 180
9.466948747634888 180
9.476708173751831 180
9.486188173294067 180
9.495657205581665 180
9.504798650741577 180
9.516136884689331 180
9.525801181793213 180
9.534743070602417 180
9.544156074523926 180
9.553658246994019 180
9.56349492073059 180
9.576004028320312 180
9.585496425628662 180
9.596282243728638 180
9.605738162994385 180
9.614701271057129 180
9.624924898147583 180
9.634527921676636 180
9.644147157669067 180
9.653613805770874 180
9.663230180740356 180
9.673717975616455 180
9.68435788154602 180
9.698224782943726 180
9.707849502563477 180
9.718283891677856 180
9.72756290435791 180
9.73673391342163 180
9.746198654174805 180
9.75566291809082 180
9.765705585479736 180
9.775923013687134 180
9.785914421081543 180
9.794888019561768 180
9.804354667663574 180
9.813801050186157 180
9.824159145355225 180
9.833626985549927 180
9.842118740081787 180
9.851974248886108 180
9.862621784210205 180
9.87344479560852 180
9.883439302444458 180
9.89210295677185 180
9.901108264923096 180
9.910623788833618 180
9.920881032943726 180
9.930391311645508 180
9.939844608306885 180
9.949147701263428 180
9.95861291885376 180
9.96812915802002 180
9.978728771209717 180
9.988548040390015 180
9.997944116592407 180
