00
7.104873657226562e-05 0
0.0220184326171875 0
0.03213214874267578 -2
0.04438018798828125 -4
0.05244112014770508 -8
0.06244087219238281 -12
0.07286953926086426 -14
0.07874536514282227 -18
0.08450818061828613 -20
0.0889594554901123 -22
0.09439253807067871 -24
0.09887075424194336 -28
0.10466623306274414 -30
0.10913205146789551 -34
0.11451959609985352 -36
0.11896061897277832 -40
0.12506771087646484 -42
0.12981939315795898 -46
0.13517141342163086 -48
0.13991236686706543 -52
0.14520812034606934 -55
0.1499485969543457 -59
0.15509724617004395 -62
0.15985345840454102 -66
0.16502165794372559 -68
0.1697990894317627 -72
0.17621445655822754 -76
0.18153810501098633 -79
0.18596601486206055 -84
0.19118833541870117 -86
0.19600701332092285 -91
0.20120549201965332 -95
0.2068803310394287 -99
0.2134697437286377 -104
0.21902084350585938 -108
0.22546863555908203 -111
0.2299666404724121 -115
0.23510503768920898 -118
0.2398362159729004 -122
0.24501276016235352 -125
0.24974846839904785 -130
0.255018949508667 -133
0.25975489616394043 -137
0.26487016677856445 -140
0.26958298683166504 -144
0.27979612350463867 -152
0.28507494926452637 -155
0.28983044624328613 -159
0.2951388359069824 -164
0.30107641220092773 -168
0.3070793151855469 -172
0.3129889965057373 -175
0.3181922435760498 -180
0.3230617046356201 -184
0.32990527153015137 -189
0.335709810256958 -193
0.3419985771179199 -198
0.34652137756347656 -200
0.35193824768066406 -205
0.3564310073852539 -208
0.36177682876586914 -211
0.36629700660705566 -216
0.37166404724121094 -220
0.37749195098876953 -224
0.38244032859802246 -227
0.3871304988861084 -232
0.3923032283782959 -235
0.39696598052978516 -239
0.4021766185760498 -242
0.40704917907714844 -246
0.41268157958984375 -250
0.41758108139038086 -254
0.42256951332092285 -258
0.4283721446990967 -262
0.4334986209869385 -266
0.4384193420410156 -269
0.4435269832611084 -274
0.44829225540161133 -276
0.45321178436279297 -280
0.4582529067993164 -284
0.463118314743042 -287
0.4681055545806885 -291
0.4729440212249756 -296
0.47959232330322266 -300
0.48473358154296875 -303
0.48920273780822754 -308
0.49493980407714844 -312
0.5011341571807861 -315
0.505692720413208 -318
0.5116937160491943 -322
0.5162496566772461 -327
0.5216262340545654 -332
0.5264458656311035 -336
0.5325767993927002 -339
0.5376896858215332 -344
0.5426580905914307 -346
0.5475478172302246 -351
0.552471399307251 -354
0.557509183883667 -358
0.562432050704956 -361
0.5671234130859375 -366
0.5723369121551514 -369
0.5770487785339355 -373
0.5830504894256592 -376
0.5880410671234131 -381
0.592890739440918 -384
0.5979406833648682 -388
0.6028072834014893 -391
0.6077916622161865 -396
0.6126701831817627 -400
0.6182897090911865 -403
0.6231427192687988 -406
0.6281559467315674 -410
0.6343469619750977 -415
0.6388194561004639 -418
0.644050121307373 -422
0.6486759185791016 -426
0.6539106369018555 -430
0.6585774421691895 -433
0.6638028621673584 -437
0.668621301651001 -440
0.6738486289978027 -445
0.67867112159729 -449
0.6847047805786133 -452
0.6892037391662598 -457
0.6946554183959961 -460
0.699113130569458 -464
0.7045042514801025 -467
0.7089293003082275 -470
0.7143371105194092 -474
0.718818187713623 -478
0.7240359783172607 -482
0.7286691665649414 -486
0.7350077629089355 -490
0.7397444248199463 -494
0.7449138164520264 -497
0.749624490737915 -502
0.7547500133514404 -504
0.7591843605041504 -509
0.7645969390869141 -512
0.7690517902374268 -515
0.774484395980835 -519
0.7789080142974854 -524
0.7851336002349854 -527
0.7898764610290527 -534
0.8031949996948242 -546
0.8147056102752686 -549
0.8191747665405273 -554
0.8247299194335938 -556
0.8291690349578857 -561
0.8363406658172607 -566
0.8416962623596191 -568
0.8461959362030029 -573
0.8515784740447998 -576
0.8562440872192383 -583
0.8660447597503662 -594
0.8799235820770264 -602
0.8939282894134521 -612
0.9039151668548584 -618
0.911541223526001 -620
0.9162003993988037 -625
0.92154860496521 -628
0.9262192249298096 -632
0.9315769672393799 -637
0.9370107650756836 -641
0.942202091217041 -644
0.9468715190887451 -647
0.9521124362945557 -652
0.9568140506744385 -654
0.962026834487915 -659
0.96663498878479 -662
0.9718844890594482 -666
0.9766712188720703 -670
0.9820044040679932 -674
0.9878275394439697 -678
0.9926722049713135 -681
0.9975869655609131 -686
