00
7.104873657226562e-05 1
0.02326655387878418 1
0.031217098236083984 2
0.04335737228393555 3
0.05138206481933594 7
0.06344342231750488 8
0.07331466674804688 11
0.07909345626831055 12
0.08367657661437988 13
0.08867621421813965 15
0.09337162971496582 17
0.0981130599975586 18
0.10321331024169922 20
0.10796427726745605 22
0.11284494400024414 24
0.11759257316589355 25
0.12219619750976562 27
0.12809038162231445 29
0.1331787109375 31
0.13793516159057617 33
0.14274811744689941 35
0.1475815773010254 37
0.1521897315979004 39
0.1573038101196289 41
0.16187524795532227 43
0.16699695587158203 45
0.17202258110046387 47
0.1779327392578125 49
0.1828463077545166 52
0.18759870529174805 53
0.1925506591796875 56
0.19742941856384277 58
0.20200800895690918 59
0.20712709426879883 62
0.2115647792816162 64
0.2168259620666504 65
0.22112703323364258 68
0.2270817756652832 71
0.23172950744628906 73
0.23690557479858398 74
0.24129605293273926 77
0.24659037590026855 79
0.25104665756225586 81
0.25612759590148926 83
0.260540246963501 85
0.26490163803100586 87
0.26996374130249023 89
0.27692723274230957 92
0.28140759468078613 95
0.2866499423980713 96
0.29097747802734375 99
0.2956960201263428 101
0.30054306983947754 103
0.3049619197845459 105
0.3102707862854004 107
0.3148977756500244 110
0.31991028785705566 111
0.3242654800415039 114
0.33074426651000977 116
0.33512449264526367 119
0.3401472568511963 121
0.3447709083557129 123
0.3498203754425049 125
0.3541605472564697 127
0.3596968650817871 129
0.3640403747558594 131
0.3694894313812256 134
0.3738882541656494 137
0.3806607723236084 138
0.3850531578063965 141
0.39008665084838867 143
0.3947165012359619 145
0.3997969627380371 147
0.4041554927825928 149
0.40949344635009766 152
0.413867712020874 153
0.4190328121185303 156
0.42360758781433105 158
0.4299192428588867 161
0.43424296379089355 163
0.43953490257263184 165
0.4439105987548828 167
0.44907712936401367 170
0.45653295516967773 172
0.46094274520874023 174
0.4656856060028076 177
0.47054481506347656 179
0.4749581813812256 182
0.4817500114440918 184
0.48691606521606445 187
0.4915046691894531 189
0.4967639446258545 190
0.5010800361633301 193
0.5061492919921875 195
0.5105719566345215 197
0.5149726867675781 199
0.5199875831604004 201
0.5246062278747559 203
0.5297036170959473 205
0.5351426601409912 208
0.5401632785797119 210
0.5447797775268555 213
0.5500149726867676 214
0.5546581745147705 217
0.5597121715545654 219
0.5640501976013184 221
0.5693910121917725 223
0.5738022327423096 225
0.5790750980377197 228
0.5851011276245117 231
0.5901422500610352 232
0.5947844982147217 235
0.5998382568359375 237
0.6041936874389648 239
0.6097157001495361 241
0.6140623092651367 243
0.6195130348205566 246
0.623894453048706 247
0.6290364265441895 254
0.6427183151245117 257
0.6475608348846436 258
0.6525077819824219 261
0.6573517322540283 263
0.6621272563934326 265
0.6672213077545166 267
0.6728832721710205 270
0.6776342391967773 271
0.6822288036346436 274
0.6888999938964844 278
0.6962673664093018 280
0.7006897926330566 281
0.7050824165344238 284
0.7101039886474609 286
0.7147560119628906 289
0.7197802066802979 290
0.7241413593292236 292
0.7296226024627686 295
0.735039234161377 297
0.7400732040405273 299
0.744755744934082 302
0.7507123947143555 305
0.7572391033172607 307
0.7617597579956055 309
0.7669308185577393 311
0.7713549137115479 314
0.7765779495239258 315
0.7807917594909668 317
0.7873256206512451 321
0.7921581268310547 323
0.7972700595855713 325
0.8018338680267334 327
0.8072919845581055 330
0.8132290840148926 333
0.8186287879943848 334
0.8232779502868652 337
0.8280410766601562 339
0.8329484462738037 341
0.8386790752410889 344
0.8433475494384766 346
0.8480808734893799 348
0.8531668186187744 350
0.8579130172729492 352
0.8627321720123291 355
0.8675832748413086 357
0.8734276294708252 359
0.8781723976135254 361
0.8832573890686035 365
0.8898353576660156 367
0.8941686153411865 368
0.8994998931884766 371
0.9038431644439697 373
0.9089562892913818 375
0.913677453994751 377
0.9188523292541504 380
0.9234075546264648 381
0.9282660484313965 384
0.934877872467041 387
0.9414024353027344 389
0.9466326236724854 391
0.9510421752929688 394
0.956120491027832 396
0.9605197906494141 398
0.964914083480835 401
0.9701454639434814 402
0.9747555255889893 405
0.9798462390899658 407
0.9841907024383545 409
0.9902236461639404 412
0.9957234859466553 414
