0 0
7.152557373046875e-05 0
0.022971153259277344 0
0.032511234283447266 1
0.04106926918029785 4
0.05197572708129883 6
0.060932159423828125 9
0.06958794593811035 11
0.07428765296936035 12
0.07916688919067383 15
0.08434033393859863 16
0.08939194679260254 19
0.09409332275390625 20
0.09882545471191406 23
0.10361027717590332 25
0.10811495780944824 27
0.11319208145141602 30
0.11850214004516602 33
0.12351512908935547 35
0.1278684139251709 37
0.13301301002502441 39
0.13749957084655762 42
0.14249682426452637 44
0.14718842506408691 46
0.1513981819152832 50
0.15633296966552734 52
0.16100478172302246 55
0.16601228713989258 57
0.17139577865600586 60
0.17639517784118652 63
0.1809685230255127 66
0.1864793300628662 68
0.19107890129089355 72
0.1960926055908203 74
0.2004072666168213 76
0.2057969570159912 80
0.210160493850708 82
0.21521687507629395 86
0.22050952911376953 88
0.2257843017578125 92
0.230072021484375 94
0.23516130447387695 97
0.23966073989868164 100
0.24436402320861816 102
0.24927210807800293 106
0.2539818286895752 108
0.25847816467285156 110
0.2635462284088135 114
0.269334077835083 118
0.274080753326416 120
0.27880191802978516 123
0.2836027145385742 126
0.2885448932647705 130
0.2935924530029297 132
0.2980532646179199 134
0.30316925048828125 136
0.3075399398803711 140
0.31256723403930664 142
0.31695103645324707 146
0.3231208324432373 148
0.32767629623413086 152
0.33287763595581055 156
0.33856749534606934 159
0.34430408477783203 162
0.34919309616088867 165
0.3538823127746582 168
0.3583862781524658 170
0.3633534908294678 172
0.3677077293395996 178
0.3737301826477051 180
0.37823486328125 182
0.38327455520629883 186
0.38779449462890625 188
0.39301180839538574 192
0.3982560634613037 194
0.40328478813171387 197
0.4076550006866455 200
0.4128415584564209 203
0.41700148582458496 206
0.42320990562438965 209
0.4276406764984131 212
0.43282151222229004 215
0.4369935989379883 217
0.4413273334503174 221
0.44646263122558594 223
0.45108652114868164 227
0.45610785484313965 229
0.4604170322418213 232
0.46564149856567383 235
0.4700026512145996 239
0.47586798667907715 241
0.4801793098449707 244
0.4853198528289795 247
0.4898567199707031 250
0.4953267574310303 253
0.49983835220336914 256
0.5045137405395508 258
0.5095572471618652 262
0.5142908096313477 264
0.5190362930297852 268
0.5248205661773682 272
0.5296227931976318 274
0.5343043804168701 276
0.5391194820404053 280
0.5438728332519531 282
0.548391580581665 284
0.5533914566040039 288
0.5577671527862549 291
0.5629854202270508 293
0.567406177520752 297
0.5724883079528809 300
0.5779955387115479 303
0.5830991268157959 306
0.5885670185089111 310
0.59590744972229 315
0.6029365062713623 318
0.6089804172515869 322
0.6153175830841064 326
0.6212759017944336 330
0.6296005249023438 335
0.6360371112823486 339
0.6433205604553223 342
0.6494355201721191 348
0.6560437679290771 351
0.663163423538208 355
0.6690378189086914 358
0.6738510131835938 361
0.6794693470001221 364
0.6841921806335449 367
0.689277172088623 370
0.6939530372619629 373
0.6992721557617188 376
0.7039692401885986 381
0.7130532264709473 384
0.7175548076629639 387
0.7225468158721924 391
0.7280228137969971 393
0.7331314086914062 396
0.7377011775970459 399
0.7429196834564209 402
0.7473485469818115 405
0.7523899078369141 408
0.756544828414917 410
0.7611427307128906 414
0.7661440372467041 416
0.7714481353759766 420
0.7776744365692139 424
0.7829544544219971 426
0.7875170707702637 430
0.7928063869476318 432
0.7969813346862793 434
0.8013124465942383 438
0.807274341583252 440
0.8119428157806396 444
0.8164658546447754 446
0.8210232257843018 450
0.8260135650634766 452
0.8313412666320801 456
0.8363285064697266 458
0.8408958911895752 462
0.8464889526367188 464
0.8513951301574707 468
0.8563597202301025 470
0.8609201908111572 474
0.8660814762115479 476
0.8703951835632324 479
0.8756096363067627 482
0.8809561729431152 486
0.8859858512878418 488
0.8902750015258789 491
0.895378828048706 494
0.899860143661499 497
0.9048027992248535 500
0.9098620414733887 503
0.914886474609375 507
0.9196736812591553 509
0.924358606338501 512
0.9300491809844971 515
0.9351387023925781 519
0.9396378993988037 521
0.9443261623382568 524
0.9491908550262451 527
0.953873872756958 530
0.958392858505249 532
0.9634115695953369 536
0.9677743911743164 538
0.9729533195495605 540
0.9772558212280273 544
0.9833517074584961 548
0.9878742694854736 550
0.9930603504180908 552
0.9973232746124268 556
