0 0
7.581710815429688e-05 0
0.019954204559326172 0
0.030139923095703125 0
0.039855241775512695 0
0.04482579231262207 0
0.049607276916503906 -1
0.055576324462890625 -1
0.06033134460449219 -2
0.06548714637756348 -2
0.07023978233337402 -2
0.07529258728027344 -3
0.08002805709838867 -3
0.08498811721801758 -4
0.0897684097290039 -4
0.09432840347290039 -5
0.09938693046569824 -5
0.10524797439575195 -6
0.1099698543548584 -6
0.11451244354248047 -7
0.11957454681396484 -8
0.1242063045501709 -8
0.1292731761932373 -9
0.13434672355651855 -9
0.1393883228302002 -10
0.14401674270629883 -10
0.1492464542388916 -11
0.1545722484588623 -12
0.159623384475708 -12
0.16414642333984375 -13
0.16923761367797852 -13
0.17360687255859375 -14
0.17887258529663086 -14
0.18320369720458984 -15
0.18790531158447266 -16
0.19251418113708496 -16
0.1971757411956787 -17
0.20355463027954102 -18
0.20885324478149414 -18
0.21307635307312012 -19
0.21741986274719238 -20
0.22243714332580566 -20
0.22705912590026855 -21
0.23225784301757812 -22
0.23737144470214844 -22
0.24329376220703125 -23
0.24959945678710938 -24
0.2553243637084961 -25
0.2600991725921631 -25
0.2651503086090088 -26
0.26987648010253906 -26
0.2744302749633789 -27
0.2795093059539795 -28
0.28401708602905273 -28
0.2892136573791504 -29
0.2935976982116699 -30
0.29880452156066895 -30
0.30301499366760254 -31
0.3092193603515625 -32
0.31361937522888184 -32
0.31888699531555176 -33
0.3233458995819092 -34
0.32840538024902344 -34
0.33259153366088867 -35
0.3385171890258789 -35
0.3429596424102783 -36
0.34734487533569336 -37
0.35236549377441406 -38
0.3588712215423584 -38
0.3633418083190918 -39
0.3680155277252197 -39
0.372589111328125 -40
0.3772134780883789 -41
0.38237977027893066 -41
0.3869936466217041 -42
0.392031192779541 -42
0.39633846282958984 -43
0.4016733169555664 -44
0.40704965591430664 -45
0.4120826721191406 -45
0.416426420211792 -46
0.4216744899749756 -46
0.4260084629058838 -47
0.4311368465423584 -48
0.4356873035430908 -48
0.4404304027557373 -49
0.4459340572357178 -50
0.45096588134765625 -50
0.455610990524292 -51
0.4617171287536621 -52
0.4660806655883789 -52
0.47118210792541504 -53
0.47571682929992676 -54
0.48047327995300293 -54
0.48535656929016113 -55
0.4901237487792969 -56
0.49516868591308594 -56
0.49991273880004883 -57
0.5050013065338135 -58
0.5108726024627686 -58
0.515557050704956 -59
0.5203204154968262 -59
0.5252070426940918 -60
0.5299248695373535 -61
0.5345046520233154 -62
0.5395567417144775 -64
0.5573647022247314 -65
0.5638115406036377 -65
0.5690414905548096 -66
0.5736086368560791 -66
0.5792312622070312 -67
0.5840070247650146 -68
0.589165449142456 -68
0.5935938358306885 -69
0.598839282989502 -70
0.6038358211517334 -71
0.6111550331115723 -72
0.6156980991363525 -72
0.6204485893249512 -73
0.625546932220459 -74
0.6302995681762695 -74
0.6351869106292725 -75
0.6399221420288086 -75
0.6453237533569336 -76
0.6500706672668457 -77
0.6548187732696533 -78
0.6603684425354004 -78
0.6663269996643066 -79
0.6722729206085205 -80
0.6768476963043213 -80
0.6820812225341797 -81
0.6864430904388428 -81
0.6917221546173096 -82
0.6962087154388428 -83
0.7013504505157471 -84
0.7058959007263184 -84
0.7120029926300049 -85
0.7163386344909668 -85
0.7216341495513916 -86
0.7260239124298096 -86
0.7316632270812988 -87
0.7363765239715576 -88
0.7422101497650146 -89
0.7472970485687256 -90
0.7525160312652588 -90
0.7571144104003906 -91
0.7633144855499268 -92
0.7680225372314453 -92
0.7725708484649658 -93
0.7772476673126221 -94
0.7822606563568115 -94
0.7868587970733643 -95
0.7919802665710449 -95
0.7963330745697021 -96
0.8017621040344238 -97
0.8061540126800537 -97
0.8112802505493164 -98
0.8165905475616455 -99
0.8218843936920166 -99
0.8262424468994141 -100
0.8313632011413574 -100
0.8359591960906982 -101
0.8409819602966309 -102
0.8456428050994873 -102
0.8512217998504639 -103
0.8557953834533691 -104
0.8605504035949707 -104
0.8664653301239014 -105
0.8717672824859619 -106
0.8761248588562012 -106
0.8812448978424072 -107
0.8859877586364746 -108
0.891099214553833 -108
0.8956887722015381 -109
0.9005100727081299 -110
0.9056107997894287 -110
0.9103550910949707 -111
0.9160459041595459 -112
0.9211781024932861 -112
0.92592453956604 -113
0.9309554100036621 -114
0.9356281757354736 -114
0.940363883972168 -115
0.9452657699584961 -116
0.9504647254943848 -116
0.955390453338623 -117
0.9601199626922607 -118
0.9657530784606934 -118
0.9705610275268555 -119
0.9754679203033447 -120
0.9802548885345459 -120
0.9853436946868896 -121
0.9900963306427002 -122
0.9948568344116211 -122
0.9997317790985107 -123
