0 0
7.200241088867188e-05 0
0.010032892227172852 0
0.014768838882446289 0
0.01954817771911621 1
0.024353981018066406 2
0.02891850471496582 2
0.033940792083740234 4
0.03984332084655762 6
0.04459190368652344 7
0.04907560348510742 9
0.05410170555114746 11
0.05862283706665039 13
0.06371116638183594 14
0.0680549144744873 17
0.07307648658752441 19
0.0781545639038086 22
0.08343029022216797 26
0.08906364440917969 29
0.09446239471435547 32
0.09945130348205566 35
0.1042625904083252 38
0.10878729820251465 40
0.11385416984558105 44
0.1182246208190918 46
0.12347960472106934 49
0.12780356407165527 53
0.13250398635864258 57
0.13823485374450684 60
0.1434614658355713 62
0.14850068092346191 68
0.15470004081726074 72
0.16077971458435059 76
0.1677391529083252 81
0.1740403175354004 85
0.18032193183898926 89
0.18815922737121582 96
0.1944725513458252 100
0.20033025741577148 104
0.2066195011138916 108
0.21305561065673828 114
0.21905183792114258 119
0.22566676139831543 123
0.231614351272583 128
0.23902416229248047 134
0.2444169521331787 136
0.24900317192077637 141
0.25412964820861816 144
0.2586503028869629 147
0.2637217044830322 150
0.26808977127075195 155
0.27334117889404297 158
0.27833056449890137 162
0.2835536003112793 165
0.28783130645751953 170
0.29395508766174316 174
0.2983710765838623 178
0.3036162853240967 181
0.30802059173583984 185
0.3130457401275635 188
0.31748247146606445 191
0.3218247890472412 196
0.32682347297668457 199
0.331439733505249 204
0.33661603927612305 207
0.3424403667449951 211
0.34700989723205566 214
0.35161280632019043 219
0.3570072650909424 224
0.36383605003356934 228
0.3683741092681885 231
0.3735966682434082 234
0.37790536880493164 239
0.38376450538635254 242
0.3882737159729004 248
0.3943049907684326 251
0.3990318775177002 256
0.4040801525115967 259
0.40865278244018555 262
0.41370701789855957 265
0.418079137802124 270
0.4232778549194336 273
0.42749595642089844 276
0.4318203926086426 280
0.43682432174682617 284
0.44296813011169434 288
0.44744396209716797 292
0.45181703567504883 296
0.4569828510284424 299
0.4616243839263916 304
0.4667038917541504 307
0.47102928161621094 310
0.4763298034667969 314
0.4806807041168213 319
0.48652029037475586 322
0.49087023735046387 327
0.49691271781921387 330
0.5014889240264893 334
0.5065085887908936 338
0.5108237266540527 341
0.5162515640258789 346
0.5206117630004883 348
0.5257580280303955 353
0.5302815437316895 356
0.5350120067596436 359
0.539879322052002 364
0.5457499027252197 369
0.5503654479980469 373
0.5566976070404053 377
0.5616862773895264 381
0.5666666030883789 384
0.5710046291351318 387
0.5764994621276855 392
0.5818464756011963 397
0.5880584716796875 401
0.5935618877410889 406
0.5989463329315186 410
0.6040408611297607 414
0.608504056930542 416
0.6136696338653564 421
0.6182293891906738 424
0.6234652996063232 427
0.6277611255645752 432
0.6324572563171387 435
0.6374232769012451 438
0.641791582107544 443
0.6480464935302734 448
0.653733491897583 452
0.6582567691802979 455
0.6641702651977539 463
0.6730532646179199 468
0.6786768436431885 470
0.6837174892425537 475
0.6882877349853516 478
0.6939525604248047 483
0.6998920440673828 488
0.7046339511871338 491
0.7094552516937256 495
0.7142512798309326 498
0.7187705039978027 502
0.7238368988037109 506
0.7282264232635498 511
0.7362236976623535 516
0.740537166595459 518
0.7456607818603516 523
0.7514064311981201 528
0.756584644317627 531
0.7609398365020752 534
0.7662484645843506 538
0.7709386348724365 542
0.7762279510498047 546
0.7805349826812744 551
0.7886431217193604 557
0.7943735122680664 560
0.8000946044921875 565
0.8048193454742432 568
0.8096840381622314 572
0.8167209625244141 577
0.8210716247558594 582
0.8263235092163086 585
0.8306634426116943 588
0.8357882499694824 593
0.8403503894805908 596
0.8453207015991211 600
0.8530154228210449 606
0.8582165241241455 609
0.8634343147277832 612
0.867753267288208 616
0.8723978996276855 620
0.8774001598358154 623
0.8817658424377441 628
0.8867452144622803 631
0.8910462856292725 636
0.896683931350708 640
0.9030389785766602 643
0.9074594974517822 646
0.9118037223815918 651
0.9167935848236084 654
0.92140793800354 659
0.9264209270477295 662
0.9307348728179932 665
0.9358255863189697 670
0.9405670166015625 672
0.945641040802002 677
0.951563835144043 682
0.9565892219543457 685
0.9609222412109375 688
0.9661622047424316 692
0.9704961776733398 696
0.9754693508148193 700
0.9801414012908936 704
0.9848334789276123 706
0.9896976947784424 711
0.9948887825012207 714
0.9999628067016602 719
