0 0
0.00045371055603027344 0
0.01874375343322754 0
0.0314481258392334 1
0.04374885559082031 2
0.0516510009765625 4
0.06282830238342285 5
0.06844806671142578 6
0.07306861877441406 7
0.07818818092346191 8
0.08281421661376953 8
0.08790254592895508 10
0.09264159202575684 10
0.09782123565673828 11
0.10236501693725586 13
0.10767531394958496 14
0.11306571960449219 16
0.11823296546936035 16
0.12285113334655762 18
0.12797212600708008 19
0.1324751377105713 20
0.13782572746276855 22
0.14234280586242676 22
0.1476433277130127 24
0.15225458145141602 25
0.15757441520690918 27
0.16306376457214355 28
0.16866207122802734 30
0.17356038093566895 31
0.1784660816192627 32
0.1831059455871582 34
0.18820428848266602 35
0.19287800788879395 36
0.1980457305908203 38
0.20262455940246582 39
0.20781564712524414 40
0.21375250816345215 42
0.21859169006347656 44
0.22460603713989258 46
0.2306079864501953 47
0.23502469062805176 48
0.24064254760742188 50
0.24507761001586914 52
0.2504594326019287 52
0.2548649311065674 54
0.2602074146270752 56
0.2656123638153076 58
0.27159667015075684 58
0.2764863967895508 60
0.2811553478240967 61
0.28583216667175293 63
0.2909362316131592 64
0.29559946060180664 66
0.30071043968200684 67
0.3051459789276123 69
0.3104822635650635 70
0.31585144996643066 72
0.3209536075592041 73
0.32563138008117676 74
0.3309299945831299 76
0.3356635570526123 77
0.340761661529541 78
0.34514713287353516 80
0.35076141357421875 82
0.3558187484741211 83
0.36092376708984375 85
0.36745357513427734 86
0.3719301223754883 88
0.3777916431427002 89
0.38224029541015625 91
0.3875720500946045 92
0.39216017723083496 94
0.3974428176879883 95
0.4019339084625244 96
0.4070768356323242 98
0.4121534824371338 100
0.41828370094299316 101
0.4229264259338379 102
0.4280674457550049 104
0.4326198101043701 105
0.43782496452331543 107
0.442307710647583 108
0.4476461410522461 110
0.4523155689239502 111
0.4576108455657959 112
0.46198034286499023 114
0.46815943717956543 116
0.4728415012359619 117
0.4784862995147705 118
0.4835495948791504 120
0.4884660243988037 122
0.4937880039215088 123
0.4990499019622803 124
0.5040061473846436 126
0.508824348449707 127
0.5140566825866699 129
0.5198988914489746 131
0.5245246887207031 132
0.5297157764434814 134
0.5344412326812744 135
0.5395677089691162 136
0.5442848205566406 138
0.5490970611572266 140
0.5582671165466309 142
0.5644629001617432 144
0.5709571838378906 145
0.5756855010986328 147
0.5818719863891602 149
0.5876119136810303 150
0.5921003818511963 152
0.5974032878875732 153
0.6017858982086182 154
0.6065809726715088 156
0.6116833686828613 158
0.6179080009460449 160
0.6245269775390625 161
0.6296954154968262 162
0.6344881057739258 164
0.6396567821502686 166
0.6442852020263672 166
0.6491055488586426 168
0.6540536880493164 170
0.6588637828826904 171
0.663853645324707 172
0.6686666011810303 174
0.6744732856750488 176
0.6805222034454346 177
0.6871392726898193 179
0.6923096179962158 181
0.6976349353790283 182
0.7021150588989258 184
0.7074170112609863 185
0.711848258972168 186
0.7169818878173828 188
0.7225656509399414 190
0.7278120517730713 191
0.732306957244873 192
0.7376151084899902 194
0.7428438663482666 195
0.7479667663574219 197
0.7527549266815186 198
0.7578728199005127 200
0.7623488903045654 201
0.7676448822021484 203
0.7730615139007568 204
0.778214693069458 206
0.7828173637390137 207
0.788421630859375 208
0.7930662631988525 210
0.7985990047454834 211
0.8034656047821045 213
0.8083610534667969 214
0.8131439685821533 216
0.8183412551879883 217
0.8241004943847656 219
0.8289413452148438 220
0.8339107036590576 222
0.8387575149536133 223
0.8437137603759766 225
0.8485331535339355 226
0.8533957004547119 228
0.8583188056945801 229
0.8629629611968994 230
0.8680987358093262 232
0.8740487098693848 234
0.8788540363311768 234
0.8838396072387695 236
0.8891565799713135 238
0.894167423248291 239
0.8989808559417725 240
0.9039256572723389 242
0.9087774753570557 243
0.9137470722198486 245
0.9185585975646973 246
0.924288272857666 248
0.9291319847106934 250
0.9342527389526367 251
0.9393939971923828 252
0.9441440105438232 254
0.9489231109619141 255
0.9539077281951904 257
0.9587135314941406 258
0.9635813236236572 260
0.9684770107269287 261
0.9731044769287109 262
0.979076623916626 264
0.9840395450592041 265
0.9894657135009766 267
0.9943830966949463 268
0.9994451999664307 270
