00
8.845329284667969e-05 0
0.01886439323425293 0
0.03099822998046875 1
0.038910627365112305 1
0.048836708068847656 2
0.06096053123474121 3
0.06937050819396973 3
0.0743410587310791 3
0.07914066314697266 3
0.08424973487854004 4
0.08904290199279785 5
0.09388208389282227 5
0.09875011444091797 6
0.10373973846435547 6
0.1086118221282959 7
0.11320281028747559 7
0.11908364295959473 8
0.12404370307922363 9
0.12917637825012207 9
0.13413333892822266 10
0.13892030715942383 10
0.14373016357421875 11
0.14863348007202148 11
0.15326380729675293 12
0.1584172248840332 13
0.16325712203979492 13
0.16925263404846191 15
0.18615221977233887 16
0.1913902759552002 17
0.19605422019958496 17
0.20134758949279785 18
0.2060554027557373 19
0.21170282363891602 19
0.21612310409545898 20
0.22263598442077637 21
0.22797775268554688 22
0.23517441749572754 23
0.241194486618042 23
0.24585771560668945 24
0.25096845626831055 25
0.25537753105163574 25
0.2607393264770508 26
0.26513218879699707 27
0.27126383781433105 27
0.27598047256469727 28
0.2812361717224121 29
0.28595614433288574 29
0.2913491725921631 30
0.2977907657623291 31
0.30217909812927246 31
0.30730295181274414 32
0.31182217597961426 33
0.3162660598754883 33
0.32248902320861816 34
0.3278205394744873 35
0.3327522277832031 35
0.3380720615386963 37
0.3427269458770752 37
0.34804654121398926 37
0.3524918556213379 38
0.3577907085418701 39
0.3621702194213867 39
0.3673207759857178 40
0.3728783130645752 41
0.37810468673706055 41
0.38256192207336426 42
0.38787245750427246 43
0.39223384857177734 43
0.39835071563720703 44
0.40312862396240234 45
0.40823984146118164 45
0.41269421577453613 46
0.4180440902709961 47
0.4234318733215332 48
0.42857909202575684 48
0.4331991672515869 49
0.43880224227905273 49
0.44342780113220215 50
0.44856953620910645 51
0.4532496929168701 51
0.4583933353424072 52
0.4631531238555908 53
0.4682626724243164 53
0.4740743637084961 54
0.4789116382598877 55
0.48372817039489746 56
0.48862695693969727 56
0.49326014518737793 57
0.4984893798828125 58
0.5031130313873291 58
0.5082314014434814 59
0.5127267837524414 59
0.5180082321166992 60
0.5226223468780518 61
0.5287599563598633 62
0.5334234237670898 63
0.539031982421875 63
0.5438807010650635 64
0.5487856864929199 64
0.5533883571624756 65
0.5585322380065918 66
0.5631377696990967 67
0.5690727233886719 67
0.5739216804504395 68
0.5806925296783447 69
0.5851180553436279 69
0.5903029441833496 70
0.5949130058288574 71
0.6000950336456299 71
0.6051712036132812 72
0.6107909679412842 73
0.61739182472229 73
0.6234390735626221 75
0.6314029693603516 75
0.6385660171508789 77
0.6453261375427246 77
0.6526298522949219 78
0.6593506336212158 79
0.6654355525970459 80
0.6726861000061035 81
0.6806440353393555 82
0.687347412109375 83
0.6932616233825684 84
0.6984200477600098 84
0.7032246589660645 85
0.7083611488342285 85
0.712928295135498 86
0.7181243896484375 87
0.7226066589355469 87
0.7285490036010742 88
0.7333502769470215 89
0.7388653755187988 89
0.744276762008667 91
0.7490730285644531 91
0.7540543079376221 92
0.7588567733764648 92
0.7639110088348389 93
0.7687861919403076 93
0.7734179496765137 95
0.7793383598327637 95
0.7843072414398193 96
0.789130687713623 96
0.7940516471862793 97
0.7988085746765137 97
0.8047187328338623 99
0.8108570575714111 99
0.8152332305908203 100
0.8207075595855713 101
0.8251430988311768 101
0.8313271999359131 102
0.836031436920166 103
0.8411364555358887 103
0.8462421894073486 104
0.8518469333648682 105
0.8562848567962646 105
0.8617889881134033 106
0.866241455078125 107
0.8713366985321045 107
0.8760323524475098 108
0.8825695514678955 109
0.8879184722900391 109
0.8923125267028809 110
0.8977077007293701 111
0.9020798206329346 111
0.9068717956542969 112
0.9117152690887451 113
0.9161579608917236 113
0.9212470054626465 114
0.9259159564971924 115
0.9321746826171875 115
0.9373118877410889 116
0.942112922668457 117
0.9480085372924805 117
0.9525477886199951 118
0.9578702449798584 119
0.9622313976287842 119
0.9673469066619873 120
0.9718513488769531 121
0.9762911796569824 121
0.9825494289398193 122
0.9878852367401123 123
0.9924838542938232 123
0.9977974891662598 124
