00
7.414817810058594e-05 0
0.02227020263671875 0
0.03269004821777344 -1
0.04053044319152832 -2
0.05265355110168457 -3
0.06050872802734375 -6
0.07258343696594238 -7
0.07690572738647461 -8
0.0822136402130127 -10
0.08655834197998047 -11
0.09166359901428223 -13
0.09630179405212402 -14
0.10131287574768066 -15
0.10594820976257324 -17
0.11063575744628906 -19
0.11616826057434082 -21
0.12230587005615234 -23
0.126633882522583 -24
0.13170075416564941 -27
0.13637876510620117 -28
0.14138531684875488 -30
0.14601373672485352 -32
0.15070509910583496 -33
0.1555793285369873 -35
0.1602647304534912 -37
0.16484379768371582 -39
0.1699209213256836 -41
0.17558622360229492 -44
0.1802842617034912 -45
0.18485498428344727 -48
0.18991947174072266 -49
0.19459199905395508 -51
0.19965267181396484 -53
0.20407414436340332 -55
0.20929741859436035 -57
0.21362519264221191 -59
0.2194530963897705 -66
0.2367870807647705 -69
0.2422935962677002 -72
0.24666404724121094 -73
0.2517726421356201 -76
0.2565767765045166 -78
0.2616710662841797 -80
0.26644110679626465 -82
0.27153873443603516 -85
0.2767984867095947 -87
0.28235578536987305 -90
0.2899773120880127 -93
0.2946281433105469 -94
0.29963159561157227 -96
0.304002046585083 -99
0.3092005252838135 -101
0.31365060806274414 -102
0.3183023929595947 -105
0.32375025749206543 -107
0.3297867774963379 -110
0.3341705799102783 -112
0.33936262130737305 -113
0.34444165229797363 -116
0.3498706817626953 -119
0.3542516231536865 -121
0.3594684600830078 -123
0.36374807357788086 -125
0.36840224266052246 -127
0.37360048294067383 -129
0.37973570823669434 -132
0.3841116428375244 -134
0.3893606662750244 -136
0.39365243911743164 -137
0.3983161449432373 -140
0.4028959274291992 -142
0.40752553939819336 -145
0.4125854969024658 -146
0.4169132709503174 -148
0.4226646423339844 -151
0.42841196060180664 -153
0.43337154388427734 -155
0.4377288818359375 -158
0.4427213668823242 -159
0.4473085403442383 -162
0.45233964920043945 -164
0.45665597915649414 -166
0.46173524856567383 -169
0.46628570556640625 -170
0.47125840187072754 -172
0.4759073257446289 -175
0.4817779064178467 -177
0.4863126277923584 -179
0.4913749694824219 -182
0.49621033668518066 -183
0.5009396076202393 -186
0.5060219764709473 -188
0.5107026100158691 -190
0.5155856609344482 -192
0.5203342437744141 -194
0.5248801708221436 -197
0.5315132141113281 -199
0.5360300540924072 -201
0.5407276153564453 -203
0.5456085205078125 -205
0.5503008365631104 -207
0.5551838874816895 -210
0.5600049495697021 -212
0.5645511150360107 -213
0.5696039199829102 -215
0.5739567279815674 -218
0.5799903869628906 -221
0.5846014022827148 -222
0.5896427631378174 -224
0.5940444469451904 -227
0.5992307662963867 -229
0.6033999919891357 -230
0.6095712184906006 -234
0.6146414279937744 -235
0.619666576385498 -237
0.6241111755371094 -240
0.6305012702941895 -243
0.6355855464935303 -245
0.640282154083252 -247
0.6448209285736084 -250
0.6505932807922363 -251
0.6553874015808105 -254
0.6602139472961426 -256
0.664762020111084 -258
0.6697795391082764 -260
0.6744084358215332 -262
0.6795690059661865 -265
0.6849114894866943 -267
0.69000244140625 -269
0.6959567070007324 -272
0.7006800174713135 -273
0.7055575847625732 -276
0.710277795791626 -278
0.7148478031158447 -280
0.7198934555053711 -283
0.7243049144744873 -284
0.7299940586090088 -288
0.7365939617156982 -289
0.7424941062927246 -292
0.749528169631958 -295
0.7548773288726807 -298
0.7616531848907471 -301
0.7677085399627686 -303
0.7743761539459229 -307
0.7806570529937744 -310
0.7883765697479248 -313
0.7947952747344971 -316
0.800961971282959 -319
0.80696702003479 -321
0.8140344619750977 -325
0.8204436302185059 -327
0.8265771865844727 -331
0.835688591003418 -334
0.8422305583953857 -336
0.84847092628479 -339
0.8545393943786621 -343
0.860623836517334 -344
0.8654303550720215 -347
0.8702285289764404 -349
0.8749008178710938 -351
0.8799307346343994 -353
0.8855912685394287 -356
0.8903107643127441 -357
0.8952581882476807 -360
0.9000651836395264 -362
0.9046344757080078 -364
0.9096875190734863 -366
0.9142522811889648 -368
0.9194393157958984 -370
0.923743486404419 -373
0.9283998012542725 -374
0.9329385757446289 -377
0.9397306442260742 -379
0.944166898727417 -381
0.9493696689605713 -383
0.9536669254302979 -385
0.9583010673522949 -387
0.9628584384918213 -389
0.967430830001831 -392
0.9725956916809082 -393
0.9769120216369629 -395
0.982276201248169 -398
0.9876465797424316 -401
0.9926700592041016 -403
0.997220516204834 -405
