00
7.271766662597656e-05 0
0.022562265396118164 -1
0.028237581253051758 -2
0.0426790714263916 -4
0.05065035820007324 -7
0.06265735626220703 -9
0.0675058364868164 -11
0.07209348678588867 -13
0.07767438888549805 -15
0.08264350891113281 -17
0.08746933937072754 -19
0.09204983711242676 -20
0.0971062183380127 -23
0.10151243209838867 -25
0.10676097869873047 -27
0.11108851432800293 -29
0.11726236343383789 -32
0.12204861640930176 -34
0.12711739540100098 -37
0.14896702766418457 -50
0.15677380561828613 -52
0.16143131256103516 -56
0.1674501895904541 -59
0.17223310470581055 -61
0.1781020164489746 -64
0.18323206901550293 -67
0.18797802925109863 -71
0.19700407981872559 -76
0.2059028148651123 -84
0.2173612117767334 -90
0.2279508113861084 -95
0.23827242851257324 -104
0.25199437141418457 -111
0.2667067050933838 -116
0.2770240306854248 -122
0.2871134281158447 -129
0.29709625244140625 -134
0.30704331398010254 -140
0.3173713684082031 -149
0.3300471305847168 -155
0.34018778800964355 -161
0.35108423233032227 -166
0.3627912998199463 -175
0.37346792221069336 -180
0.38672304153442383 -187
0.39893436431884766 -194
0.4095184803009033 -201
0.4207420349121094 -208
0.43100690841674805 -215
0.4414987564086914 -221
0.4522378444671631 -227
0.4651670455932617 -237
0.4772984981536865 -241
0.4895191192626953 -250
0.501014232635498 -253
0.5057625770568848 -255
0.5109786987304688 -259
0.5157046318054199 -263
0.5217821598052979 -265
0.5269474983215332 -269
0.5315761566162109 -271
0.5368514060974121 -273
0.5414445400238037 -277
0.546720027923584 -281
0.5519206523895264 -284
0.5580778121948242 -287
0.5631959438323975 -290
0.5679457187652588 -293
0.5736682415008545 -296
0.5787055492401123 -299
0.5834183692932129 -302
0.5890026092529297 -305
0.5936002731323242 -308
0.5986313819885254 -310
0.6033263206481934 -313
0.6080837249755859 -317
0.613978385925293 -319
0.6190931797027588 -323
0.6247918605804443 -327
0.6298408508300781 -329
0.6341967582702637 -333
0.6397244930267334 -335
0.6440713405609131 -337
0.6494019031524658 -341
0.6537802219390869 -343
0.6589248180389404 -347
0.6635360717773438 -349
0.6685640811920166 -353
0.6740150451660156 -355
0.6791472434997559 -359
0.683889627456665 -362
0.6896936893463135 -365
0.6940691471099854 -367
0.6994140148162842 -370
0.70379638671875 -373
0.7089204788208008 -376
0.7135186195373535 -379
0.7186179161071777 -382
0.7240679264068604 -385
0.7293739318847656 -388
0.7337605953216553 -391
0.7388999462127686 -394
0.7436435222625732 -396
0.7486791610717773 -400
0.7533981800079346 -402
0.7581312656402588 -405
0.7630760669708252 -408
0.7678349018096924 -411
0.773728609085083 -414
0.7789092063903809 -417
0.7834584712982178 -420
0.7882118225097656 -423
0.7936904430389404 -426
0.7987279891967773 -429
0.8035705089569092 -432
0.8086249828338623 -434
0.813326358795166 -438
0.8180890083312988 -440
0.8230326175689697 -443
0.8289837837219238 -447
0.8335652351379395 -449
0.8385956287384033 -452
0.8432836532592773 -455
0.8480491638183594 -458
0.8530025482177734 -461
0.8577699661254883 -464
0.8627943992614746 -467
0.8676726818084717 -470
0.8722543716430664 -473
0.8781440258026123 -475
0.8830668926239014 -479
0.8878281116485596 -481
0.893589973449707 -485
0.8990218639373779 -489
0.9041657447814941 -491
0.909492015838623 -495
0.913912296295166 -497
0.9190895557403564 -501
0.9242513179779053 -504
0.9305901527404785 -506
0.9349961280822754 -510
0.9400482177734375 -512
0.9446842670440674 -516
0.9497721195220947 -518
0.9541501998901367 -522
0.959583044052124 -524
0.9639766216278076 -527
0.9690778255462646 -530
0.9736979007720947 -533
0.9799890518188477 -536
0.9846115112304688 -539
0.9897170066833496 -542
0.9940640926361084 -545
0.9998264312744141 -548
