00
7.772445678710938e-05 0
0.020409584045410156 0
0.030240774154663086 -1
0.038427114486694336 -2
0.05037403106689453 -3
0.061209678649902344 -5
0.0702064037322998 -6
0.0753471851348877 -7
0.07993721961975098 -8
0.08510518074035645 -9
0.08982086181640625 -10
0.09485459327697754 -10
0.09953641891479492 -12
0.10431385040283203 -13
0.10962486267089844 -14
0.11493039131164551 -16
0.12046241760253906 -17
0.1258082389831543 -18
0.13019251823425293 -19
0.13531827926635742 -20
0.13991713523864746 -22
0.14504528045654297 -23
0.1498088836669922 -24
0.15483808517456055 -26
0.1596672534942627 -27
0.16449570655822754 -28
0.17022991180419922 -30
0.17603802680969238 -31
0.18043041229248047 -32
0.18578124046325684 -34
0.19018936157226562 -35
0.19531559944152832 -36
0.19990897178649902 -38
0.205061674118042 -39
0.20978903770446777 -40
0.21483254432678223 -42
0.22027802467346191 -43
0.22575712203979492 -45
0.23018407821655273 -46
0.23537445068359375 -48
0.23996853828430176 -49
0.24512457847595215 -50
0.2497398853302002 -52
0.2545130252838135 -53
0.25942349433898926 -54
0.26422953605651855 -56
0.27010273933410645 -58
0.27620887756347656 -59
0.2818763256072998 -61
0.2869257926940918 -62
0.2913627624511719 -64
0.2963864803314209 -65
0.30103325843811035 -66
0.3061509132385254 -68
0.3105156421661377 -69
0.3158097267150879 -70
0.32123327255249023 -72
0.3264350891113281 -73
0.33112502098083496 -75
0.33617472648620605 -76
0.3405284881591797 -78
0.34600353240966797 -79
0.3503856658935547 -80
0.3557159900665283 -82
0.3601202964782715 -83
0.3652935028076172 -85
0.3711535930633545 -86
0.3773226737976074 -88
0.38306379318237305 -90
0.388202428817749 -91
0.39328622817993164 -93
0.39771175384521484 -94
0.4030020236968994 -95
0.4073512554168701 -97
0.4124464988708496 -98
0.41719651222229004 -100
0.4233553409576416 -101
0.4278264045715332 -102
0.4330883026123047 -104
0.43749356269836426 -105
0.44275474548339844 -106
0.44728779792785645 -108
0.4523806571960449 -110
0.4568514823913574 -110
0.46127867698669434 -112
0.466310977935791 -114
0.4727754592895508 -115
0.47706007957458496 -117
0.4830293655395508 -118
0.48738551139831543 -120
0.49279332160949707 -121
0.49704456329345703 -122
0.5018811225891113 -124
0.5069320201873779 -125
0.5113592147827148 -126
0.5170283317565918 -128
0.5231916904449463 -130
0.529254674911499 -132
0.5356411933898926 -134
0.5400266647338867 -135
0.5451815128326416 -136
0.5499556064605713 -138
0.555100679397583 -139
0.5596673488616943 -140
0.5644350051879883 -142
0.5695586204528809 -143
0.5756728649139404 -145
0.5800485610961914 -147
0.5858175754547119 -149
0.5944879055023193 -150
0.5995602607727051 -152
0.6043257713317871 -153
0.6094467639923096 -155
0.6142101287841797 -156
0.6193869113922119 -158
0.625342607498169 -159
0.6300804615020752 -160
0.6352252960205078 -162
0.63981032371521 -163
0.6456136703491211 -165
0.6510062217712402 -167
0.6561014652252197 -168
0.6604814529418945 -170
0.6658051013946533 -171
0.6701898574829102 -172
0.6765353679656982 -174
0.6812093257904053 -176
0.6872422695159912 -177
0.6919951438903809 -178
0.6967988014221191 -180
0.7012388706207275 -181
0.7063136100769043 -182
0.7109642028808594 -184
0.7160172462463379 -185
0.7204124927520752 -186
0.7264583110809326 -188
0.7311420440673828 -190
0.7362120151519775 -191
0.7408421039581299 -192
0.7460594177246094 -194
0.7504494190216064 -196
0.7558002471923828 -196
0.7601926326751709 -198
0.7653636932373047 -200
0.7699711322784424 -201
0.7751364707946777 -202
0.7832567691802979 -205
0.7897453308105469 -206
0.7956943511962891 -208
0.8000776767730713 -210
0.8059489727020264 -211
0.8103640079498291 -212
0.8156647682189941 -214
0.8200266361236572 -215
0.8256442546844482 -217
0.8319511413574219 -218
0.8368136882781982 -220
0.8412184715270996 -221
0.846923828125 -222
0.8513412475585938 -224
0.8570070266723633 -225
0.8613920211791992 -227
0.8669626712799072 -228
0.8713669776916504 -230
0.8764166831970215 -232
0.8828632831573486 -233
0.8872199058532715 -234
0.8930652141571045 -236
0.8974876403808594 -238
0.9027657508850098 -238
0.9070255756378174 -240
0.9114196300506592 -242
0.9164650440216064 -243
0.9228460788726807 -245
0.9279825687408447 -246
0.9339253902435303 -248
0.9389481544494629 -250
0.9438338279724121 -250
0.9484672546386719 -252
0.9535796642303467 -254
0.9581880569458008 -254
0.9632976055145264 -256
0.9677286148071289 -258
0.9730041027069092 -258
0.9773437976837158 -260
0.9834408760070801 -262
0.9882059097290039 -264
0.9938349723815918 -265
0.9984474182128906 -266
