0 0
0.0037598609924316406 0
0.01610851287841797 0
0.02310013771057129 1
0.02885913848876953 2
0.03554511070251465 3
0.04240870475769043 5
0.04787302017211914 7
0.054865360260009766 9
0.0617978572845459 12
0.06874370574951172 16
0.07587885856628418 19
0.08287429809570312 22
0.08869361877441406 27
0.09520721435546875 30
0.10206031799316406 34
0.1078329086303711 39
0.11588501930236816 45
0.12371039390563965 49
0.13054633140563965 53
0.13659000396728516 58
0.14325785636901855 61
0.14903998374938965 67
0.15574216842651367 71
0.16271519660949707 78
0.1700737476348877 82
0.17698383331298828 89
0.1837167739868164 96
0.1946721076965332 103
0.20171904563903809 107
0.2074422836303711 112
0.21448230743408203 119
0.222062349319458 123
0.227874755859375 128
0.23488306999206543 135
0.24196958541870117 139
0.2477884292602539 145
0.2545506954193115 149
0.2613224983215332 154
0.2670118808746338 161
0.2745218276977539 167
0.2816476821899414 172
0.28730297088623047 176
0.2940070629119873 180
0.3007688522338867 184
0.30672645568847656 189
0.3132786750793457 191
0.31901025772094727 195
0.32671165466308594 198
0.33331871032714844 199
0.3390381336212158 202
0.34569573402404785 203
0.3528869152069092 204
0.35858964920043945 205
0.3650546073913574 205
0.37296628952026367 204
0.37867283821105957 203
0.38577914237976074 202
0.3926994800567627 201
0.3984401226043701 200
0.4049198627471924 197
0.4119095802307129 196
0.41753482818603516 193
0.4251840114593506 191
0.4320054054260254 189
0.43764400482177734 188
0.44446611404418945 186
0.4511723518371582 184
0.4569389820098877 181
0.46799683570861816 179
0.47721362113952637 178
0.48471522331237793 176
0.49276041984558105 175
0.4984896183013916 175
0.5051891803741455 174
0.5119330883026123 174
0.517535924911499 173
0.5268354415893555 173
0.5341367721557617 173
0.5408592224121094 174
0.5467503070831299 174
0.553325891494751 175
0.5589711666107178 175
0.5655550956726074 175
0.5721249580383301 176
0.5789320468902588 177
0.5919675827026367 177
0.5975956916809082 178
0.6045916080474854 179
0.6113824844360352 179
0.6170942783355713 179
0.6235990524291992 180
0.6315503120422363 180
0.6371755599975586 181
0.6436953544616699 181
0.6501452922821045 181
0.6561279296875 181
0.6630749702453613 181
0.6687655448913574 181
0.675206184387207 181
0.6833353042602539 181
0.6905152797698975 181
0.6960773468017578 181
0.7029550075531006 181
0.7086026668548584 181
0.7151925563812256 181
0.7219607830047607 181
0.7287337779998779 181
0.735144853591919 181
0.741929292678833 181
0.747499942779541 181
0.7540493011474609 181
0.760761022567749 181
0.7668564319610596 181
0.7735233306884766 181
0.781264066696167 181
0.7869668006896973 181
0.7939231395721436 181
0.8006412982940674 181
0.8065729141235352 181
0.8131363391876221 181
0.8188338279724121 181
0.8252828121185303 181
0.8331863880157471 181
0.8389825820922852 181
0.8455972671508789 181
0.8524148464202881 181
0.8578574657440186 181
0.8645179271697998 181
0.8711857795715332 181
0.8769104480743408 181
0.8840508460998535 181
0.8907582759857178 181
0.8973779678344727 181
0.9039132595062256 181
0.9106090068817139 181
0.9161872863769531 181
0.923100471496582 181
0.9287924766540527 181
0.9360363483428955 181
0.9429097175598145 181
0.9485702514648438 181
0.955181360244751 181
0.9746360778808594 181
0.9935643672943115 181
1.009028434753418 181
1.0220699310302734 181
1.038928508758545 181
1.0559847354888916 181
1.0707852840423584 181
1.0769765377044678 181
1.0847218036651611 181
1.092010736465454 181
1.1006202697753906 181
1.1066877841949463 181
1.113363265991211 181
1.119016408920288 181
1.1257734298706055 181
1.1335973739624023 181
1.1401162147521973 181
1.1459245681762695 181
1.1529598236083984 181
1.1585943698883057 181
1.165022611618042 181
1.1717584133148193 181
1.1773416996002197 181
1.184840202331543 181
1.191798448562622 181
1.1974329948425293 181
1.2046043872833252 181
1.211259126663208 181
1.216947317123413 181
1.2235267162322998 181
1.2299439907073975 181
1.2369260787963867 181
1.243473768234253 181
1.2495293617248535 181
1.2559092044830322 181
1.2628211975097656 181
1.2684557437896729 181
1.2748994827270508 181
1.2818200588226318 181
1.2885866165161133 181
1.2949976921081543 181
1.3017315864562988 181
1.3079373836517334 181
1.3147976398468018 181
1.3215374946594238 181
1.3270952701568604 181
1.3336212635040283 181
1.3413355350494385 181
1.3470044136047363 181
1.3535096645355225 181
1.359924077987671 181
1.365724802017212 181
1.3728320598602295 181
1.3784801959991455 181
1.3849241733551025 181
1.3958637714385986 181
1.40299654006958 181
1.4094550609588623 181
1.4159142971038818 181
1.422973871231079 181
1.4287371635437012 181
1.4354627132415771 181
1.4431841373443604 181
1.448869228363037 181
1.455247163772583 181
1.4628605842590332 181
1.471156120300293 181
1.4780700206756592 181
1.4868361949920654 181
1.49739408493042 181
1.5056750774383545 181
1.514833688735962 181
1.523195743560791 181
1.5316119194030762 181
1.5388424396514893 181
1.5481417179107666 181
1.55499267578125 181
1.561979055404663 181
1.5675888061523438 181
1.5744585990905762 181
1.5809154510498047 181
1.5868051052093506 181
1.5941345691680908 181
1.6008646488189697 181
1.607614517211914 181
1.6149747371673584 181
1.6218006610870361 181
1.627413034439087 181
1.6338684558868408 181
1.6405959129333496 181
1.6471867561340332 181
1.6537554264068604 181
1.6604359149932861 181
1.665999174118042 181
1.67307448387146 181
1.6787426471710205 181
1.6851935386657715 181
1.6919777393341064 181
1.6987779140472412 181
1.7051739692687988 181
1.7119367122650146 181
1.71812105178833 181
1.7248082160949707 181
1.7326247692108154 181
1.7380561828613281 181
1.745697021484375 181
1.7525596618652344 181
1.7579565048217773 181
1.7645835876464844 181
1.771280288696289 181
1.7769534587860107 181
1.7834758758544922 181
1.792837381362915 181
1.8016669750213623 181
1.8072800636291504 181
1.8139512538909912 181
1.8215696811676025 181
1.8271939754486084 181
1.833728313446045 181
1.840151071548462 181
1.8470890522003174 181
1.8537867069244385 181
1.8605332374572754 181
1.8660645484924316 181
1.8729500770568848 181
1.8785927295684814 181
1.8849880695343018 181
1.8918125629425049 181
1.8984870910644531 181
1.904937505722046 181
1.9118542671203613 181
1.9174692630767822 181
1.9239468574523926 181
1.93064284324646 181
1.9367129802703857 181
1.9432120323181152 181
1.9506025314331055 181
1.9561631679534912 181
1.964181661605835 181
1.9708702564239502 181
1.976991891860962 181
1.983518362045288 181
1.989938735961914 181
1.9957330226898193 181
2.0033650398254395 181
2.009448528289795 181
2.0156264305114746 181
2.0228359699249268 181
2.0284807682037354 181
2.035041093826294 181
2.041774272918701 181
2.047365188598633 181
2.054844379425049 181
2.061784267425537 181
2.0673844814300537 181
2.073864459991455 181
2.080568313598633 181
2.0861072540283203 181
2.0931551456451416 181
2.100581407546997 181
2.106621265411377 181
2.1138036251068115 181
2.1217849254608154 181
2.1279821395874023 181
2.1346592903137207 181
2.1413445472717285 181
2.1469991207122803 181
2.1546339988708496 181
2.1613030433654785 181
2.166973352432251 181
2.1734721660614014 181
2.179542064666748 181
2.1857047080993652 181
2.196002244949341 181
2.2037529945373535 181
2.2104437351226807 181
2.216642379760742 181
2.223318576812744 181
2.2304375171661377 181
2.235990524291992 181
2.24287748336792 181
2.248504877090454 181
2.2558202743530273 181
2.2628495693206787 181
2.2685444355010986 181
2.275118827819824 181
2.281869411468506 181
2.287449359893799 181
2.2939133644104004 181
2.3006153106689453 181
2.3072195053100586 181
2.3137404918670654 181
2.3205313682556152 181
2.326617956161499 181
2.3337879180908203 181
2.3404579162597656 181
2.346034288406372 181
2.353624105453491 181
2.3605480194091797 181
2.3660545349121094 181
2.3729405403137207 181
2.37857723236084 181
2.3849728107452393 181
2.3919031620025635 181
2.3974802494049072 181
2.4049854278564453 181
2.411752223968506 181
2.41735577583313 181
2.423819065093994 181
2.430870771408081 181
2.4367318153381348 181
2.4432151317596436 181
2.448928117752075 181
2.4566800594329834 181
2.4671056270599365 181
2.4736361503601074 181
2.480062484741211 181
2.485866069793701 181
2.498898983001709 181
2.5094099044799805 181
2.5233168601989746 181
2.536780834197998 181
2.5479607582092285 181
2.563062906265259 181
2.575793743133545 181
2.5876786708831787 181
2.6061720848083496 181
2.618168354034424 181
2.6338915824890137 181
2.6476032733917236 181
2.6615359783172607 181
2.676831007003784 181
2.6879937648773193 181
2.701871395111084 181
2.716663122177124 181
2.7280988693237305 181
2.735942840576172 181
2.7433130741119385 181
2.7489843368530273 181
2.755727529525757 181
2.7626121044158936 181
2.7680561542510986 181
2.7834479808807373 181
2.7955851554870605 181
2.803682565689087 181
2.81083345413208 181
2.8169407844543457 181
2.8234736919403076 181
2.8299167156219482 181
2.836827039718628 181
2.84397029876709 181
2.850710868835449 181
2.856642723083496 181
2.8631608486175537 181
2.868867874145508 181
2.8756537437438965 181
2.8832359313964844 181
2.8889658451080322 181
2.8955628871917725 181
2.902416229248047 181
2.9078152179718018 181
2.914496421813965 181
2.921168327331543 181
2.92686128616333 181
2.934555768966675 181
2.9412548542022705 181
2.9474730491638184 181
2.9539856910705566 181
2.960716724395752 181
2.966595411300659 181
2.973310708999634 181
2.9789814949035645 181
2.986729145050049 181
2.9970862865448 181
3.0037636756896973 181
3.010462522506714 181
3.016169548034668 181
3.02321720123291 181
3.0288820266723633 181
3.0366809368133545 181
3.0432088375091553 181
3.050424337387085 181
3.0561747550964355 181
3.063115358352661 181
3.068835496902466 181
3.0752451419830322 181
3.081974506378174 181
3.0887632369995117 181
3.0952467918395996 181
3.102442979812622 181
3.1078944206237793 181
3.1147825717926025 181
3.1215484142303467 181
3.127210855484009 181
3.1349174976348877 181
3.152759075164795 181
3.166985273361206 181
3.1814820766448975 181
3.1969218254089355 181
3.2080113887786865 181
3.223402261734009 181
3.24694561958313 181
3.2544469833374023 181
3.261273145675659 181
3.2669780254364014 181
3.273885726928711 181
3.2806105613708496 181
3.286695718765259 181
3.2940680980682373 181
3.300766944885254 181
3.3068902492523193 181
3.313433885574341 181
3.319512128829956 181
3.325678586959839 181
3.3325440883636475 181
3.337981939315796 181
3.3469746112823486 181
3.354064702987671 181
3.3608157634735107 181
3.3669204711914062 181
3.3734188079833984 181
3.3794593811035156 181
3.3857028484344482 181
3.3932044506073 181
3.403674364089966 181
3.410196542739868 181
3.4166345596313477 181
3.4233407974243164 181
3.4290220737457275 181
3.435598850250244 181
3.443183422088623 181
3.4488589763641357 181
3.455962896347046 181
3.4628183841705322 181
3.4684858322143555 181
3.475109577178955 181
3.481907844543457 181
3.4885811805725098 181
3.496532440185547 181
3.5031280517578125 181
3.508803367614746 181
3.515185594558716 181
3.521959066390991 181
3.527547597885132 181
3.5345141887664795 181
3.5441501140594482 181
3.5552830696105957 181
3.5670166015625 181
3.575831174850464 181
3.584536552429199 181
3.593228816986084 181
3.6031312942504883 181
3.612908363342285 181
3.622122049331665 181
3.628880500793457 181
3.635409116744995 181
3.642033100128174 181
3.650146484375 181
3.6561267375946045 181
3.6635043621063232 181
3.669957160949707 181
3.677492380142212 181
3.684448719024658 181
3.6911511421203613 181
3.6976678371429443 181
3.7044544219970703 181
3.7112998962402344 181
3.7170629501342773 181
3.7236030101776123 181
3.7300615310668945 181
3.7358436584472656 181
3.7430901527404785 181
3.7505264282226562 181
3.7566118240356445 181
3.7635304927825928 181
3.769961357116699 181
3.7759346961975098 181
3.7828261852264404 181
3.788503408432007 181
3.794933795928955 181
3.805983543395996 181
3.8129937648773193 181
3.81866455078125 181
3.82521390914917 181
3.832117795944214 181
3.837827444076538 181
3.844494342803955 181
3.8521037101745605 181
3.8577868938446045 181
3.8649442195892334 181
3.871706962585449 181
3.877328395843506 181
3.8840510845184326 181
3.8907663822174072 181
3.898979663848877 181
3.905600070953369 181
3.9124138355255127 181
3.917834520339966 181
3.9245100021362305 181
3.931161403656006 181
3.936877727508545 181
3.9433958530426025 181
3.9508676528930664 181
3.956977128982544 181
3.9634783267974854 181
3.9706385135650635 181
3.9761769771575928 181
3.983112335205078 181
3.988811492919922 181
3.995208978652954 181
4.002971649169922 181
4.008749723434448 181
4.015588760375977 181
4.02213454246521 181
4.027804851531982 181
4.03419041633606 181
4.041138648986816 181
4.046863317489624 181
4.054091453552246 181
4.0607922077178955 181
4.0667219161987305 181
4.073930740356445 181
4.08061957359314 181
4.086166143417358 181
4.093069791793823 181
4.098789691925049 181
4.106489658355713 181
4.113099813461304 181
4.118762016296387 181
4.125156402587891 181
4.132117748260498 181
4.137802362442017 181
4.1446733474731445 181
4.151359558105469 181
4.157925367355347 181
4.16459321975708 181
4.171755313873291 181
4.177357196807861 181
4.185057640075684 181
4.191983461380005 181
4.202105283737183 181
4.2088775634765625 181
4.215664625167847 181
4.22265887260437 181
4.228101015090942 181
4.234811067581177 181
4.241595506668091 181
4.247241973876953 181
4.254984617233276 181
4.261922597885132 181
4.267517328262329 181
4.274952173233032 181
4.281722068786621 181
4.287304401397705 181
4.293794393539429 181
4.300501585006714 181
4.307226896286011 181
4.313945293426514 181
4.320640325546265 181
4.326495170593262 181
4.333067417144775 181
4.3387744426727295 181
4.345203161239624 181
4.351940631866455 181
4.358583927154541 181
4.365011215209961 181
4.371955394744873 181
4.378136157989502 181
4.384815454483032 181
4.3915855884552 181
4.397223472595215 181
4.403913259506226 181
4.411710500717163 181
4.417311429977417 181
4.423774719238281 181
4.430485486984253 181
4.43657112121582 181
4.443120241165161 181
4.448828458786011 181
4.455251216888428 181
4.463161468505859 181
4.468846082687378 181
4.475236177444458 181
4.482705354690552 181
4.489462852478027 181
4.4959328174591064 181
4.5039660930633545 181
4.511706113815308 181
4.517377853393555 181
4.523899555206299 181
4.530607223510742 181
4.536673069000244 181
4.543250560760498 181
4.548964738845825 181
4.555726051330566 181
4.563344717025757 181
4.569004535675049 181
4.575598239898682 181
4.582404613494873 181
4.5878376960754395 181
4.594508409500122 181
4.604773759841919 181
4.612731218338013 181
4.618164777755737 181
4.624977111816406 181
4.631888151168823 181
4.637475252151489 181
4.6439738273620605 181
4.650680780410767 181
4.656559944152832 181
4.664038896560669 181
4.671588897705078 181
4.678125858306885 181
4.685272693634033 181
4.6929638385772705 181
4.700832366943359 181
4.706707954406738 181
4.713996648788452 181
4.720739841461182 181
4.726640224456787 181
4.733340501785278 181
4.739011287689209 181
4.745795965194702 181
4.752650260925293 181
4.7580955028533936 181
4.7671849727630615 181
4.776015758514404 181
4.783323049545288 181
4.792073726654053 181
4.797669887542725 181
4.804171085357666 181
4.8108811378479 181
4.817589044570923 181
4.824446678161621 181
4.831120014190674 181
4.836841821670532 181
4.843371868133545 181
4.849482536315918 181
4.855860233306885 181
4.86272668838501 181
4.8700103759765625 181
4.876577377319336 181
4.883187294006348 181
4.890121936798096 181
4.895935535430908 181
4.9028160572052 181
4.908492088317871 181
4.91603946685791 181
4.92314887046814 181
4.928842782974243 181
4.935251474380493 181
4.942029237747192 181
4.94762659072876 181
4.954452991485596 181
4.961116552352905 181
4.9674973487854 181
4.974497079849243 181
4.9813690185546875 181
4.987086057662964 181
4.993950605392456 181
