0 0
0.005667448043823242 0
0.020448684692382812 0
0.027420759201049805 1
0.03404498100280762 2
0.04049825668334961 3
0.0463414192199707 5
0.05345916748046875 7
0.059197425842285156 10
0.06640815734863281 12
0.07336616516113281 16
0.0805366039276123 19
0.08646512031555176 22
0.09338212013244629 26
0.09912276268005371 29
0.10562825202941895 34
0.11261725425720215 38
0.11845088005065918 42
0.12538790702819824 48
0.1333465576171875 52
0.1390845775604248 56
0.145524263381958 62
0.15235280990600586 66
0.15799760818481445 70
0.16531705856323242 75
0.17232084274291992 80
0.17806196212768555 84
0.18561458587646484 89
0.1924457550048828 96
0.20314574241638184 99
0.20864510536193848 103
0.21554994583129883 108
0.22337579727172852 112
0.23129487037658691 116
0.23748278617858887 120
0.24405384063720703 124
0.25060105323791504 126
0.25663328170776367 130
0.2635958194732666 133
0.2705867290496826 136
0.27645444869995117 139
0.2840280532836914 142
0.290543794631958 144
0.2965817451477051 146
0.30353641510009766 148
0.3092796802520752 151
0.31578516960144043 153
0.32265472412109375 155
0.3284420967102051 157
0.3360595703125 158
0.3429536819458008 160
0.3484506607055664 161
0.35535240173339844 163
0.3621838092803955 164
0.3678581714630127 165
0.37512922286987305 166
0.3830735683441162 167
0.3886148929595947 168
0.39539217948913574 169
0.40221142768859863 170
0.4078500270843506 170
0.41455841064453125 171
0.42131757736206055 172
0.42737746238708496 172
0.43469977378845215 172
0.4417073726654053 173
0.44746923446655273 174
0.45403099060058594 174
0.46048450469970703 174
0.4663560390472412 174
0.4738657474517822 174
0.479978084564209 175
0.48743438720703125 175
0.49402856826782227 175
0.5005075931549072 175
0.5063591003417969 176
0.513455867767334 176
0.5191433429718018 176
0.5255849361419678 176
0.5325357913970947 176
0.539334774017334 176
0.5457825660705566 176
0.5525591373443604 176
0.5592365264892578 175
0.5657949447631836 175
0.573061466217041 175
0.5793156623840332 175
0.5866889953613281 175
0.5938527584075928 175
0.6043920516967773 175
0.6112022399902344 175
0.6173582077026367 175
0.6240663528442383 175
0.6305489540100098 175
0.637540340423584 175
0.6442947387695312 175
0.6510765552520752 175
0.6572215557098389 175
0.6637241840362549 175
0.6694293022155762 175
0.6766500473022461 175
0.68361496925354 175
0.6911115646362305 175
0.6967079639434814 175
0.7036681175231934 175
0.7094419002532959 175
0.7162275314331055 175
0.7232275009155273 175
0.7286970615386963 175
0.7385084629058838 175
0.7453808784484863 175
0.752169132232666 175
0.7578220367431641 175
0.764354944229126 175
0.7711215019226074 175
0.7773675918579102 175
0.7843451499938965 175
0.7993619441986084 175
0.8130271434783936 175
0.8260562419891357 175
0.8382043838500977 175
0.8541960716247559 175
0.8676004409790039 175
0.8892855644226074 175
0.9026467800140381 175
0.9083840847015381 175
0.9152622222900391 175
0.9225187301635742 175
0.9284062385559082 175
0.9352824687957764 175
0.9431052207946777 175
0.9486095905303955 175
0.9556155204772949 175
0.9624192714691162 175
0.9680285453796387 175
0.9746067523956299 175
0.9813141822814941 175
0.9877409934997559 175
0.9953227043151855 175
1.0056359767913818 175
1.0129945278167725 175
1.0184478759765625 175
1.0253193378448486 175
1.032364845275879 175
1.0379910469055176 175
1.045562744140625 175
1.052464485168457 175
1.0581200122833252 175
1.0647034645080566 175
1.07185697555542 175
1.0776104927062988 175
1.0841572284698486 175
1.0914385318756104 175
1.0981590747833252 175
1.1047022342681885 175
1.111649513244629 175
1.1174345016479492 175
1.1240105628967285 175
1.13047194480896 175
1.1364943981170654 175
1.1433727741241455 175
1.1506547927856445 175
1.1564712524414062 175
1.163496494293213 175
1.1692757606506348 175
1.1757102012634277 175
1.1825590133666992 175
1.1890244483947754 175
1.1966583728790283 175
1.20359468460083 175
1.2093372344970703 175
1.215829610824585 175
1.2225842475891113 175
1.2282099723815918 175
1.2350399494171143 175
1.2420544624328613 175
1.250016212463379 175
1.2564494609832764 175
1.2633671760559082 175
1.2690222263336182 175
1.2755086421966553 175
1.2823195457458496 175
1.2879703044891357 175
1.2953846454620361 175
1.3033161163330078 175
1.3090145587921143 175
1.315629482269287 175
1.3224587440490723 175
1.328056812286377 175
1.334627389907837 175
1.3413753509521484 175
1.3480758666992188 175
1.35471510887146 175
1.3614521026611328 175
1.3673973083496094 175
1.374145269393921 175
1.380645513534546 175
1.386509895324707 175
1.393864631652832 175
1.4046869277954102 175
1.4114563465118408 175
1.4175257682800293 175
1.424356460571289 175
1.4311087131500244 175
1.4373385906219482 175
1.4439079761505127 175
1.4513821601867676 175
1.457596778869629 175
1.4641895294189453 175
1.470691204071045 175
1.4765448570251465 175
1.4834880828857422 175
1.4892704486846924 175
1.4965488910675049 175
1.5041768550872803 175
1.5106732845306396 175
1.516498327255249 175
1.5233643054962158 175
1.529069423675537 175
1.5432071685791016 175
1.5486724376678467 175
1.5671405792236328 175
1.5830252170562744 175
1.5950586795806885 175
1.6092441082000732 175
1.6236464977264404 175
1.6430838108062744 175
1.648554801940918 175
1.6624960899353027 175
1.677502155303955 175
1.6913843154907227 175
1.7074296474456787 175
1.718648910522461 175
1.7351815700531006 175
1.7462377548217773 175
1.7606251239776611 175
1.7664697170257568 175
1.773378610610962 175
1.7790272235870361 175
1.785487413406372 175
1.7924752235412598 175
1.7981092929840088 175
1.826718807220459 175
1.8521368503570557 175
1.8650259971618652 175
1.8719062805175781 175
1.8776235580444336 175
1.884361982345581 175
1.8911118507385254 175
1.896695613861084 175
1.9036428928375244 175
1.9106223583221436 175
1.917726755142212 175
1.9242563247680664 175
1.9307289123535156 175
1.936708688735962 175
1.9436023235321045 175
1.9518709182739258 175
1.9575831890106201 175
1.965052604675293 175
1.9720239639282227 175
1.977696180343628 175
1.9844307899475098 175
1.991180181503296 175
1.9971134662628174 175
2.0036733150482178 175
2.010650157928467 175
2.021294593811035 175
2.029161214828491 175
2.0380239486694336 175
2.047386646270752 175
2.0558056831359863 175
2.0657804012298584 175
2.074948787689209 175
2.083671808242798 175
2.093076229095459 175
2.100071430206299 175
2.106308937072754 175
2.1138288974761963 175
2.1212692260742188 175
2.1272149085998535 175
2.1337404251098633 175
2.139416456222534 175
2.1459758281707764 175
2.1531004905700684 175
2.1585941314697266 175
2.1680734157562256 175
2.1752662658691406 175
2.1820409297943115 175
2.187685489654541 175
2.194258213043213 175
2.205078363418579 175
2.212611198425293 175
2.2193713188171387 175
2.226196050643921 175
2.2332780361175537 175
2.2387242317199707 175
2.2455592155456543 175
2.2523231506347656 175
2.257981300354004 175
2.264496088027954 175
2.272461175918579 175
2.2781057357788086 175
2.284660816192627 175
2.29142689704895 175
2.297348737716675 175
2.3038957118988037 175
2.3100156784057617 175
2.316697359085083 175
2.324399948120117 175
2.3311846256256104 175
2.3373053073883057 175
2.343876838684082 175
2.3500006198883057 175
2.356295108795166 175
2.363176107406616 175
2.370042324066162 175
2.377100944519043 175
2.383692741394043 175
2.389423370361328 175
2.396611213684082 175
2.4035003185272217 175
2.409238338470459 175
2.416252613067627 175
2.425684928894043 175
2.432492971420288 175
2.438152551651001 175
2.445380210876465 175
2.453376054763794 175
2.459041118621826 175
2.4656310081481934 175
2.4734127521514893 175
2.4791030883789062 175
2.4855504035949707 175
2.492342710494995 175
2.4979796409606934 175
2.50465989112854 175
2.511396884918213 175
2.5175163745880127 175
2.525555372238159 175
2.532308578491211 175
2.537972927093506 175
2.5444977283477783 175
2.5512712001800537 175
2.5572316646575928 175
2.564570188522339 175
2.5713183879852295 175
2.5782103538513184 175
2.585020065307617 175
2.5917043685913086 175
2.597458839416504 175
2.6076438426971436 175
2.6143670082092285 175
2.6211297512054443 175
2.628467321395874 175
2.635521411895752 175
2.6423075199127197 175
2.6479616165161133 175
2.654489517211914 175
2.6612582206726074 175
2.6672184467315674 175
2.6821892261505127 175
2.687870502471924 175
2.6946048736572266 175
2.7013747692108154 175
2.7073211669921875 175
2.7138991355895996 175
2.7200169563293457 175
2.727783679962158 175
2.734341859817505 175
2.7411463260650635 175
2.7471020221710205 175
2.753909111022949 175
2.7599992752075195 175
2.7664315700531006 175
2.7733683586120605 175
2.780674695968628 175
2.7865278720855713 175
2.7935075759887695 175
2.79925799369812 175
2.8057045936584473 175
2.8129947185516357 175
2.818451404571533 175
2.825115442276001 175
2.8334732055664062 175
2.839128255844116 175
2.845614194869995 175
2.852457046508789 175
2.8581125736236572 175
2.864673376083374 175
2.871398448944092 175
2.8783721923828125 175
2.8851234912872314 175
2.892075777053833 175
2.897747039794922 175
2.904313802719116 175
2.911048650741577 175
2.9166440963745117 175
2.923611640930176 175
2.9320452213287354 175
2.937711000442505 175
2.944261074066162 175
2.950993776321411 175
2.956575393676758 175
2.963501453399658 175
2.969212532043457 175
2.9756741523742676 175
2.9922876358032227 175
3.0114142894744873 175
3.0259745121002197 175
3.0433132648468018 175
3.056344985961914 175
3.074169635772705 175
3.0881690979003906 175
3.095194101333618 175
3.1023998260498047 175
3.1080217361450195 175
3.1152069568634033 175
3.122957468032837 175
3.128458023071289 175
3.1362953186035156 175
3.1432292461395264 175
3.1486823558807373 175
3.1555404663085938 175
3.162313461303711 175
3.1679813861846924 175
3.175021171569824 175
3.182051658630371 175
3.1914114952087402 175
3.197378396987915 175
3.2039201259613037 175
3.2100303173065186 175
3.216309070587158 175
3.223236322402954 175
3.2287251949310303 175
3.2365639209747314 175
3.2435641288757324 175
3.249277353286743 175
3.255769729614258 175
3.2625386714935303 175
3.2681920528411865 175
3.2747318744659424 175
3.281851291656494 175
3.2884092330932617 175
3.2953083515167236 175
3.3020942211151123 175
3.307737350463867 175
3.3143017292022705 175
3.3210580348968506 175
3.3266305923461914 175
3.3335530757904053 175
3.3417530059814453 175
3.3475263118743896 175
3.3542778491973877 175
3.361034870147705 175
3.3666279315948486 175
3.373609781265259 175
3.379342555999756 175
3.385826587677002 175
3.393651008605957 175
3.399402379989624 175
3.410433292388916 175
3.4165589809417725 175
3.423650026321411 175
3.429370164871216 175
3.4361915588378906 175
3.4440746307373047 175
3.4505345821380615 175
3.456448554992676 175
3.4633657932281494 175
3.4690473079681396 175
3.475670099258423 175
3.4824588298797607 175
3.488095760345459 175
3.49560809135437 175
3.502408742904663 175
3.508030414581299 175
3.514590263366699 175
3.5213427543640137 175
3.5273685455322266 175
3.538620710372925 175
3.5481131076812744 175
3.5551555156707764 175
3.5632355213165283 175
3.568696975708008 175
3.5762529373168945 175
3.58312726020813 175
3.588613748550415 175
3.5976574420928955 175
3.6042418479919434 175
3.6110832691192627 175
3.6166770458221436 175
3.6236159801483154 175
3.6293609142303467 175
3.6359755992889404 175
3.6426544189453125 175
3.650702476501465 175
3.6591267585754395 175
3.6656832695007324 175
3.6726462841033936 175
3.6783814430236816 175
3.6851279735565186 175
3.6918513774871826 175
3.69850492477417 175
3.705213785171509 175
3.712153434753418 175
3.7178425788879395 175
3.724362373352051 175
3.7311320304870605 175
3.736729145050049 175
3.7436766624450684 175
3.752119779586792 175
3.7578485012054443 175
3.7643988132476807 175
3.7720389366149902 175
3.777700424194336 175
3.7842416763305664 175
3.791081428527832 175
3.7978336811065674 175
3.8045458793640137 175
3.815157651901245 175
3.822106122970581 175
3.8277640342712402 175
3.834597110748291 175
3.8413589000701904 175
3.84799861907959 175
3.855283737182617 175
3.862098217010498 175
3.867743968963623 175
3.8742740154266357 175
3.8810551166534424 175
3.886627197265625 175
3.8941731452941895 175
3.9044036865234375 175
3.911773681640625 175
3.917565107345581 175
3.9241199493408203 175
3.9312684535980225 175
3.937791109085083 175
3.9443507194519043 175
3.953047752380371 175
3.958563804626465 175
3.965358257293701 175
3.9721791744232178 175
3.9778358936309814 175
3.9843757152557373 175
3.991154909133911 175
3.997861623764038 175
4.005436420440674 175
4.012393474578857 175
4.018022537231445 175
4.0246076583862305 175
4.031378507614136 175
4.037307977676392 175
4.043856143951416 175
4.051238536834717 175
4.057790040969849 175
4.06451940536499 175
4.071284770965576 175
4.077436208724976 175
4.084973573684692 175
4.09381890296936 175
4.103772163391113 175
4.113006830215454 175
4.121638059616089 175
4.129319906234741 175
4.138164758682251 175
4.147338628768921 175
4.157287120819092 175
4.167330741882324 175
4.175949573516846 175
4.1836700439453125 175
4.189429998397827 175
4.196265459060669 175
4.203958034515381 175
4.214441537857056 175
4.2212324142456055 175
4.227313280105591 175
4.234017372131348 175
4.240498065948486 175
4.246377468109131 175
4.254204273223877 175
4.261441946029663 175
4.2674031257629395 175
4.273996591567993 175
4.28046441078186 175
4.286340951919556 175
4.29325270652771 175
4.29870343208313 175
4.306396007537842 175
4.3135085105896 175
4.319218873977661 175
4.325990676879883 175
4.332971811294556 175
4.338451147079468 175
4.3451762199401855 175
4.35188364982605 175
4.35849928855896 175
4.365751266479492 175
4.3729846477508545 175
4.378449201583862 175
4.385128974914551 175
4.392024517059326 175
4.397657155990601 175
4.404217004776001 175
4.412108421325684 175
4.417766809463501 175
4.424326181411743 175
4.431074619293213 175
4.437199592590332 175
4.443740606307983 175
4.449443817138672 175
4.457314491271973 175
4.4639129638671875 175
4.471127510070801 175
4.476705074310303 175
4.483638763427734 175
4.489374399185181 175
4.496216297149658 175
4.503189563751221 175
4.510475397109985 175
4.516352415084839 175
4.523242950439453 175
4.5287017822265625 175
4.53541111946106 175
4.542241334915161 175
4.547878265380859 175
4.554576396942139 175
4.563308954238892 175
4.569538593292236 175
4.576190710067749 175
4.583310842514038 175
4.589017152786255 175
4.595500946044922 175
4.60260272026062 175
4.613762140274048 175
4.619471311569214 175
4.626278638839722 175
4.633313894271851 175
4.638997316360474 175
4.6454596519470215 175
4.6523096561431885 175
4.657999038696289 175
4.6655614376068115 175
4.673699617385864 175
4.683290243148804 175
4.688971281051636 175
4.695460796356201 175
4.702313423156738 175
4.707997798919678 175
4.715539216995239 175
4.722318887710571 175
4.727971315383911 175
4.734996795654297 175
4.741711139678955 175
4.747471809387207 175
4.754042863845825 175
4.760515451431274 175
4.767507791519165 175
4.774616241455078 175
4.7813560962677 175
4.787292957305908 175
4.794000625610352 175
4.800466537475586 175
4.806345701217651 175
4.814040660858154 175
4.820534706115723 175
4.8271331787109375 175
4.8337202072143555 175
4.839432954788208 175
4.8462395668029785 175
4.853342533111572 175
4.859030723571777 175
4.866498231887817 175
4.873840808868408 175
4.880021572113037 175
4.886288404464722 175
4.893222093582153 175
4.898678779602051 175
4.905382394790649 175
4.912373304367065 175
4.919230937957764 175
4.9256815910339355 175
4.932486295700073 175
4.938149690628052 175
4.944706916809082 175
4.951462984085083 175
4.957453012466431 175
4.964012384414673 175
4.972073554992676 175
4.9782116413116455 175
4.98499059677124 175
4.991712331771851 175
4.997478723526001 175
