0 0
0.004528999328613281 0
0.01612257957458496 1
0.024499893188476562 1
0.0312502384185791 2
0.03807234764099121 3
0.044072866439819336 6
0.050896406173706055 8
0.05739331245422363 10
0.06328725814819336 13
0.07024955749511719 17
0.0778043270111084 21
0.0852670669555664 24
0.09225034713745117 29
0.09910249710083008 32
0.10483145713806152 36
0.11193704605102539 41
0.11881160736083984 44
0.1260077953338623 51
0.13272666931152344 55
0.13972854614257812 59
0.14526867866516113 64
0.15225815773010254 70
0.15911030769348145 74
0.16482877731323242 79
0.17200398445129395 85
0.1798105239868164 89
0.18530917167663574 94
0.19217157363891602 101
0.19903779029846191 105
0.2047443389892578 110
0.2113795280456543 115
0.21817612648010254 119
0.2241983413696289 126
0.23237895965576172 133
0.23923015594482422 137
0.2449491024017334 142
0.25185108184814453 147
0.25864076614379883 152
0.26442790031433105 159
0.2710549831390381 163
0.2778818607330322 170
0.2847721576690674 175
0.2918362617492676 180
0.29859209060668945 185
0.30440378189086914 191
0.3110532760620117 195
0.3179285526275635 199
0.32393884658813477 203
0.3320488929748535 207
0.33895325660705566 209
0.344696044921875 211
0.3514721393585205 213
0.3584611415863037 214
0.36426877975463867 215
0.37093424797058105 215
0.3777322769165039 215
0.38459110260009766 213
0.39119648933410645 213
0.40323925018310547 209
0.4108927249908447 207
0.41744160652160645 205
0.42385029792785645 201
0.43066930770874023 197
0.4390895366668701 194
0.44480299949645996 191
0.4514908790588379 187
0.4585094451904297 184
0.4643073081970215 179
0.47113966941833496 174
0.47899532318115234 170
0.4859638214111328 166
0.49257612228393555 163
0.49942517280578613 161
0.5052235126495361 159
0.5120248794555664 157
0.5194277763366699 157
0.525212287902832 156
0.5321700572967529 156
0.5407207012176514 156
0.5472655296325684 157
0.5531463623046875 158
0.5601379871368408 159
0.5658884048461914 162
0.5724549293518066 164
0.5793602466583252 166
0.5861740112304688 170
0.5941407680511475 174
0.6008205413818359 177
0.6074113845825195 181
0.6133308410644531 184
0.6202855110168457 187
0.626091480255127 191
0.6328167915344238 194
0.6408772468566895 196
0.6474566459655762 197
0.653878927230835 199
0.6605503559112549 199
0.666309118270874 200
0.6731579303741455 199
0.6801385879516602 199
0.6873733997344971 198
0.6933302879333496 196
0.7003686428070068 195
0.7061822414398193 192
0.7130460739135742 190
0.7200527191162109 187
0.7258596420288086 183
0.7328486442565918 179
0.7409460544586182 176
0.7474277019500732 173
0.7533364295959473 171
0.7603576183319092 168
0.76613450050354 166
0.772991418838501 165
0.7799837589263916 163
0.7857232093811035 163
0.7930748462677002 163
0.8038837909698486 163
0.8108005523681641 164
0.8172972202301025 165
0.823340892791748 167
0.8306305408477783 168
0.8368165493011475 171
0.844656229019165 174
0.8512613773345947 177
0.8580582141876221 179
0.8641312122344971 184
0.8708522319793701 187
0.877422571182251 189
0.8833253383636475 192
0.8912379741668701 194
0.898087739944458 195
0.9041142463684082 196
0.9107825756072998 197
0.917323112487793 197
0.9232420921325684 196
0.9304056167602539 195
0.9362404346466064 194
0.9444859027862549 192
0.9512927532196045 191
0.9580981731414795 188
0.964125394821167 185
0.970794677734375 183
0.9773030281066895 179
0.9832301139831543 177
0.9901888370513916 173
0.9978034496307373 171
1.0034034252166748 169
1.0106151103973389 167
1.0167672634124756 166
1.0230796337127686 165
1.0300180912017822 165
1.035736322402954 165
1.0432541370391846 167
1.0506234169006348 167
1.056755781173706 169
1.0632410049438477 171
1.0703911781311035 172
1.0761919021606445 175
1.0828895568847656 178
1.0897960662841797 181
1.0962867736816406 185
1.1047065258026123 188
1.1118087768554688 190
1.1185975074768066 192
1.124398946762085 194
1.1312062740325928 195
1.138042688369751 195
1.1447768211364746 195
1.1521670818328857 195
1.1590337753295898 195
1.1647295951843262 193
1.171363115310669 191
1.1840078830718994 183
1.2049121856689453 178
1.2193400859832764 169
1.236074447631836 163
1.2504026889801025 160
1.269212007522583 160
1.2874574661254883 161
1.2939064502716064 163
1.3014888763427734 164
1.3090274333953857 167
1.3147473335266113 169
1.3218257427215576 171
1.3288185596466064 175
1.3345324993133545 179
1.3413350582122803 183
1.3491542339324951 186
1.355409860610962 189
1.3622078895568848 193
1.3692872524261475 195
1.374976396560669 196
1.381809949874878 197
1.388526201248169 198
1.3943088054656982 199
1.4019482135772705 199
1.4087862968444824 199
1.414496898651123 198
1.42110276222229 197
1.427945613861084 196
1.4341423511505127 194
1.4408159255981445 192
1.4473826885223389 186
1.464254379272461 182
1.4710407257080078 178
1.4789605140686035 175
1.4847898483276367 172
1.4920527935028076 169
1.4989418983459473 164
1.5148670673370361 163
1.530435562133789 163
1.5439519882202148 165
1.5574734210968018 169
1.5713882446289062 175
1.59016752243042 183
1.6074328422546387 193
1.620955467224121 198
1.6362812519073486 203
1.6489372253417969 205
1.6628963947296143 205
1.6784706115722656 204
1.692300796508789 199
1.7100636959075928 197
1.7161972522735596 195
1.723238229751587 192
1.730414628982544 189
1.7362110614776611 185
1.743067741394043 182
1.7500510215759277 178
1.755760669708252 169
1.7713589668273926 163
1.789125680923462 159
1.8004040718078613 157
1.8089118003845215 156
1.818774700164795 156
1.8261215686798096 156
1.834585428237915 158
1.8431832790374756 159
1.852266550064087 162
1.8594262599945068 164
1.8652186393737793 167
1.8732492923736572 170
1.8802039623260498 173
1.8860602378845215 177
1.892552375793457 181
1.8993868827819824 184
1.9051766395568848 187
1.9121787548065186 191
1.9200859069824219 193
1.9258794784545898 195
1.9324476718902588 197
1.9393086433410645 199
1.9450922012329102 199
1.9518444538116455 200
1.9601514339447021 200
1.9659199714660645 199
1.9742400646209717 198
1.980863332748413 197
1.9874086380004883 195
1.9933092594146729 193
2.000300407409668 188
2.0107316970825195 185
2.0172576904296875 183
2.024535894393921 179
2.031367301940918 175
2.03817081451416 172
2.0441932678222656 169
2.0508368015289307 167
2.057406425476074 165
2.063307046890259 164
2.071779489517212 163
2.078855037689209 162
2.0853254795074463 162
2.0923099517822266 163
2.0993106365203857 163
2.104970932006836 165
2.111776828765869 166
2.1184780597686768 169
2.1252028942108154 171
2.13199782371521 174
2.138861656188965 177
2.1445505619049072 179
2.1513118743896484 183
2.1581051349639893 186
2.164135456085205 189
2.170790672302246 192
2.1791234016418457 193
2.1848397254943848 195
2.1917355060577393 195
2.1985037326812744 196
2.2043046951293945 196
2.2111361026763916 195
2.218017101287842 194
2.2247860431671143 193
2.2318837642669678 192
2.2388057708740234 190
2.2444872856140137 187
2.251093864440918 185
2.257910966873169 182
2.263927936553955 179
2.2706706523895264 175
2.278927803039551 172
2.284632444381714 170
2.291233777999878 168
2.298046588897705 167
2.30407452583313 165
2.3107643127441406 165
2.317293405532837 164
2.3232321739196777 165
2.331169605255127 165
2.3380322456359863 166
2.344050645828247 167
2.350640058517456 169
2.356778621673584 171
2.36324143409729 173
2.3702404499053955 177
2.3784639835357666 179
2.38425612449646 183
2.3909690380096436 186
2.3979363441467285 191
2.409201145172119 193
2.414917230606079 194
2.421987771987915 195
2.430112838745117 196
2.4362576007843018 196
2.4432520866394043 195
2.4504024982452393 195
2.456233263015747 193
2.463063955307007 192
2.4700286388397217 191
2.478088617324829 187
2.484646797180176 185
2.4914164543151855 182
2.4982149600982666 179
2.5041892528533936 175
2.511009931564331 173
2.517812967300415 170
2.5234577655792236 167
2.531092405319214 166
2.5378925800323486 165
2.543881893157959 164
2.5505096912384033 164
2.556246757507324 164
2.56290340423584 164
2.5700795650482178 165
2.5758655071258545 166
2.583941698074341 168
2.5911648273468018 171
2.5992343425750732 173
2.6049273014068604 175
2.6117868423461914 178
2.6187660694122314 181
2.624412775039673 185
2.6322479248046875 189
2.639125347137451 191
2.644786834716797 192
2.6514341831207275 194
2.658413887023926 195
2.664247512817383 196
2.676212787628174 196
2.684115409851074 195
2.6913983821868896 194
2.6982080936431885 193
2.704237222671509 191
2.7109215259552 189
2.7177674770355225 187
2.7234134674072266 184
2.7304201126098633 180
2.7380897998809814 177
2.744079351425171 173
2.7509570121765137 171
2.7578659057617188 169
2.7638678550720215 167
2.770498752593994 166
2.776240348815918 165
2.7841098308563232 165
2.7908105850219727 165
2.797386407852173 165
2.8032937049865723 167
2.814195156097412 169
2.820979595184326 170
2.827779531478882 173
2.8347811698913574 175
2.8418707847595215 179
2.848661184310913 181
2.854438304901123 185
2.86104154586792 187
2.8678805828094482 189
2.87410569190979 192
2.880922794342041 193
2.8889517784118652 195
2.8952271938323975 195
2.9020378589630127 195
2.9089295864105225 195
2.914611577987671 195
2.9212021827697754 193
2.9280471801757812 192
2.9351308345794678 190
2.941981315612793 188
2.9489195346832275 185
2.9546585083007812 183
2.961277961730957 180
2.9680755138397217 177
2.974025011062622 174
2.9806370735168457 171
2.9885928630828857 169
2.994860887527466 167
3.0017526149749756 166
3.0086753368377686 165
3.014511823654175 165
3.0211098194122314 165
3.0279178619384766 165
3.033979654312134 167
3.041355609893799 167
3.0481481552124023 169
3.0543150901794434 171
3.0609612464904785 173
3.067485809326172 175
3.0733652114868164 178
3.0803685188293457 181
3.087721347808838 185
3.093413829803467 188
3.1019768714904785 191
3.109107732772827 193
3.1148061752319336 194
3.121788501739502 195
3.1285336017608643 195
3.134352922439575 195
3.142514944076538 195
3.149357318878174 195
3.155153274536133 193
3.162015676498413 192
3.169090986251831 190
3.174783706665039 189
3.1814870834350586 186
3.189204216003418 183
3.1949095726013184 180
3.2022058963775635 175
3.2131590843200684 172
3.2203023433685303 170
3.226107358932495 168
3.2330877780914307 166
3.2408509254455566 165
3.2474210262298584 165
3.253363847732544 165
3.2603631019592285 165
3.2661564350128174 166
3.273036241531372 167
3.2800495624542236 169
3.2858407497406006 171
3.2934606075286865 173
3.3008499145507812 176
3.3074493408203125 178
3.3133347034454346 181
3.3202710151672363 184
3.3261163234710693 187
3.332847833633423 190
3.3397867679595947 191
3.346784830093384 193
3.3532488346099854 195
3.3602540493011475 195
3.3704588413238525 195
3.383427858352661 192
3.402559995651245 187
3.415389060974121 180
3.43058705329895 175
3.4462568759918213 166
3.4646360874176025 163
3.478637456893921 162
3.484515428543091 161
3.491812229156494 161
3.4998762607574463 162
3.506120443344116 163
3.5129458904266357 163
3.5199363231658936 165
3.5260703563690186 167
3.5329527854919434 169
3.5399482250213623 172
3.547271490097046 175
3.553168773651123 177
3.5601437091827393 180
3.565885066986084 183
3.5723865032196045 187
3.5792925357818604 190
3.5850837230682373 192
3.5920634269714355 195
3.6000828742980957 196
3.605896234512329 198
3.620370626449585 198
3.626222610473633 198
3.634493112564087 197
3.64286732673645 195
3.6525092124938965 193
3.6612496376037598 191
3.6680831909179688 188
3.6741175651550293 185
3.682095527648926 181
3.688991069793701 178
3.6946146488189697 174
3.702949285507202 171
3.710533618927002 170
3.7162792682647705 167
3.723339796066284 166
3.7303707599639893 165
3.7361721992492676 165
3.7432615756988525 165
3.751253604888916 165
3.758089542388916 166
3.7641537189483643 167
3.771007537841797 169
3.7778143882751465 171
3.7834675312042236 173
3.7906453609466553 175
3.796811580657959 179
3.8041069507598877 183
3.81062912940979 185
3.818026542663574 188
3.824129819869995 191
3.8309555053710938 194
3.8388047218322754 195
3.8445303440093994 197
3.853226661682129 197
3.8621718883514404 197
3.8707942962646484 196
3.8792922496795654 195
3.888162612915039 193
3.8961620330810547 189
3.9061548709869385 186
3.915154218673706 182
3.924306869506836 178
3.931840658187866 174
3.938660144805908 172
3.9444587230682373 169
3.9523651599884033 166
3.9592409133911133 165
3.964932441711426 163
3.971778392791748 163
3.9785079956054688 163
3.9843332767486572 163
3.990957260131836 163
3.997727155685425 163
4.0045154094696045 166
4.01509952545166 167
4.022424697875977 170
4.029715061187744 172
4.03523325920105 175
4.0421812534332275 179
4.049258232116699 181
4.055912733078003 185
4.062462091445923 189
4.069762229919434 191
4.07529354095459 193
4.082140684127808 195
4.089038372039795 196
4.0947442054748535 197
4.102104187011719 197
4.110422372817993 197
4.116204023361206 197
4.124875783920288 195
4.132021188735962 194
4.138915538787842 192
4.145134210586548 190
4.15230917930603 187
4.160300970077515 185
4.166101694107056 181
4.172752380371094 177
4.17989182472229 175
4.185486793518066 172
4.192435026168823 169
4.19929575920105 167
4.206115245819092 165
4.212853670120239 163
4.219751834869385 163
4.226045846939087 162
4.232548713684082 162
4.239374160766602 163
4.2451865673065186 163
4.252153158187866 165
4.2601306438446045 167
4.265880346298218 168
4.272425651550293 171
4.279283761978149 173
4.285084962844849 176
4.2918219566345215 179
4.298573732376099 182
4.304309606552124 186
4.312207937240601 189
4.319088697433472 191
4.3253419399261475 193
4.332178592681885 195
4.339112043380737 196
4.344908714294434 197
4.351824522018433 197
4.359747886657715 197
4.36531925201416 196
4.372319459915161 195
4.379162311553955 193
4.384860277175903 192
4.391772270202637 190
4.398521423339844 188
4.404322385787964 183
4.41540265083313 181
4.422382354736328 177
4.4302239418029785 174
4.43603515625 171
4.442994594573975 169
4.449970245361328 167
4.45573353767395 166
4.463247299194336 165
4.470208168029785 165
4.4774839878082275 165
4.483470916748047 165
4.490650177001953 166
4.49680233001709 167
4.503079175949097 170
4.51083779335022 172
4.517403841018677 174
4.523308992385864 177
4.5311119556427 180
4.537949562072754 183
4.543939828872681 187
4.550723552703857 189
4.557250022888184 191
4.564297437667847 193
4.571153402328491 194
4.578015565872192 195
4.583985328674316 195
4.5905866622924805 195
4.59677791595459 195
4.6034510135650635 194
4.612058639526367 193
4.618956804275513 191
4.624663352966309 189
4.633188962936401 186
4.64078688621521 183
4.647327423095703 181
4.653295040130615 178
4.660192489624023 174
4.667934894561768 172
4.674091339111328 169
4.682168245315552 167
4.689034938812256 166
4.69472074508667 165
4.70174241065979 165
4.7085113525390625 165
4.715173721313477 165
4.721957445144653 166
4.72892689704895 167
4.735175848007202 169
4.741993188858032 171
4.748870372772217 173
4.754593372344971 175
4.761192560195923 179
4.769108295440674 182
4.774744987487793 185
4.781368017196655 187
4.788184404373169 189
4.794391632080078 191
4.801054954528809 192
4.807879209518433 193
4.820034503936768 193
4.825836420059204 193
4.83275580406189 192
4.840399742126465 191
4.8462066650390625 189
4.853098154067993 187
4.8601233959198 185
4.867421388626099 182
4.8733131885528564 179
4.880306720733643 177
4.886051416397095 174
4.8925461769104 171
4.899399280548096 170
4.905196189880371 168
4.9129555225372314 167
4.920945167541504 167
4.927724599838257 167
4.934107303619385 167
4.941181182861328 169
4.948036432266235 169
4.954050540924072 171
4.960828542709351 173
4.968903064727783 176
4.974638223648071 179
4.981231689453125 181
4.987978458404541 184
4.993977308273315 187
