0 0
0.003328561782836914 0
0.015043020248413086 0
0.022897720336914062 0
0.029900074005126953 1
0.03564310073852539 1
0.042938232421875 3
0.04969906806945801 3
0.05548834800720215 5
0.06225156784057617 7
0.07011914253234863 9
0.07587337493896484 10
0.08272099494934082 12
0.08967709541320801 15
0.09553027153015137 17
0.10212922096252441 19
0.10896992683410645 21
0.1150519847869873 25
0.12263131141662598 27
0.1291353702545166 29
0.13522005081176758 33
0.14226841926574707 35
0.14908170700073242 38
0.1553645133972168 41
0.16202688217163086 44
0.1698286533355713 47
0.1756420135498047 50
0.1822528839111328 53
0.18906712532043457 55
0.19513678550720215 60
0.205369234085083 64
0.21220707893371582 67
0.22063755989074707 70
0.2262420654296875 73
0.2331528663635254 77
0.23998332023620605 79
0.24658751487731934 83
0.2543017864227295 86
0.26131129264831543 89
0.26711201667785645 93
0.27505040168762207 97
0.28172874450683594 99
0.2882707118988037 103
0.29422545433044434 105
0.3012218475341797 108
0.3070342540740967 112
0.3135359287261963 115
0.3213341236114502 118
0.3272533416748047 122
0.33415889739990234 125
0.34119629859924316 127
0.3482060432434082 131
0.35456395149230957 135
0.36141419410705566 137
0.36722278594970703 141
0.37513303756713867 145
0.38202905654907227 147
0.3888421058654785 151
0.395127534866333 155
0.401775598526001 157
0.40831494331359863 160
0.4142611026763916 163
0.42130589485168457 167
0.42888569831848145 170
0.434964656829834 174
0.44159650802612305 177
0.44776368141174316 179
0.4551401138305664 183
0.4617908000946045 186
0.4685962200164795 188
0.4753749370574951 191
0.48218798637390137 192
0.48905134201049805 193
0.4951629638671875 194
0.5018310546875 194
0.5086703300476074 194
0.5149557590484619 193
0.5216033458709717 193
0.5294909477233887 192
0.5353591442108154 191
0.5419893264770508 189
0.5488414764404297 187
0.5554659366607666 185
0.5621058940887451 183
0.568950891494751 181
0.5758535861968994 179
0.5827479362487793 176
0.5895144939422607 175
0.5953614711761475 172
0.6062231063842773 171
0.613297700881958 171
0.6203062534332275 171
0.6270616054534912 171
0.6340487003326416 172
0.6410806179046631 173
0.6485857963562012 174
0.6552166938781738 176
0.6618354320526123 177
0.6686677932739258 179
0.6746203899383545 181
0.6821393966674805 183
0.6889629364013672 185
0.6952040195465088 187
0.7020363807678223 187
0.7088353633880615 188
0.7150139808654785 188
0.7216911315917969 187
0.7295253276824951 187
0.7353973388671875 186
0.7422041893005371 185
0.7490441799163818 184
0.7553579807281494 181
0.7642741203308105 179
0.7717289924621582 177
0.7794418334960938 176
0.785346508026123 174
0.7919774055480957 173
0.7989253997802734 173
0.8049910068511963 173
0.8117897510528564 174
0.8183248043060303 174
0.824237585067749 175
0.8318848609924316 177
0.8387055397033691 178
0.8446071147918701 180
0.851395845413208 181
