0 0
0.00442814826965332 0
0.01695108413696289 1
0.022826194763183594 1
0.029387712478637695 1
0.03508877754211426 1
0.04138922691345215 3
0.04829287528991699 3
0.054871559143066406 5
0.06125211715698242 6
0.06786632537841797 7
0.07353711128234863 9
0.07993435859680176 10
0.0855553150177002 12
0.09208393096923828 13
0.0989377498626709 15
0.1052250862121582 17
0.11247825622558594 19
0.11937165260314941 21
0.12506771087646484 23
0.1314401626586914 25
0.13814306259155273 27
0.1437671184539795 28
0.1502225399017334 31
0.15799188613891602 33
0.16361665725708008 34
0.1703505516052246 36
0.17698001861572266 38
0.18317103385925293 40
0.18963837623596191 41
0.19527292251586914 43
0.2016756534576416 45
0.2094874382019043 47
0.21556639671325684 50
0.22398066520690918 56
0.24948430061340332 62
0.2715108394622803 68
0.2916572093963623 71
0.31110453605651855 75
0.32809996604919434 81
0.34690213203430176 83
0.35922837257385254 85
0.3648960590362549 86
0.37148451805114746 87
0.37851834297180176 89
0.3840775489807129 90
0.39096975326538086 91
0.3973579406738281 92
0.4034273624420166 93
0.4109833240509033 95
0.4173600673675537 96
0.42330265045166016 97
0.429750919342041 98
0.43538546562194824 99
0.44206666946411133 100
0.4488363265991211 101
0.4541432857513428 103
0.4621279239654541 103
0.46915364265441895 105
0.474778413772583 105
0.481245756149292 107
0.4878718852996826 107
0.4935624599456787 108
0.5000317096710205 109
0.5064585208892822 110
0.5134739875793457 111
0.5204191207885742 112
0.5270953178405762 113
0.5331485271453857 114
0.5396478176116943 115
0.5452675819396973 115
0.5516717433929443 116
0.5583209991455078 117
0.5651435852050781 118
0.5716726779937744 119
0.5783102512359619 119
0.5838844776153564 120
0.5905218124389648 121
0.5971648693084717 121
0.6029465198516846 122
0.6095676422119141 123
0.6168692111968994 123
0.6232995986938477 125
0.6297488212585449 125
0.635390043258667 126
0.6417942047119141 127
0.6497774124145508 127
0.6554141044616699 128
0.663118839263916 129
0.6696312427520752 129
0.6752591133117676 129
0.6816422939300537 130
0.6883101463317871 131
0.6938924789428711 131
0.7005221843719482 131
0.7072231769561768 132
0.7139770984649658 133
0.7204790115356445 133
0.7313120365142822 134
0.73818039894104 135
0.7437877655029297 135
0.7504634857177734 135
0.7571170330047607 136
0.7667956352233887 137
0.7729537487030029 137
0.7795591354370117 137
0.7852311134338379 138
0.7916250228881836 139
0.7983205318450928 139
0.8039381504058838 139
0.8103630542755127 140
0.8181302547454834 140
0.8237698078155518 141
0.8311738967895508 141
0.8377907276153564 141
0.8435509204864502 142
0.8503704071044922 142
0.856987714767456 143
0.8625202178955078 143
0.8701567649841309 143
0.87674880027771 144
0.8822975158691406 144
0.889376163482666 145
0.8950223922729492 145
0.9013979434967041 145
0.9081008434295654 145
0.9137358665466309 146
0.9211635589599609 146
0.9277830123901367 147
0.933884859085083 147
0.940330982208252 147
0.9469492435455322 147
0.9528958797454834 148
0.9597070217132568 148
0.9653089046478271 148
0.972520112991333 149
0.9793868064880371 149
0.9850528240203857 149
0.9914276599884033 149
0.9981327056884766 150
1.0037569999694824 150
1.010362148284912 150
1.0170135498046875 151
1.023707389831543 151
1.0301406383514404 151
1.0372655391693115 151
1.043245553970337 151
1.0496985912322998 151
1.055290699005127 152
1.0616986751556396 152
1.0695769786834717 152
1.0752086639404297 153
1.0815892219543457 153
1.0884358882904053 153
1.0940213203430176 153
1.1004886627197266 153
1.1071388721466064 153
1.1128969192504883 154
1.1201417446136475 154
1.1308414936065674 154
1.1382067203521729 155
1.1437931060791016 155
1.150378942489624 155
1.1570253372192383 155
1.1628007888793945 155
1.1701455116271973 155
1.1768364906311035 155
1.1824266910552979 155
1.1894044876098633 156
1.195014238357544 156
1.201357126235962 156
1.208019495010376 156
1.2136263847351074 156
1.221261978149414 157
1.228013038635254 157
1.2336227893829346 157
1.240494728088379 157
1.2471320629119873 157
1.253199815750122 157
1.259641408920288 157
1.2652504444122314 157
1.2738027572631836 157
1.2802577018737793 158
1.2868726253509521 158
1.2924013137817383 158
1.2992873191833496 158
1.3049249649047852 158
1.311497449874878 158
1.3181874752044678 159
1.3249189853668213 159
1.3313298225402832 159
1.3381626605987549 159
1.3441996574401855 159
1.3510868549346924 159
1.3576524257659912 159
1.3633310794830322 159
1.3699383735656738 159
1.377298355102539 159
1.3832430839538574 159
1.3896937370300293 159
1.395289659500122 159
1.401655912399292 159
1.4083499908447266 159
1.4139699935913086 159
1.4208898544311523 159
1.428828239440918 159
1.4341363906860352 159
1.4413230419158936 159
1.4479870796203613 159
1.453594446182251 159
1.4600160121917725 159
1.4660041332244873 159
1.4721672534942627 159
1.4799203872680664 159
1.48553466796875 159
1.4922430515289307 159
1.499054193496704 159
1.5044007301330566 159
1.5110232830047607 159
1.5173799991607666 159
1.5233149528503418 159
1.5343303680419922 159
1.5410683155059814 159
1.5484936237335205 159
1.554086446762085 159
1.5609118938446045 159
1.5673139095306396 159
1.5732100009918213 159
1.5804502964019775 159
1.5871105194091797 159
1.5928823947906494 159
1.599478006362915 159
1.6051194667816162 159
1.6117002964019775 159
1.6295571327209473 159
1.6436781883239746 159
1.659449577331543 159
1.67244553565979 159
1.688169240951538 159
1.7032456398010254 159
1.7152001857757568 159
1.731041669845581 159
1.7449767589569092 159
1.7555577754974365 159
1.7683179378509521 159
1.783205509185791 159
1.7898850440979004 159
1.7954986095428467 159
1.8019850254058838 159
1.8085153102874756 159
1.8140673637390137 159
1.8205113410949707 159
1.8271353244781494 159
1.8422846794128418 159
1.8570170402526855 159
1.8633973598480225 159
1.8699862957000732 159
1.8760287761688232 159
1.8821797370910645 159
1.889758586883545 159
1.8953368663787842 159
1.9016993045806885 159
1.9088637828826904 159
1.9141349792480469 159
1.9208252429962158 159
1.9308509826660156 159
1.938835620880127 159
1.9441347122192383 159
1.9509921073913574 159
1.9583256244659424 159
1.9654462337493896 159
1.9721829891204834 159
1.9789700508117676 159
1.9843549728393555 159
1.9916372299194336 159
1.9984397888183594 159
2.004014015197754 159
2.0104587078094482 159
2.017122507095337 159
2.0228428840637207 159
2.0295956134796143 159
2.035216808319092 159
2.042508840560913 159
2.0497422218322754 159
2.056154489517212 159
2.062293291091919 159
2.0691630840301514 159
2.0747742652893066 159
2.0811519622802734 159
2.0890462398529053 159
2.0944395065307617 159
2.1010804176330566 159
2.107645273208618 159
2.113361358642578 159
2.119762897491455 159
2.1253533363342285 159
2.132044792175293 159
2.1395483016967773 159
2.1452081203460693 159
2.1517343521118164 159
2.159271001815796 159
2.1648941040039062 159
2.17126202583313 159
2.1778581142425537 159
2.183553457260132 159
2.191025495529175 159
2.1978256702423096 159
2.2035419940948486 159
2.2101473808288574 159
2.2168045043945312 159
2.2223567962646484 159
2.2291831970214844 159
2.234800100326538 159
2.2421767711639404 159
2.2496299743652344 159
2.257324457168579 159
2.263857841491699 159
2.2704994678497314 159
2.2771129608154297 159
2.2828609943389893 159
2.2894532680511475 159
2.296881914138794 159
2.30484938621521 159
2.313343048095703 159
2.321579933166504 159
2.335501194000244 159
2.345463991165161 159
2.3540077209472656 159
2.3635761737823486 159
2.371816396713257 159
2.3808000087738037 159
2.38952898979187 159
2.39955735206604 159
2.4124605655670166 159
2.4243128299713135 159
2.4394912719726562 159
2.4536139965057373 159
2.47082781791687 159
2.4803435802459717 159
2.5015759468078613 159
2.515018939971924 159
2.5216171741485596 159
2.5284512042999268 159
2.5340442657470703 159
2.5411009788513184 159
2.548903226852417 159
2.554168939590454 159
2.5610315799713135 159
2.568368911743164 159
2.573989152908325 159
2.580451726913452 159
2.587096691131592 159
2.592817544937134 159
2.6002302169799805 159
2.606844186782837 159
2.6123971939086914 159
2.619236946105957 159
2.624835729598999 159
2.631387948989868 159
2.638063907623291 159
2.64365291595459 159
2.6520626544952393 159
2.6588587760925293 159
2.6709485054016113 159
2.677351951599121 159
2.6836438179016113 159
2.69028639793396 159
2.697883367538452 159
2.703625202178955 159
2.710068702697754 159
2.716468334197998 159
2.7222607135772705 159
2.7324957847595215 159
2.739546775817871 159
2.745180606842041 159
2.7529172897338867 159
2.760277032852173 159
2.7672312259674072 159
2.77361798286438 159
2.7802398204803467 159
2.786897897720337 159
2.792415142059326 159
2.800016164779663 159
2.8060364723205566 159
2.8123631477355957 159
2.8192057609558105 159
2.8248562812805176 159
2.831242084503174 159
2.8378853797912598 159
2.8436269760131836 159
2.8511409759521484 159
2.857693672180176 159
2.863407850265503 159
2.869995594024658 159
2.8770506381988525 159
2.88287353515625 159
2.8894715309143066 159
2.8951220512390137 159
2.9024550914764404 159
2.909558057785034 159
2.9151766300201416 159
2.92153263092041 159
2.928365468978882 159
2.9339404106140137 159
2.940387010574341 159
2.9469871520996094 159
2.953651189804077 159
2.960118532180786 159
2.966737985610962 159
2.9722869396209717 159
2.979538917541504 159
2.9851651191711426 159
2.9916813373565674 159
2.998396158218384 159
3.005014657974243 159
3.0113508701324463 159
3.0180275440216064 159
3.0236282348632812 159
3.0300521850585938 159
3.036057233810425 159
3.042330265045166 159
3.049347400665283 159
3.056854486465454 159
3.0624101161956787 159
3.0692474842071533 159
3.074880838394165 159
3.081766366958618 159
3.0884485244750977 159
3.09403657913208 159
3.1004996299743652 159
3.1083216667175293 159
3.11393404006958 159
3.1203665733337402 159
3.127019166946411 159
3.137230634689331 159
3.1432745456695557 159
3.149914264678955 159
3.157229423522949 159
3.1632800102233887 159
3.169949531555176 159
3.1760342121124268 159
3.182898998260498 159
3.1895065307617188 159
3.195134401321411 159
3.2015068531036377 159
3.2093048095703125 159
3.214920997619629 159
3.221343994140625 159
3.2282230854034424 159
3.2337992191314697 159
3.240267276763916 159
3.246845006942749 159
3.253204584121704 159
3.2604329586029053 159
3.2670679092407227 159
3.275076389312744 159
3.2815322875976562 159
3.2891640663146973 159
3.294783115386963 159
3.301328659057617 159
3.3090109825134277 159
3.3143999576568604 159
3.321016788482666 159
3.3274178504943848 159
3.333313226699829 159
3.339749336242676 159
3.345395088195801 159
3.3520820140838623 159
3.3597216606140137 159
3.3653221130371094 159
3.3717103004455566 159
3.3783955574035645 159
3.3840150833129883 159
3.3911187648773193 159
3.3976833820343018 159
3.4033799171447754 159
3.4109482765197754 159
3.4173591136932373 159
3.4234261512756348 159
3.4300074577331543 159
3.436044216156006 159
3.4422028064727783 159
3.4489734172821045 159
3.4543380737304688 159
3.461615562438965 159
3.4684407711029053 159
3.4740824699401855 159
3.4805173873901367 159
3.487133264541626 159
3.4934685230255127 159
3.5000040531158447 159
3.5060172080993652 159
3.513221263885498 159
3.519639492034912 159
3.5252597332000732 159
3.5355398654937744 159
3.542224884033203 159
3.549180269241333 159
3.5548291206359863 159
3.562464475631714 159
3.569300651550293 159
3.5749266147613525 159
3.581441879272461 159
3.5883431434631348 159
3.5945193767547607 159
3.6011247634887695 159
3.607659101486206 159
3.6141207218170166 159
3.6207878589630127 159
3.6271824836730957 159
3.6328988075256348 159
3.639521598815918 159
3.646925210952759 159
3.6531074047088623 159
3.6595757007598877 159
3.666910409927368 159
3.6723928451538086 159
3.6791937351226807 159
3.6847965717315674 159
3.6913397312164307 159
3.6985080242156982 159
3.7040627002716064 159
3.7109313011169434 159
3.718356132507324 159
3.723933696746826 159
3.7303836345672607 159
3.737015962600708 159
3.742525100708008 159
3.74936580657959 159
3.7550253868103027 159
3.761373519897461 159
3.7692346572875977 159
3.774855613708496 159
3.782386302947998 159
3.7892298698425293 159
3.794848918914795 159
3.8016164302825928 159
3.808347225189209 159
3.814941167831421 159
3.821758508682251 159
3.829031229019165 159
3.8344058990478516 159
3.8412270545959473 159
3.848167657852173 159
3.8537681102752686 159
3.860360622406006 159
3.8682608604431152 159
3.8738644123077393 159
3.880338668823242 159
3.8869524002075195 159
3.892892599105835 159
3.8999576568603516 159
3.9060416221618652 159
3.912184953689575 159
3.9197633266448975 159
3.9254157543182373 159
3.931753396987915 159
3.942176103591919 159
3.949313163757324 159
3.954922676086426 159
3.9614644050598145 159
3.9691965579986572 159
3.9748098850250244 159
3.9812231063842773 159
3.9878787994384766 159
3.993619441986084 159
