0 0
0.0075604915618896484 0
0.030228614807128906 2
0.05031561851501465 5
0.062047481536865234 9
0.07776284217834473 13
0.08725786209106445 16
0.09294939041137695 20
0.09959268569946289 26
0.11231541633605957 37
0.1374349594116211 49
0.15785717964172363 58
0.1732485294342041 67
0.18753552436828613 75
0.20300507545471191 85
0.22602033615112305 91
0.2317638397216797 95
0.23950839042663574 98
0.24688053131103516 101
0.25234055519104004 104
0.2591710090637207 107
0.26607227325439453 110
0.2718067169189453 112
0.2789311408996582 115
0.28685927391052246 117
0.2922213077545166 120
0.2990705966949463 123
0.3056974411010742 125
0.311992883682251 127
0.3184926509857178 128
0.32521772384643555 130
0.3312671184539795 133
0.3388388156890869 134
0.3452920913696289 136
0.3512837886810303 138
0.3578052520751953 139
0.36353373527526855 141
0.3701028823852539 142
0.37698793411254883 143
0.3824188709259033 145
0.3899967670440674 146
0.39710068702697754 147
0.40276288986206055 148
0.40917181968688965 149
0.4161384105682373 151
0.42177581787109375 151
0.4283161163330078 152
0.43979406356811523 154
0.4470250606536865 155
0.45247459411621094 156
0.4608175754547119 157
0.47005319595336914 158
0.4785282611846924 159
0.488323450088501 160
0.4975612163543701 161
0.506178617477417 161
0.5148053169250488 162
0.5228426456451416 163
0.5317113399505615 163
0.5414881706237793 164
0.5481388568878174 164
0.5548281669616699 165
0.5604264736175537 165
0.5673155784606934 165
0.5729985237121582 166
0.5795636177062988 166
0.5872106552124023 167
0.5949578285217285 167
0.6007800102233887 167
0.6073882579803467 167
0.6130602359771729 167
0.6201422214508057 168
0.627023458480835 168
0.6324489116668701 168
0.6402058601379395 169
0.6471312046051025 169
0.6527926921844482 169
0.6592462062835693 169
0.6658861637115479 169
0.6716294288635254 169
0.6782681941986084 169
0.6849861145019531 170
0.6917018890380859 170
0.6983509063720703 170
0.705026388168335 170
0.7108690738677979 170
0.7179808616638184 170
0.7240431308746338 171
0.7302279472351074 171
0.7371385097503662 171
0.7434966564178467 171
0.7499980926513672 171
0.7570388317108154 171
0.7624475955963135 171
0.7691335678100586 171
0.7757153511047363 171
0.7814586162567139 171
0.787956714630127 171
0.7954070568084717 171
0.8013598918914795 171
0.8079626560211182 171
0.8140223026275635 171
0.820401668548584 171
0.8272881507873535 171
0.8329513072967529 171
0.845134973526001 171
0.8512561321258545 171
0.8579614162445068 171
0.8640284538269043 171
0.8703501224517822 171
0.877392053604126 171
0.8831024169921875 171
0.8895125389099121 171
0.8972818851470947 171
0.9029264450073242 171
0.9093775749206543 171
0.916083574295044 171
0.9231367111206055 171
0.9298081398010254 171
0.9370417594909668 171
0.9424655437469482 171
0.9499790668487549 171
0.9565286636352539 171
0.9621372222900391 171
0.9688901901245117 171
0.9753055572509766 171
0.9812321662902832 171
0.9877674579620361 171
0.9934685230255127 171
1.0013515949249268 171
1.0078134536743164 171
1.013493537902832 171
1.0200567245483398 171
1.0273828506469727 171
1.0330722332000732 171
1.0394518375396729 171
1.047212839126587 171
1.0528967380523682 171
1.0595314502716064 171
1.0664076805114746 171
1.0720174312591553 171
1.078465223312378 171
1.0851666927337646 171
1.090958833694458 171
1.0995278358459473 171
1.1072733402252197 171
1.1129240989685059 171
1.119546890258789 171
1.1269748210906982 171
1.1324431896209717 171
1.1391022205352783 171
1.1456799507141113 171
1.152205228805542 171
1.1589202880859375 171
1.1653385162353516 171
1.1712589263916016 171
1.1779108047485352 171
1.183561086654663 171
1.1901359558105469 171
1.197171926498413 171
1.203566312789917 171
1.2101178169250488 171
1.2170007228851318 171
1.2223961353302002 171
1.2295165061950684 171
1.236393928527832 171
1.2471160888671875 171
1.2534573078155518 171
1.2603206634521484 171
1.2673192024230957 171
1.2729671001434326 171
1.2793738842010498 171
1.2860708236694336 171
1.2916920185089111 171
1.298370122909546 171
1.3061723709106445 171
1.3118221759796143 171
1.3183047771453857 171
1.325000286102295 171
1.3315613269805908 171
1.338040828704834 171
1.3444395065307617 171
1.3512980937957764 171
1.3579967021942139 171
1.3640258312225342 171
1.3702044486999512 171
1.377016305923462 171
1.3824193477630615 171
1.3891000747680664 171
1.3957056999206543 171
1.402085781097412 171
1.4088020324707031 171
1.4152367115020752 171
1.4213764667510986 171
1.4278533458709717 171
1.4349288940429688 171
1.4404995441436768 171
1.4473927021026611 171
1.4548094272613525 171
1.4607787132263184 171
1.4673898220062256 171
1.47306489944458 171
1.4797170162200928 171
1.486466884613037 171
1.4920868873596191 171
1.498816728591919 171
1.5063481330871582 171
1.5119764804840088 171
1.5184462070465088 171
1.525116205215454 171
1.5309135913848877 171
1.5380797386169434 171
1.5445194244384766 171
1.5503201484680176 171
1.5579006671905518 171
1.5639464855194092 171
1.570138692855835 171
1.5771801471710205 171
1.5828120708465576 171
1.5895373821258545 171
1.5964083671569824 171
1.6020314693450928 171
1.6108043193817139 171
1.617433786392212 171
1.6230838298797607 171
1.6294782161712646 171
1.6361711025238037 171
1.647493839263916 171
1.6531352996826172 171
1.6609587669372559 171
1.667731761932373 171
1.6734178066253662 171
1.679762601852417 171
1.6864681243896484 171
1.6920950412750244 171
1.6987800598144531 171
1.7052407264709473 171
1.711843729019165 171
1.7188129425048828 171
1.7252345085144043 171
1.7311842441558838 171
1.7376399040222168 171
1.7447946071624756 171
1.7503795623779297 171
1.757889747619629 171
1.7635531425476074 171
1.7701101303100586 171
1.7772250175476074 171
1.7829015254974365 171
1.7893524169921875 171
1.7960636615753174 171
1.8016533851623535 171
1.8092095851898193 171
1.8159046173095703 171
1.821653127670288 171
1.8281152248382568 171
1.8348414897918701 171
1.8408699035644531 171
1.8480651378631592 171
1.8540663719177246 171
1.8614006042480469 171
1.8678765296936035 171
1.873565912246704 171
1.8801062107086182 171
1.8869545459747314 171
1.8923351764678955 171
1.8991289138793945 171
1.9081768989562988 171
1.9156787395477295 171
1.9240047931671143 171
1.930311679840088 171
1.9372403621673584 171
1.94289231300354 171
1.949295997619629 171
1.9569804668426514 171
1.9657714366912842 171
1.9715306758880615 171
1.9781649112701416 171
1.9848053455352783 171
1.9904148578643799 171
1.997262716293335 171
2.0029284954071045 171
2.009350299835205 171
2.017848014831543 171
2.0248618125915527 171
2.030427932739258 171
2.0373153686523438 171
2.0476911067962646 171
2.053309202194214 171
2.0599968433380127 171
2.067819833755493 171
2.073476791381836 171
2.080193519592285 171
2.0870449542999268 171
2.0924646854400635 171
2.099116563796997 171
2.1058552265167236 171
2.1115949153900146 171
2.119365930557251 171
2.1260673999786377 171
2.1316568851470947 171
2.138270854949951 171
2.144940137863159 171
2.1518936157226562 171
2.158393621444702 171
2.1660468578338623 171
2.171699285507202 171
2.1781468391418457 171
2.184807538986206 171
2.190380096435547 171
2.1974284648895264 171
2.2031304836273193 171
2.211496114730835 171
2.2194602489471436 171
2.226184844970703 171
2.231797695159912 171
2.238474130630493 171
2.2451603412628174 171
2.2515063285827637 171
2.258194923400879 171
2.264979362487793 171
2.2730917930603027 171
2.2795071601867676 171
2.2862138748168945 171
2.291816473007202 171
2.3093199729919434 171
2.3248276710510254 171
2.339552164077759 171
2.3532493114471436 171
2.3678033351898193 171
2.3875691890716553 171
2.3990702629089355 171
2.4058635234832764 171
2.4116222858428955 171
2.41953444480896 171
2.4264376163482666 171
2.4320602416992188 171
2.4390649795532227 171
2.449282646179199 171
2.4569172859191895 171
2.46221923828125 171
2.469992160797119 171
2.47686767578125 171
2.4821741580963135 171
2.488873243331909 171
2.4952609539031982 171
2.501385450363159 171
2.5078988075256348 171
2.5135247707366943 171
2.521146535873413 171
2.527967929840088 171
2.534005880355835 171
2.5420053005218506 171
2.5511913299560547 171
2.5604562759399414 171
2.5691921710968018 171
2.578998327255249 171
2.587571620941162 171
2.5958666801452637 171
2.603578567504883 171
2.611974000930786 171
2.6282639503479004 171
2.635032892227173 171
2.6408236026763916 171
2.6475093364715576 171
2.653201103210449 171
2.6596133708953857 171
2.6672186851501465 171
2.6739420890808105 171
2.6803243160247803 171
2.6872270107269287 171
2.6929259300231934 171
2.699363946914673 171
2.706062078475952 171
2.7116641998291016 171
2.7181596755981445 171
2.7258896827697754 171
2.7316246032714844 171
2.738306760787964 171
2.7449839115142822 171
2.7507882118225098 171
2.7576138973236084 171
2.7644498348236084 171
2.770272970199585 171
2.779179096221924 171
2.786868095397949 171
2.792177200317383 171
2.7991068363189697 171
2.8057806491851807 171
2.811491012573242 171
2.8179826736450195 171
2.825392723083496 171
2.8313586711883545 171
2.837829351425171 171
2.8478667736053467 171
2.853504180908203 171
2.8603618144989014 171
2.8678271770477295 171
2.8734776973724365 171
2.8812122344970703 171
2.8878893852233887 171
2.8935046195983887 171
2.8999927043914795 171
2.9068241119384766 171
2.912151336669922 171
2.9190690517425537 171
2.927647829055786 171
2.933281660079956 171
2.9397289752960205 171
2.946462869644165 171
2.952080011367798 171
2.9585235118865967 171
2.965170383453369 171
2.9716200828552246 171
2.979172706604004 171
2.9857730865478516 171
2.9915273189544678 171
2.997981548309326 171
3.0040652751922607 171
3.0102267265319824 171
3.017263174057007 171
3.0228984355926514 171
3.0301997661590576 171
3.037203788757324 171
3.042848825454712 171
3.0492491722106934 171
3.055903434753418 171
3.06164288520813 171
3.0680935382843018 171
3.0752437114715576 171
3.081968069076538 171
3.0884697437286377 171
3.0951385498046875 171
3.1012685298919678 171
3.107778310775757 171
3.1134440898895264 171
3.1199724674224854 171
3.1265063285827637 171
3.133253574371338 171
3.139653444290161 171
3.146824359893799 171
3.152146577835083 171
3.1590707302093506 171
3.1656911373138428 171
3.1714539527893066 171
3.178389310836792 171
3.1860554218292236 171
3.191657543182373 171
3.1981284618377686 171
3.2048158645629883 171
3.210407257080078 171
3.217413902282715 171
3.223074436187744 171
3.230438709259033 171
3.23738169670105 171
3.243058919906616 171
3.253079891204834 171
3.2596535682678223 171
3.26650333404541 171
3.272110939025879 171
3.2795820236206055 171
3.28800630569458 171
3.295016288757324 171
3.3007941246032715 171
3.3074216842651367 171
3.3131189346313477 171
3.319516897201538 171
3.3261940479278564 171
3.3328616619110107 171
3.3394908905029297 171
3.346179962158203 171
3.3517956733703613 171
3.3582868576049805 171
3.3649561405181885 171
3.3707752227783203 171
3.37738299369812 171
3.385272264480591 171
3.3911986351013184 171
3.3978981971740723 171
3.4039382934570312 171
3.4103329181671143 171
3.4173192977905273 171
3.4229445457458496 171
3.429354190826416 171
3.4371824264526367 171
3.442829132080078 171
3.449258804321289 171
3.45613956451416 171
3.461812734603882 171
3.468348503112793 171
3.474993944168091 171
3.4813897609710693 171
3.48887038230896 171
3.495267391204834 171
3.5012099742889404 171
3.50769305229187 171
3.513357400894165 171
3.5200893878936768 171
3.5269994735717773 171
3.5323898792266846 171
3.5400543212890625 171
3.5468361377716064 171
3.552150011062622 171
3.558863878250122 171
3.5652599334716797 171
3.571232795715332 171
3.577897071838379 171
3.5860435962677 171
3.5917282104492188 171
3.598240375518799 171
3.6049273014068604 171
3.61047625541687 171
3.617382287979126 171
3.623044729232788 171
3.629462480545044 171
3.6373229026794434 171
3.642987012863159 171
3.653230905532837 171
3.6599719524383545 171
3.6671040058135986 171
3.672523260116577 171
3.679281711578369 171
3.6875979900360107 171
3.693305730819702 171
3.7000558376312256 171
3.706838607788086 171
3.712162733078003 171
3.718874931335449 171
3.7252721786499023 171
3.7311904430389404 171
3.7384936809539795 171
3.7451958656311035 171
3.7511184215545654 171
3.757784843444824 171
3.763453960418701 171
3.7700984477996826 171
3.776940107345581 171
3.782320737838745 171
3.7903800010681152 171
3.7979652881622314 171
3.8061320781707764 171
3.811779499053955 171
3.8184654712677 171
3.8251259326934814 171
3.8309485912323 171
3.8375771045684814 171
3.844916582107544 171
3.8504815101623535 171
3.857375383377075 171
3.8630404472351074 171
3.869422435760498 171
3.8763396739959717 171
3.8819684982299805 171
3.8884639739990234 171
3.9009032249450684 171
3.908926010131836 171
3.9153358936309814 171
3.9214422702789307 171
3.929274082183838 171
3.9361534118652344 171
3.942904233932495 171
3.9493489265441895 171
3.9569664001464844 171
3.963107109069824 171
3.9695003032684326 171
3.9761831760406494 171
3.981820821762085 171
3.988298177719116 171
3.9969396591186523 171
