0 0
0.008454322814941406 471
0.03198075294494629 471
0.043914794921875 471
0.05535745620727539 471
0.06841349601745605 471
0.07962775230407715 473
0.09209632873535156 473
0.1030426025390625 464
0.11634969711303711 464
0.12830400466918945 464
0.1394062042236328 464
0.1508171558380127 464
0.16335606575012207 464
0.17494869232177734 448
0.18566274642944336 448
0.20315909385681152 439
0.21619439125061035 437
0.22854113578796387 437
0.23942303657531738 425
0.2519209384918213 425
0.2640957832336426 420
0.27532148361206055 420
0.28637170791625977 412
0.2981727123260498 412
0.3090980052947998 412
0.3233675956726074 412
0.3348383903503418 412
0.34557390213012695 383
0.3593409061431885 383
0.3723428249359131 372
0.3843352794647217 372
0.39510488510131836 364
0.40674853324890137 364
0.41938233375549316 357
0.43248462677001953 357
0.44406771659851074 347
0.4555399417877197 347
0.4675760269165039 334
0.47945499420166016 334
0.49127769470214844 328
0.5031781196594238 328
0.5149528980255127 321
0.5276522636413574 321
0.5394456386566162 320
0.5519943237304688 320
0.5630993843078613 297
0.5760185718536377 297
0.5872073173522949 289
0.5986433029174805 281
0.6164681911468506 281
0.6287615299224854 273
0.6421623229980469 273
0.6530857086181641 271
0.6648328304290771 269
0.677539587020874 269
0.6886844635009766 271
0.7008223533630371 271
0.7122969627380371 278
0.7445318698883057 298
0.7693090438842773 298
0.7925751209259033 298
0.8187816143035889 321
0.8427472114562988 326
0.8625788688659668 326
0.8748388290405273 329
0.8863942623138428 338
0.9071006774902344 340
0.9273333549499512 340
0.9388093948364258 345
0.9516568183898926 345
0.9639432430267334 345
0.9752728939056396 345
0.9863622188568115 345
0.9984736442565918 345
1.0167734622955322 340
1.028747797012329 340
1.0401332378387451 340
1.053947925567627 336
1.0661358833312988 336
1.077197551727295 336
1.0883700847625732 336
1.0995523929595947 336
1.1124682426452637 336
1.1246132850646973 321
1.1356117725372314 321
1.1471662521362305 321
1.1585242748260498 321
1.1708049774169922 321
1.182297945022583 321
1.1934115886688232 296
1.2048492431640625 296
1.2176284790039062 288
1.2291176319122314 288
1.2403175830841064 280
1.25345778465271 280
1.266016960144043 271
1.2771756649017334 265
1.2888455390930176 265
1.2999846935272217 265
1.312305212020874 265
1.325052261352539 265
1.3368330001831055 265
1.347640037536621 271
1.3601024150848389 271
1.3726744651794434 280
1.3860981464385986 280
1.3972651958465576 290
1.4141099452972412 298
1.4273567199707031 298
1.4385149478912354 303
1.4502017498016357 303
1.4630508422851562 322
1.4752449989318848 322
1.4862689971923828 321
1.4981391429901123 321
1.5088560581207275 321
1.5225679874420166 321
1.5335972309112549 328
1.5451593399047852 328
1.5561244487762451 330
1.5682792663574219 330
1.580413818359375 330
1.5925819873809814 330
1.6036560535430908 328
1.6161513328552246 328
1.6284730434417725 326
1.6401777267456055 326
1.651970624923706 326
1.664170265197754 326
1.6763384342193604 326
1.6874010562896729 326
1.698744773864746 326
1.7099106311798096 326
1.723318099975586 326
1.7343151569366455 302
1.7455451488494873 302
1.7568306922912598 296
1.7688238620758057 296
1.781625747680664 288
1.7942512035369873 280
1.8167822360992432 280
1.8343515396118164 273
1.84840989112854 267
1.864727258682251 267
1.8800938129425049 267
1.8930931091308594 271
1.9045660495758057 271
1.9162797927856445 278
1.9290235042572021 278
1.9402611255645752 286
1.95255446434021 286
1.9636619091033936 296
1.9765400886535645 296
1.9876046180725098 304
1.999452829360962 304
2.0113182067871094 320
2.0239315032958984 320
2.0354526042938232 326
2.048398733139038 326
2.0602874755859375 321
2.0720391273498535 326
2.084665536880493 326
2.0953826904296875 328
2.107215404510498 328
2.1200592517852783 330
2.1330466270446777 330
2.144291400909424 328
2.1554722785949707 328
2.166471242904663 326
2.1802587509155273 326
2.1920530796051025 326
2.20349383354187 326
2.2200260162353516 326
2.234032392501831 321
2.245286226272583 321
2.25634503364563 321
2.268341064453125 308
2.2801966667175293 308
2.2926278114318848 308
2.3041188716888428 308
2.3156208992004395 308
2.3266806602478027 288
2.3393611907958984 288
2.3507795333862305 280
2.3633766174316406 280
2.3743159770965576 271
2.3874239921569824 271
2.4015917778015137 265
2.4127299785614014 259
2.4254515171051025 259
2.4374921321868896 257
2.4493765830993652 257
2.4604148864746094 259
2.472655773162842 259
2.4848251342773438 263
2.4964945316314697 263
2.5076136589050293 271
2.5202014446258545 271
2.5319700241088867 282
2.5446226596832275 282
2.5554704666137695 290
2.567375421524048 290
2.578531503677368 296
2.5925052165985107 302
2.60465407371521 302
2.6220176219940186 302
2.6326966285705566 302
2.64481782913208 302
2.6555280685424805 302
2.6665267944335938 302
2.677382230758667 302
2.6891534328460693 302
2.700150728225708 321
2.7121827602386475 321
2.7244391441345215 326
2.7354869842529297 326
2.7475574016571045 326
2.7592694759368896 326
2.770376682281494 326
2.782679557800293 326
2.795374631881714 326
2.8064260482788086 326
2.818356990814209 321
2.8296284675598145 321
2.842604875564575 321
2.8553905487060547 321
2.868325710296631 321
2.8791754245758057 321
2.893450975418091 308
2.905538320541382 303
2.918686866760254 303
2.930067777633667 303
2.9435629844665527 303
2.954777240753174 303
2.9665136337280273 303
2.9790287017822266 303
2.990879774093628 303
3.0031306743621826 303
3.0192818641662598 265
3.031956434249878 265
3.0442428588867188 251
3.0585029125213623 242
3.0708718299865723 242
3.0824472904205322 239
3.095388174057007 239
3.1114063262939453 233
3.1242659091949463 233
3.136103391647339 233
3.1485769748687744 233
3.161346435546875 233
3.1747169494628906 237
3.1865127086639404 237
3.1994338035583496 247
3.211656093597412 247
3.223937511444092 247
3.23475980758667 247
3.2454848289489746 247
3.2575764656066895 247
3.268739938735962 247
3.2814364433288574 247
3.2924435138702393 247
3.304929494857788 278
3.317531108856201 278
3.3286314010620117 288
3.3402862548828125 288
3.353065013885498 297
3.3647470474243164 297
3.3756046295166016 304
3.3893303871154785 304
3.4035987854003906 322
3.420128345489502 326
3.432663679122925 326
3.444389581680298 326
3.4569215774536133 326
3.468095064163208 329
3.4794111251831055 329
3.4908270835876465 336
3.5043294429779053 336
3.5160694122314453 339
3.5274925231933594 339
3.5385751724243164 340
3.550041675567627 340
3.5627477169036865 340
3.5742366313934326 340
3.585023880004883 340
3.595982074737549 340
3.607980251312256 340
3.6209065914154053 340
3.6323370933532715 340
3.6434054374694824 347
3.655660390853882 347
3.6668660640716553 338
3.681347608566284 338
3.693312406539917 329
3.7050559520721436 329
3.7170112133026123 329
3.7281064987182617 329
3.7391788959503174 329
3.7503015995025635 329
3.7630956172943115 329
3.7750303745269775 329
3.786017894744873 329
3.7971787452697754 298
3.8168270587921143 298
3.8279597759246826 298
3.8389804363250732 298
3.850015163421631 298
3.862511396408081 273
3.8749048709869385 271
3.889401912689209 271
3.904749631881714 271
3.9230692386627197 273
3.937548875808716 280
3.9548654556274414 280
3.967240333557129 288
3.9792821407318115 288
3.990354537963867 294
4.002713918685913 294
4.016455173492432 297
4.0282135009765625 297
4.03930139541626 322
4.054055452346802 322
4.065567255020142 321
4.077173471450806 321
4.0883119106292725 326
4.100048065185547 326
4.114499807357788 321
4.1266632080078125 321
4.138470888137817 330
4.149331569671631 330
4.1626951694488525 334
4.175518989562988 340
4.187243700027466 340
4.198556900024414 338
4.217148303985596 338
4.230014085769653 338
4.2427287101745605 338
4.255661725997925 338
4.268056392669678 338
4.279094219207764 338
4.2915940284729 338
4.302618503570557 338
4.317217826843262 338
4.328763008117676 338
4.342622995376587 338
4.354361295700073 329
4.367582082748413 329
4.379456281661987 326
4.393603324890137 326
4.404583215713501 326
4.417130947113037 326
4.428746223449707 326
4.439926385879517 326
4.453934669494629 326
4.464750289916992 326
4.476630926132202 326
4.48808741569519 326
4.498807191848755 326
4.5099873542785645 326
4.524066686630249 326
4.535245180130005 326
4.549455881118774 326
4.561365127563477 326
4.573887586593628 326
4.584677219390869 326
4.595434665679932 326
4.606532335281372 241
4.625257968902588 229
4.637651443481445 229
4.648981332778931 225
4.660834550857544 225
4.673349380493164 217
4.684749603271484 217
4.69559907913208 209
4.707306385040283 209
4.7242820262908936 209
4.735454797744751 209
4.7475690841674805 209
4.758873462677002 206
4.7723822593688965 206
4.7852089405059814 219
4.797046899795532 219
4.80817437171936 229
4.821352005004883 237
4.834912300109863 237
4.8471269607543945 237
4.858277797698975 237
4.869195222854614 237
4.88231635093689 237
4.89341139793396 259
4.904789924621582 259
4.916477203369141 267
4.929064989089966 267
4.94149112701416 267
4.952512264251709 267
4.963576555252075 267
4.9752631187438965 267
4.986362934112549 267
4.997638463973999 267
5.00907039642334 267
5.026354551315308 267
5.037557363510132 267
5.051597356796265 267
5.0627121925354 326
5.0745673179626465 326
5.086422443389893 326
5.098407030105591 326
5.110822916030884 321
5.124150037765503 321
5.136058807373047 336
5.14854884147644 336
5.159427165985107 340
5.174206733703613 349
5.188639879226685 349
5.1995837688446045 353
5.211895704269409 353
5.223937273025513 355
5.236399173736572 355
5.249144077301025 355
5.260189771652222 355
5.27216911315918 355
5.284222841262817 355
5.295171737670898 355
5.307301998138428 355
5.320216178894043 355
5.332712173461914 348
5.34456467628479 348
5.355435132980347 348
5.366474151611328 348
5.37753438949585 348
5.389442443847656 348
5.4015052318573 348
5.412489414215088 348
5.428556442260742 348
5.44131064414978 321
5.453902959823608 321
5.465317487716675 321
5.476633310317993 321
5.4890148639678955 322
5.500078439712524 322
5.512165546417236 308
5.52423882484436 297
5.536853075027466 297
5.548119783401489 297
5.559252738952637 297
5.570282459259033 297
5.58210015296936 297
5.594329118728638 297
5.605107307434082 297
5.61706280708313 297
5.628214359283447 267
5.641625881195068 267
5.653626441955566 267
5.6648712158203125 267
5.675572156906128 273
5.6884801387786865 273
5.699299573898315 277
5.712101221084595 277
5.727550506591797 290
5.74840235710144 297
5.776170253753662 297
5.797474384307861 297
5.828413724899292 297
5.854324102401733 326
5.878998041152954 329
5.8914570808410645 329
5.9035656452178955 338
5.919355869293213 345
5.9435484409332275 353
5.957118272781372 357
5.973588466644287 357
5.989313125610352 366
6.005274772644043 366
6.021575450897217 366
6.03705358505249 366
6.053641319274902 366
6.068414926528931 366
6.083498239517212 366
6.094488143920898 372
6.105953216552734 372
6.1224939823150635 370
6.1352386474609375 370
6.147043943405151 365
6.158258676528931 365
6.170811414718628 364
6.184377431869507 361
6.196086406707764 361
6.207094669342041 355
6.224411964416504 355
6.236356973648071 355
6.247549295425415 355
6.258881092071533 355
6.2708070278167725 355
6.282289981842041 355
6.2942986488342285 355
6.305201768875122 355
6.317141056060791 326
6.331327676773071 326
6.343540191650391 326
6.355227470397949 326
6.366277694702148 320
6.378877401351929 302
6.392281532287598 302
6.403097152709961 302
6.415149927139282 294
6.426242113113403 282
6.439232349395752 282
6.450299024581909 280
6.462545394897461 280
6.474193572998047 273
6.485363483428955 273
6.497439384460449 265
6.509116172790527 265
6.521912336349487 265
6.53344202041626 265
6.545204162597656 267
6.557121515274048 267
6.568788290023804 273
6.580860614776611 286
6.594101190567017 286
6.60491681098938 294
6.6224143505096436 294
6.634081125259399 297
6.6467461585998535 297
6.657602071762085 308
6.669395685195923 308
6.682095766067505 321
6.6948792934417725 321
6.7064197063446045 326
6.724583148956299 326
6.736450910568237 326
6.748796701431274 326
6.762213945388794 326
6.773470878601074 321
6.786365509033203 326
6.7991180419921875 326
6.810214281082153 326
6.823926687240601 326
6.835319519042969 326
6.848532676696777 326
6.859600067138672 326
6.871357202529907 326
6.883014917373657 326
6.894773244857788 326
6.905542612075806 326
6.91763973236084 321
6.929409027099609 321
6.940831661224365 321
6.954303741455078 321
6.9650819301605225 326
6.977065086364746 326
6.988746643066406 303
7.002092599868774 303
7.013111352920532 303
7.029399394989014 303
7.041527032852173 303
7.05528712272644 303
7.066362619400024 303
7.0775415897369385 303
7.089325189590454 267
7.103369474411011 267
7.117471218109131 259
7.1291422843933105 259
7.140236139297485 251
7.154112815856934 251
7.165537595748901 243
7.178370952606201 241
7.190274000167847 241
7.203029155731201 241
7.215492248535156 241
7.226505517959595 243
7.2385573387146 243
7.250803709030151 247
7.263092756271362 247
7.274323463439941 257
7.285610914230347 257
7.297270059585571 265
7.31002402305603 271
7.32308030128479 271
7.334340333938599 281
7.3456456661224365 281
7.357576370239258 288
7.369210720062256 288
7.380270957946777 294
7.392598628997803 294
7.405196666717529 294
7.417004108428955 294
7.432494163513184 294
7.444109201431274 294
7.456123352050781 294
7.467182397842407 294
7.478506326675415 294
7.489290237426758 321
7.50251841545105 321
7.515584945678711 324
7.5274012088775635 324
7.538579702377319 330
7.5500359535217285 330
7.56267237663269 338
7.5745344161987305 338
7.5852391719818115 345
7.596834182739258 345
7.610199451446533 349
7.623025894165039 353
7.634620904922485 353
7.645384788513184 353
7.657410621643066 353
7.668581008911133 353
7.681405067443848 353
7.692397832870483 353
7.704252481460571 353
7.716888189315796 353
7.728098392486572 357
7.740025997161865 357
7.751614332199097 355
7.764406442642212 355
7.775161027908325 347
7.786890506744385 347
7.798099517822266 340
7.8119494915008545 340
7.8275299072265625 340
7.839118242263794 340
7.850346088409424 329
7.864267826080322 329
7.875168561935425 326
7.886676788330078 326
7.897576808929443 321
7.91162896156311 321
7.924376487731934 321
7.93529486656189 321
7.947091341018677 322
7.95918083190918 304
7.972528457641602 304
7.983624696731567 303
7.995485305786133 303
8.006469964981079 294
8.021571397781372 294
8.032582759857178 294
8.04859447479248 294
8.065096139907837 294
8.07925796508789 294
8.094533443450928 294
8.108422040939331 267
8.127375364303589 267
8.14302134513855 273
8.154111385345459 273
8.164912223815918 273
8.179339170455933 273
8.191428422927856 273
8.202466487884521 273
8.214967489242554 273
8.232261896133423 273
8.244780778884888 298
8.256772518157959 298
8.268601655960083 304
8.280273675918579 304
8.292025566101074 321
8.303906440734863 321
8.316141843795776 324
8.328796863555908 324
8.340391159057617 321
8.352233409881592 321
8.364314556121826 321
8.376100063323975 326
8.387600183486938 326
8.39874815940857 321
8.41084337234497 321
8.42492151260376 321
8.436315536499023 321
8.447418689727783 326
8.459342002868652 326
8.472043514251709 322
8.483664274215698 322
8.494675397872925 308
8.505928993225098 308
8.518134593963623 320
8.532103538513184 320
8.543355226516724 303
8.55501914024353 303
8.565998077392578 296
8.578503131866455 296
8.589402914047241 290
8.602064371109009 290
8.612748861312866 284
8.632092714309692 280
8.644238233566284 280
8.65524959564209 273
8.666671514511108 273
8.678772449493408 273
8.690352201461792 273
8.702114343643188 273
8.714205741882324 281
8.728065729141235 281
8.73878288269043 288
8.753403186798096 288
8.764400959014893 297
8.77716064453125 297
8.788336992263794 303
8.800196409225464 303
8.812017917633057 303
8.823995351791382 303
8.836262464523315 303
8.84734845161438 303
8.85841155052185 303
8.86923599243164 303
8.882086753845215 303
8.892753839492798 326
8.904667615890503 326
8.916388750076294 321
8.92960238456726 321
8.941331386566162 321
8.953333854675293 321
8.964282274246216 321
8.975461721420288 321
8.98740530014038 321
8.999070167541504 321
9.010158061981201 324
9.028181552886963 326
9.042228698730469 326
9.054593801498413 322
9.066200017929077 322
9.077427387237549 308
9.090349435806274 308
9.102140188217163 302
9.114575862884521 302
9.125394821166992 296
9.138630628585815 296
9.14991545677185 281
9.162490844726562 281
9.173987865447998 282
9.18619179725647 282
9.197365999221802 273
9.208845853805542 271
9.222195863723755 271
9.234187364578247 271
9.249204874038696 271
9.262248992919922 273
9.273976564407349 273
9.28553032875061 273
9.29688549041748 273
9.308068990707397 273
9.320087671279907 273
9.332291841506958 294
9.344807624816895 297
9.356498718261719 297
9.367500305175781 320
9.379598140716553 320
9.392446041107178 322
9.40409517288208 322
9.415528297424316 321
9.432711839675903 321
9.445590257644653 326
9.457547664642334 326
9.468607425689697 326
9.480135202407837 326
9.493568897247314 328
9.504565954208374 328
9.516846656799316 334
9.527618646621704 334
9.539620399475098 334
9.552224397659302 334
9.563583612442017 334
9.57462763786316 334
9.586038827896118 334
9.598119258880615 328
9.609644174575806 328
9.62258267402649 326
9.634377241134644 326
9.646620750427246 321
9.658525943756104 321
9.669340133666992 321
9.68218469619751 321
9.694403648376465 321
9.70517873764038 321
9.7171790599823 321
9.72833800315857 321
9.740885972976685 321
9.753047704696655 321
9.764652490615845 321
9.77677297592163 290
9.788298845291138 290
9.800794839859009 282
9.812748193740845 282
9.82939887046814 273
9.842403411865234 267
9.855185270309448 267
9.86614441871643 263
9.877952575683594 263
9.888741493225098 259
9.902021408081055 259
9.912728548049927 263
9.9253089427948 263
9.936356544494629 263
9.94853401184082 263
9.960333347320557 263
9.97209644317627 281
9.983962297439575 281
9.995388984680176 288
