0 0
0.004513978958129883 0
0.016930818557739258 0
0.0226898193359375 0
0.029357194900512695 1
0.03627276420593262 2
0.041734933853149414 3
0.049370527267456055 4
0.056275367736816406 6
0.0618133544921875 9
0.07279706001281738 11
0.07972598075866699 14
0.08700442314147949 15
0.09277844429016113 18
0.09964561462402344 20
0.10676836967468262 23
0.11259007453918457 26
0.12041282653808594 29
0.1270751953125 31
0.13320517539978027 34
0.13956451416015625 38
0.14697837829589844 40
0.1527552604675293 43
0.1594548225402832 46
0.16734790802001953 49
0.1739809513092041 52
0.17987442016601562 55
0.18693017959594727 58
0.19273996353149414 61
0.19945859909057617 64
0.20642447471618652 67
0.2119743824005127 71
0.21988940238952637 74
0.22713112831115723 76
0.23331713676452637 80
0.23963260650634766 83
0.24668669700622559 86
0.2537691593170166 90
0.25968074798583984 92
0.2667121887207031 96
0.27431416511535645 99
0.2799820899963379 103
0.28769874572753906 106
0.2949857711791992 109
0.3007988929748535 113
0.30748677253723145 116
0.3142862319946289 118
0.32111334800720215 122
0.32772326469421387 126
0.334580659866333 128
0.34059715270996094 132
0.34743213653564453 135
0.3546874523162842 138
0.3606870174407959 142
0.3673515319824219 145
0.3750641345977783 148
0.3808741569519043 152
0.38749146461486816 154
0.39428114891052246 158
0.3999664783477783 162
0.40715503692626953 163
0.4133269786834717 167
0.4196312427520752 171
0.4274771213531494 174
0.4340205192565918 177
0.4399144649505615 180
0.4469420909881592 184
0.4542660713195801 186
0.45996785163879395 190
0.4725534915924072 192
0.4795238971710205 193
0.4867062568664551 194
0.49249720573425293 194
0.4994466304779053 194
0.506483793258667 194
0.5120131969451904 193
0.5187981128692627 192
0.5269005298614502 190
0.5327305793762207 189
0.5394382476806641 187
0.5464787483215332 186
0.5520148277282715 183
0.5594122409820557 181
0.566408634185791 179
0.5719780921936035 176
0.5795397758483887 174
0.5867016315460205 173
0.592487096786499 172
0.5993115901947021 171
0.6064720153808594 170
0.6120100021362305 170
0.6187641620635986 171
0.6266436576843262 171
0.6324131488800049 173
0.6427569389343262 174
0.6496641635894775 176
0.6566810607910156 178
0.6649422645568848 180
0.6865572929382324 185
0.6905651092529297 186
0.6945521831512451 188
0.6989080905914307 189
0.7045021057128906 191
0.7076926231384277 192
0.7117679119110107 192
0.719085693359375 194
0.723989725112915 194
0.7285797595977783 195
0.7326946258544922 196
0.7374086380004883 196
0.7413733005523682 197
0.7473673820495605 198
0.7514266967773438 198
0.757094144821167 198
0.7611083984375 198
0.7657322883605957 199
0.7699563503265381 199
0.7769436836242676 199
0.780893087387085 200
0.7865376472473145 200
0.7905049324035645 200
0.7944796085357666 200
0.8005743026733398 200
0.8066020011901855 200
0.8099625110626221 200
0.8163034915924072 200
0.8179185390472412 200
0.8220353126525879 200
0.8289153575897217 200
0.8318426609039307 200
0.834911584854126 200
0.836906909942627 200
0.8387203216552734 200
0.8408582210540771 200
0.8427820205688477 200
0.8457136154174805 200
0.847585916519165 200
0.8496019840240479 200
0.8516154289245605 200
0.8544883728027344 200
0.856670618057251 200
0.8584775924682617 200
0.8606016635894775 200
0.8637058734893799 200
0.870633602142334 200
0.8725707530975342 200
0.8817932605743408 199
0.8890068531036377 199
0.8954885005950928 199
0.902247428894043 200
0.9056637287139893 200
0.9124507904052734 200
0.9164583683013916 200
0.9190840721130371 200
0.9217109680175781 200
0.9256081581115723 200
0.928476095199585 200
0.9310767650604248 200
0.9357237815856934 200
0.9385857582092285 200
0.9411883354187012 200
0.9451031684875488 200
0.9474656581878662 200
0.9505336284637451 200
0.9532866477966309 200
0.9567840099334717 200
0.9592435359954834 200
0.9617290496826172 200
0.9666953086853027 200
0.9689466953277588 200
0.9710896015167236 200
0.9737780094146729 200
0.9759254455566406 200
0.9777917861938477 200
0.9798777103424072 200
0.9819493293762207 200
0.9857919216156006 200
0.987675666809082 200
0.9896843433380127 200
0.9916775226593018 200
0.9945371150970459 200
0.9968948364257812 200
0.9987161159515381 200
1.0008230209350586 200
1.0027439594268799 200
1.0056583881378174 200
1.007554531097412 200
1.009556531906128 200
1.011444330215454 200
1.0143659114837646 200
1.0165495872497559 200
1.01835036277771 200
1.0204412937164307 200
1.0223443508148193 200
1.0254402160644531 200
1.0273268222808838 200
1.0293090343475342 200
1.0312511920928955 200
1.0339744091033936 200
1.037126064300537 200
1.0389437675476074 200
1.041017770767212 200
1.043684482574463 200
1.0458283424377441 200
1.0476996898651123 200
1.049694538116455 200
1.0516695976257324 200
1.0545117855072021 200
1.0566949844360352 200
1.058509349822998 200
1.0606193542480469 200
1.0625593662261963 200
1.0654735565185547 200
1.0678865909576416 200
1.0699074268341064 200
1.0766713619232178 200
1.0806729793548584 200
1.0865767002105713 200
1.092451572418213 200
1.0987837314605713 200
1.1032919883728027 200
1.1072158813476562 200
1.111182689666748 200
1.1168525218963623 200
1.1210086345672607 200
1.1266400814056396 200
1.1306333541870117 200
1.135589838027954 200
1.1423888206481934 200
1.1486008167266846 200
1.1507751941680908 200
1.155677318572998 200
1.1667828559875488 200
1.1708652973175049 200
1.1764230728149414 200
1.178008794784546 200
1.1832034587860107 200
1.1859304904937744 200
1.1887497901916504 200
1.1908726692199707 200
1.1927664279937744 200
1.1958305835723877 200
1.1977033615112305 200
1.1997003555297852 200
1.2017316818237305 200
1.2045586109161377 200
1.2071847915649414 200
1.209007978439331 200
1.2111268043518066 200
1.213808298110962 200
1.216392993927002 200
1.2179596424102783 200
1.219977855682373 200
1.2220168113708496 200
1.225285291671753 200
1.2271771430969238 200
1.2289948463439941 200
1.2311127185821533 200
1.2337663173675537 200
1.2363684177398682 200
1.2390151023864746 200
1.2411754131317139 200
1.24385404586792 200
1.2462642192840576 200
1.2478344440460205 200
1.249845027923584 200
1.2518854141235352 200
1.255105972290039 200
1.2571008205413818 200
1.2589244842529297 200
1.2610790729522705 200
1.2637593746185303 200
1.2695112228393555 200
1.2723214626312256 200
1.2754054069519043 200
1.2773010730743408 200
1.2792384624481201 200
1.2812297344207764 200
1.2839124202728271 200
1.2865288257598877 200
1.2892274856567383 200
1.2912189960479736 200
1.2939531803131104 200
1.2965552806854248 200
1.298351764678955 200
1.3004474639892578 200
1.3023738861083984 200
1.3055462837219238 200
1.3077881336212158 200
1.3104655742645264 200
1.3123977184295654 200
1.3152976036071777 200
1.3171758651733398 200
1.3190007209777832 200
1.3211352825164795 200
1.3238270282745361 200
1.326439380645752 200
1.327996015548706 200
1.330000877380371 200
1.3319802284240723 200
1.3350293636322021 200
1.3370106220245361 200
1.3397040367126465 200
1.3417572975158691 200
1.3446357250213623 200
1.346804141998291 200
1.3486459255218506 200
1.3507637977600098 200
1.352687120437622 200
1.3555889129638672 200
1.357468605041504 200
1.3594534397125244 200
1.3613646030426025 200
1.3642973899841309 200
1.366579294204712 200
1.3684067726135254 200
1.370514154434204 200
1.3724265098571777 200
1.3757901191711426 200
1.3776583671569824 200
1.3796586990356445 200
1.381683349609375 200
1.3845369815826416 200
1.386936902999878 200
1.389655351638794 200
1.3917515277862549 200
1.3946256637573242 200
1.3967888355255127 200
1.3986034393310547 200
1.4007186889648438 200
1.4026434421539307 200
1.4055442810058594 200
1.4074127674102783 200
1.4093947410583496 200
1.4113144874572754 200
1.4140117168426514 200
1.4164395332336426 200
1.4179933071136475 200
1.4200057983398438 200
1.422020673751831 200
1.4250543117523193 200
1.42702317237854 200
1.428828477859497 200
1.4308862686157227 200
1.4327943325042725 200
1.4357244968414307 200
1.4375829696655273 200
1.4406507015228271 200
1.442631483078003 200
1.4456770420074463 200
1.4475433826446533 200
1.449556827545166 200
1.4515793323516846 200
1.4544086456298828 200
1.4565908908843994 200
1.4584145545959473 200
1.4605350494384766 200
1.462475061416626 200
1.4654269218444824 200
1.4673173427581787 200
1.4755077362060547 200
1.4778468608856201 200
1.4798438549041748 200
1.4818551540374756 200
1.4847028255462646 200
1.486910104751587 200
1.4887089729309082 200
1.4908180236816406 200
1.4945743083953857 200
1.4967749118804932 200
1.4985904693603516 200
1.5007309913635254 200
1.5026535987854004 200
1.5057318210601807 200
1.5075976848602295 200
1.509594440460205 200
1.5114758014678955 200
1.514451503753662 200
1.5167841911315918 200
1.5185956954956055 200
1.5207133293151855 200
1.522660732269287 200
1.5255672931671143 200
1.5274441242218018 200
1.5294275283813477 200
1.5313506126403809 200
1.5342862606048584 200
1.5364875793457031 200
1.5382764339447021 200
1.5403437614440918 200
1.5438127517700195 200
1.5462498664855957 200
1.54783296585083 200
1.5498204231262207 200
1.5518758296966553 200
1.5549378395080566 200
1.5569641590118408 200
1.5587711334228516 200
1.560835838317871 200
1.5627503395080566 200
1.5658435821533203 200
1.5677154064178467 200
1.569715976715088 200
1.571746587753296 200
1.5746018886566162 200
1.5767645835876465 200
1.579024076461792 200
1.581212043762207 200
1.5839598178863525 200
1.586416244506836 200
1.5879721641540527 200
1.5899772644042969 200
1.5920212268829346 200
1.595928430557251 200
1.5977869033813477 200
1.599799394607544 200
1.6017835140228271 200
1.6046385765075684 200
1.606799840927124 200
1.6086525917053223 200
1.6107711791992188 200
1.6127033233642578 200
1.6155972480773926 200
1.6174678802490234 200
1.6194524765014648 200
1.6213610172271729 200
1.6243059635162354 200
1.6266720294952393 200
1.6284682750701904 200
1.6305928230285645 200
1.6325407028198242 200
1.6354444026947021 200
1.6373100280761719 200
1.639328956604004 200
1.6412622928619385 200
1.6451399326324463 200
1.6471800804138184 200
1.6490013599395752 200
1.651113510131836 200
1.6537752151489258 200
1.6559274196624756 200
1.6577880382537842 200
1.6597766876220703 200
1.6627442836761475 200
1.6657569408416748 200
1.6714379787445068 200
1.6744132041931152 200
1.6767749786376953 200
1.678603172302246 200
1.6807515621185303 200
1.683976173400879 200
1.6866674423217773 200
1.6884832382202148 200
1.690589427947998 200
1.6925334930419922 200
1.6965384483337402 200
1.6983668804168701 200
1.700474739074707 200
1.7023863792419434 200
1.70528244972229 200
1.707167148590088 200
1.7089741230010986 200
1.7111034393310547 200
1.7137563228607178 200
1.7159051895141602 200
1.7177841663360596 200
1.7197813987731934 200
1.7218000888824463 200
1.7246878147125244 200
1.726869821548462 200
1.728684902191162 200
1.7307629585266113 200
1.7326958179473877 200
1.7355890274047852 200
1.7374560832977295 200
1.7394485473632812 200
1.7413697242736816 200
1.7443058490753174 200
1.7474334239959717 200
1.7494542598724365 200
1.7514150142669678 200
1.7543771266937256 200
1.7565889358520508 200
1.7583765983581543 200
1.7604498863220215 200
1.7623720169067383 200
1.7652595043182373 200
1.7671833038330078 200
1.7690033912658691 200
1.7710976600646973 200
1.7737536430358887 200
1.7763593196868896 200
1.777923583984375 200
1.7799413204193115 200
1.7819817066192627 200
1.7855141162872314 200
1.7873871326446533 200
1.7893900871276855 200
1.7913432121276855 200
1.7942616939544678 200
1.7971858978271484 200
1.799210548400879 200
1.8011722564697266 200
1.8038907051086426 200
1.8065083026885986 200
1.8082952499389648 200
1.8104324340820312 200
1.812366247177124 200
1.8155226707458496 200
1.817779541015625 200
1.8209331035614014 200
1.8239188194274902 200
1.8263607025146484 200
1.8279201984405518 200
1.8299341201782227 200
1.8319876194000244 200
1.835066318511963 200
1.837033748626709 200
1.8388335704803467 200
1.8409309387207031 200
1.843193769454956 200
1.8457422256469727 200
1.8486497402191162 200
1.850759744644165 200
1.8526768684387207 200
1.8555843830108643 200
1.857442855834961 200
1.8594329357147217 200
1.8613948822021484 200
1.8643519878387451 200
1.8667047023773193 200
1.8685271739959717 200
1.870652198791504 200
1.8725781440734863 200
1.875525712966919 200
1.8774051666259766 200
1.8793916702270508 200
1.8813374042510986 200
1.8842692375183105 200
1.8869006633758545 200
1.888746738433838 200
1.890866756439209 200
1.892768383026123 200
1.8956999778747559 200
1.8975684642791748 200
1.9007761478424072 200
1.9027094841003418 200
1.9057576656341553 200
1.9076406955718994 200
1.9096496105194092 200
1.9116804599761963 200
1.9145472049713135 200
1.9169132709503174 200
1.9187426567077637 200
1.9208412170410156 200
1.922760248184204 200
1.9258432388305664 200
1.927720308303833 200
1.9297184944152832 200
1.9317481517791748 200
1.934601068496704 200
1.9367754459381104 200
1.9386146068572998 200
1.9407589435577393 200
1.9426846504211426 200
1.9455807209014893 200
1.9474730491638184 200
1.950596570968628 200
1.9525525569915771 200
1.9554564952850342 200
1.957334041595459 200
1.9593234062194824 200
1.9612431526184082 200
1.963968276977539 200
1.966402292251587 200
1.9679574966430664 200
1.969966173171997 200
1.9720020294189453 200
1.9750339984893799 200
1.9770317077636719 200
1.9788453578948975 200
1.9809401035308838 200
1.9831969738006592 200
1.9859092235565186 200
1.9877727031707764 200
1.9905822277069092 200
1.99251127243042 200
1.9955658912658691 200
1.997420310974121 200
2.0004169940948486 200
2.002375841140747 200
2.0053093433380127 200
2.0071823596954346 200
2.0090081691741943 200
2.0111167430877686 200
2.013798713684082 200
2.016028881072998 200
2.0177974700927734 200
2.0198028087615967 200
2.0218546390533447 200
2.0249054431915283 200
2.026916742324829 200
2.028733015060425 200
2.0307974815368652 200
2.0327160358428955 200
2.035844326019287 200
2.037728786468506 200
2.039727210998535 200
2.0417227745056152 200
2.0445656776428223 200
2.0469751358032227 200
2.0487873554229736 200
2.051755905151367 200
2.054647445678711 200
2.0568151473999023 200
2.0586395263671875 200
2.060730218887329 200
2.062659740447998 200
2.065584182739258 200
2.06745982170105 200
2.0727992057800293 200
2.0758512020111084 200
2.077725648880005 200
2.079728603363037 200
2.0817534923553467 200
2.0846195220947266 200
2.0869596004486084 200
2.088770866394043 200
2.0913329124450684 200
2.094264268875122 200
2.0966455936431885 200
2.0984530448913574 200
2.100553035736084 200
2.1042535305023193 200
2.1066477298736572 200
2.10845685005188 200
2.11055850982666 200
2.112473964691162 200
2.115377426147461 200
2.11724591255188 200
2.119044542312622 200
2.1211392879486084 200
2.1238296031951904 200
2.1262595653533936 200
2.127835988998413 200
2.129838466644287 200
2.13187313079834 200
2.134936571121216 200
2.1369411945343018 200
2.138758420944214 200
2.140839099884033 200
2.142749071121216 200
2.145660877227783 200
2.147545576095581 200
2.149592876434326 200
2.1525673866271973 200
2.155501365661621 200
2.1573641300201416 200
2.1593546867370605 200
2.161297559738159 200
2.16400408744812 200
2.166633367538452 200
2.168436288833618 200
2.1705217361450195 200
2.1724493503570557 200
2.1753578186035156 200
2.1772406101226807 200
2.179065227508545 200
2.1811342239379883 200
2.1838011741638184 200
2.18625807762146 200
2.187832832336426 200
2.189833402633667 200
2.1918413639068604 200
2.195375442504883 200
2.1972453594207764 200
2.1990575790405273 200
2.2011470794677734 200
2.2049148082733154 200
2.2069170475006104 200
2.2087461948394775 200
2.210829019546509 200
2.2127346992492676 200
2.215670347213745 200
2.2175474166870117 200
2.219552993774414 200
2.22145938873291 200
2.224412202835083 200
2.226778507232666 200
2.2286036014556885 200
2.2307417392730713 200
2.2326548099517822 200
2.235703229904175 200
2.237579107284546 200
2.2396035194396973 200
2.2416250705718994 200
2.244476556777954 200
2.2466557025909424 200
2.2484538555145264 200
2.2505836486816406 200
2.252535343170166 200
2.2563891410827637 200
2.2579681873321533 200
2.2599899768829346 200
2.2620046138763428 200
2.2650227546691895 200
2.267033815383911 200
2.268839120864868 200
2.270937442779541 200
2.272834300994873 200
2.275739908218384 200
2.2776057720184326 200
2.2796072959899902 200
2.281625986099243 200
2.2844533920288086 200
2.2868175506591797 200
2.288641929626465 200
2.290757179260254 200
2.292680263519287 200
2.296541213989258 200
2.2983429431915283 200
2.3004679679870605 200
2.3090267181396484 200
2.3111701011657715 200
2.313880681991577 200
2.316272020339966 200
2.3178350925445557 200
2.3198611736297607 200
2.321876287460327 200
2.325298547744751 200
2.327526330947876 200
2.3298254013061523 200
2.3318562507629395 200
2.3347160816192627 200
2.3369386196136475 200
2.3387491703033447 200
2.3408281803131104 200
2.342737913131714 200
2.345818281173706 200
2.3477251529693604 200
2.3497259616851807 200
2.3517889976501465 200
2.3546440601348877 200
2.3575632572174072 200
2.3595895767211914 200
2.3616204261779785 200
2.3644392490386963 200
2.366636276245117 200
2.36846923828125 200
2.370591402053833 200
2.3725199699401855 200
2.3754193782806396 200
2.3773012161254883 200
2.379223585128784 200
2.381246566772461 200
2.383955478668213 200
2.386392116546631 200
2.387946844100952 200
2.39001202583313 200
2.3920044898986816 200
2.395042896270752 200
2.397000789642334 200
2.3994340896606445 200
2.401373863220215 200
2.404304027557373 200
2.407428503036499 200
2.409456968307495 200
2.4113805294036865 200
2.4143118858337402 200
2.4165618419647217 200
2.418370485305786 200
2.4204349517822266 200
2.422344446182251 200
2.4254305362701416 200
2.4273252487182617 200
2.429319143295288 200
2.431259870529175 200
2.433967113494873 200
2.4364140033721924 200
2.437978506088257 200
2.440009832382202 200
2.442023754119873 200
2.445067882537842 200
2.447036027908325 200
2.4488399028778076 200
2.450902223587036 200
2.45280122756958 200
2.455702543258667 200
2.4585776329040527 200
2.4607248306274414 200
2.462662935256958 200
2.4657368659973145 200
2.467599630355835 200
2.4696249961853027 200
2.476593255996704 200
2.4784300327301025 200
2.480553388595581 200
2.4824886322021484 200
2.485543727874756 200
2.487400531768799 200
2.4893887042999268 200
2.4913241863250732 200
2.494274139404297 200
2.496615171432495 200
2.4984078407287598 200
2.5009491443634033 200
2.5032355785369873 200
2.5057477951049805 200
2.508683681488037 200
2.5108137130737305 200
2.512742280960083 200
2.5156731605529785 200
2.51754093170166 200
2.519564628601074 200
2.521608352661133 200
2.5244431495666504 200
2.526792526245117 200
2.5286059379577637 200
2.5307343006134033 200
2.5326552391052246 200
2.5355639457702637 200
2.5374393463134766 200
2.5394368171691895 200
2.5413529872894287 200
2.5440292358398438 200
2.546466588973999 200
2.5480237007141113 200
2.550380229949951 200
2.5523083209991455 200
2.5554192066192627 200
2.557314395904541 200
2.560452461242676 200
2.562382936477661 200
2.565275192260742 200
2.567161798477173 200
2.56898832321167 200
2.571112871170044 200
2.5737648010253906 200
2.576031446456909 200
2.577805757522583 200
2.579831600189209 200
2.5818262100219727 200
2.584676504135132 200
2.5870323181152344 200
2.5888397693634033 200
2.590945243835449 200
2.5931990146636963 200
2.5957441329956055 200
2.5975987911224365 200
2.5996415615081787 200
2.6016712188720703 200
2.6050753593444824 200
2.607042074203491 200
2.6098334789276123 200
2.6119003295898438 200
2.614952802658081 200
2.616936206817627 200
2.6187469959259033 200
2.620819330215454 200
2.622739315032959 200
2.6257004737854004 200
2.6275620460510254 200
2.6295833587646484 200
2.63158917427063 200
2.634406805038452 200
2.636613607406616 200
2.6384100914001465 200
2.6405255794525146 200
2.642453193664551 200
2.6455326080322266 200
2.6473968029022217 200
2.6494131088256836 200
2.6513352394104004 200
2.6540205478668213 200
2.6564528942108154 200
2.6580095291137695 200
2.6611387729644775 200
2.6649889945983887 200
2.667081832885742 200
2.6688835620880127 200
2.6709468364715576 200
2.673198938369751 200
2.67573618888855 200
2.677598476409912 200
2.679594039916992 200
2.6816024780273438 200
2.684415340423584 200
2.6867666244506836 200
2.6885924339294434 200
2.690696954727173 200
2.6926193237304688 200
2.6955325603485107 200
2.6973965167999268 200
2.6993839740753174 200
2.7013158798217773 200
2.7040140628814697 200
2.7071239948272705 200
2.708963394165039 200
2.7119643688201904 200
2.715073585510254 200
2.717040538787842 200
2.718841314315796 200
2.7209298610687256 200
2.722835063934326 200
2.7257473468780518 200
2.727614641189575 200
2.7296128273010254 200
2.731625556945801 200
2.7344393730163574 200
2.7366409301757812 200
2.738460063934326 200
2.7405664920806885 200
2.7424983978271484 200
2.745393991470337 200
2.747265338897705 200
2.749067544937134 200
2.7511391639709473 200
2.753848075866699 200
2.7562754154205322 200
2.7578468322753906 200
2.7598371505737305 200
2.7632648944854736 200
2.7662394046783447 200
2.7678356170654297 200
2.769864320755005 200
2.771873950958252 200
2.7749059200286865 200
2.7769033908843994 200
2.778718948364258 200
2.780832290649414 200
2.7827577590942383 200
2.785670042037964 200
2.787532329559326 200
2.7895472049713135 200
2.7914507389068604 200
2.7943949699401855 200
2.7966148853302 200
2.7984187602996826 200
2.8005003929138184 200
2.802408456802368 200
2.8053102493286133 200
2.807677984237671 200
2.809694528579712 200
2.8126885890960693 200
2.815768241882324 200
2.8176512718200684 200
2.8196678161621094 200
2.821645736694336 200
2.8245205879211426 200
2.8268914222717285 200
2.82871150970459 200
2.830796241760254 200
2.8327009677886963 200
2.8358399868011475 200
2.838625192642212 200
2.8411576747894287 200
2.844362735748291 200
2.8465447425842285 200
2.848365545272827 200
2.850445508956909 200
2.8523612022399902 200
2.855255126953125 200
2.8571572303771973 200
2.8589682579040527 200
2.861112117767334 200
2.864706039428711 200
2.8669028282165527 200
2.8687050342559814 200
2.8708128929138184 200
2.8771681785583496 200
2.8789989948272705 200
2.881127119064331 200
2.8838093280792236 200
2.8865320682525635 200
2.8883321285247803 200
2.890471935272217 200
2.8924038410186768 200
2.8954904079437256 200
2.8973538875579834 200
2.899348020553589 200
2.9012656211853027 200
2.9039645195007324 200
2.906576633453369 200
2.9083809852600098 200
2.9109528064727783 200
2.914536237716675 200
2.9167890548706055 200
2.918616771697998 200
2.920722246170044 200
2.9226481914520264 200
2.925528049468994 200
2.9273884296417236 200
2.929417610168457 200
2.9313480854034424 200
2.9342710971832275 200
2.9364616870880127 200
2.938020944595337 200
2.9400291442871094 200
2.942267417907715 200
2.94537091255188 200
2.9472713470458984 200
2.94919753074646 200
2.951185941696167 200
2.9538636207580566 200
2.9568207263946533 200
2.959076404571533 200
2.9616620540618896 200
2.9666547775268555 200
2.968904972076416 200
2.971424102783203 200
2.975269079208374 200
2.9774978160858154 200
2.979851245880127 200
2.9827773571014404 200
2.9865949153900146 200
2.988804578781128 200
2.991339921951294 200
2.995117425918579 200
2.9974448680877686 200
2.9998342990875244 200
3.0027530193328857 200
3.0067291259765625 200
3.0089900493621826 200
3.0114634037017822 200
3.0170552730560303 200
3.0194380283355713 200
3.0218284130096436 200
3.0256145000457764 200
3.0278356075286865 200
3.0308661460876465 200
3.0345029830932617 200
3.0367183685302734 200
3.038571834564209 200
3.0407071113586426 200
3.042635202407837 200
3.0455234050750732 200
3.0473833084106445 200
3.0493829250335693 200
3.0513103008270264 200
3.0540153980255127 200
3.0564727783203125 200
3.058276653289795 200
3.0603723526000977 200
3.062309503555298 200
3.0654263496398926 200
3.06829571723938 200
3.070420503616333 200
3.0723156929016113 200
3.0754053592681885 200
3.0773072242736816 200
3.079237699508667 200
3.0811920166015625 200
3.0838894844055176 200
3.0863122940063477 200
3.087878942489624 200
3.0898935794830322 200
3.091891050338745 200
3.094949722290039 200
3.096945285797119 200
3.0987627506256104 200
3.1008505821228027 200
3.102757453918457 200
3.105680227279663 200
3.1075448989868164 200
3.1095621585845947 200
3.111579656600952 200
3.1151010990142822 200
3.1178455352783203 200
3.1199185848236084 200
3.121967315673828 200
3.1252856254577637 200
3.1271755695343018 200
3.1289989948272705 200
3.131120204925537 200
3.1337811946868896 200
3.135932445526123 200
3.1377906799316406 200
3.1398115158081055 200
3.1418540477752686 200
3.144927501678467 200
3.1469290256500244 200
3.1487464904785156 200
3.150864601135254 200
3.152747869491577 200
3.1556687355041504 200
3.1575374603271484 200
3.165745735168457 200
3.1687045097351074 200
3.1708462238311768 200
3.1727852821350098 200
3.1757211685180664 200
3.1776123046875 200
3.1796114444732666 200
3.181588649749756 200
3.184420108795166 200
3.186800718307495 200
3.188614845275879 200
3.190739154815674 200
3.1926534175872803 200
3.195554494857788 200
3.1974260807037354 200
3.1993954181671143 200
3.2013182640075684 200
3.2043254375457764 200
3.206704616546631 200
3.208505153656006 200
3.2106173038482666 200
3.212553024291992 200
3.215463161468506 200
3.217836618423462 200
3.220867872238159 200
3.2227625846862793 200
3.225695848464966 200
3.227550745010376 200
3.2295660972595215 200
3.231616497039795 200
3.2344260215759277 200
3.236650228500366 200
3.238431930541992 200
3.2405200004577637 200
3.2424235343933105 200
3.245513677597046 200
3.247417688369751 200
3.2494022846221924 200
3.2513253688812256 200
3.2540295124053955 200
3.2564611434936523 200
3.258014440536499 200
3.2603838443756104 200
3.266812562942505 200
3.2726874351501465 200
3.27795672416687 200
3.2883760929107666 200
3.2925233840942383 200
3.2973439693450928 200
3.3013596534729004 200
3.308755397796631 200
3.3138012886047363 200
3.317244052886963 200
3.321361541748047 200
3.328902006149292 200
3.3337700366973877 200
3.33722186088562 200
3.3411900997161865 200
3.348843812942505 200
3.3565258979797363 200
3.3623650074005127 200
3.367089033126831 200
3.3717262744903564 200
3.3778786659240723 200
3.379908800125122 200
3.3819119930267334 200
3.385145425796509 200
3.3871405124664307 200
3.3889482021331787 200
3.3910439014434814 200
3.3937201499938965 200
3.3966426849365234 200
3.3984735012054443 200
3.400583505630493 200
3.4025094509124756 200
3.4055628776550293 200
3.4074339866638184 200
3.4094293117523193 200
3.4113266468048096 200
3.414031505584717 200
3.4166200160980225 200
3.418421983718872 200
3.420516014099121 200
3.424670934677124 200
3.427025318145752 200
3.4288346767425537 200
3.4309163093566895 200
3.4328203201293945 200
3.4357211589813232 200
3.437608003616333 200
3.439606189727783 200
3.4416146278381348 200
3.4444491863250732 200
3.446636199951172 200
3.448436975479126 200
3.4505343437194824 200
3.4524736404418945 200
3.455406904220581 200
3.4572882652282715 200
3.4591996669769287 200
3.4612033367156982 200
3.4639155864715576 200
3.4665303230285645 200
3.4683563709259033 200
3.470458507537842 200
3.473736524581909 200
3.47590708732605 200
3.4777987003326416 200
3.479797601699829 200
3.481820583343506 200
3.4847002029418945 200
3.4870529174804688 200
3.488853931427002 200
3.490908622741699 200
3.492811679840088 200
3.4957361221313477 200
3.4976003170013428 200
3.4996178150177 200
3.5016071796417236 200
3.504427433013916 200
3.5066380500793457 200
3.5084476470947266 200
3.5105581283569336 200
3.512497663497925 200
3.5154154300689697 200
3.5172922611236572 200
3.5192012786865234 200
3.5211920738220215 200
3.5255444049835205 200
3.5274455547332764 200
3.5294299125671387 200
3.531346082687378 200
3.5342705249786377 200
3.5364692211151123 200
3.5380284786224365 200
3.5400331020355225 200
3.5420279502868652 200
3.545358896255493 200
3.5472488403320312 200
3.5490663051605225 200
3.551177740097046 200
3.553861379623413 200
3.556262254714966 200
3.5578298568725586 200
3.5598268508911133 200
3.561861515045166 200
3.564701557159424 200
3.566887617111206 200
3.56868314743042 200
3.570801019668579 200
3.572706460952759 200
3.5767104625701904 200
3.5785505771636963 200
3.5806515216827393 200
3.5825681686401367 200
3.5854711532592773 200
3.587346315383911 200
3.589338541030884 200
3.591245651245117 200
3.593964099884033 200
3.596580743789673 200
3.5983660221099854 200
3.600484609603882 200
3.602397918701172 200
3.6054928302764893 200
3.607375383377075 200
3.6093573570251465 200
3.6112632751464844 200
3.6139867305755615 200
3.61641001701355 200
3.6179745197296143 200
3.619980573654175 200
3.6219911575317383 200
3.6250240802764893 200
3.6285295486450195 200
3.630702495574951 200
3.632652759552002 200
3.635558605194092 200
3.6374127864837646 200
3.6394197940826416 200
3.644918203353882 200
3.6475510597229004 200
3.6495797634124756 200
3.6514813899993896 200
3.654405355453491 200
3.656578779220581 200
3.658399820327759 200
3.660524606704712 200
3.6639561653137207 200
3.6666910648345947 200
3.6685078144073486 200
3.6706249713897705 200
3.6725656986236572 200
3.679671049118042 200
3.681717872619629 200
3.684596061706543 200
3.686915159225464 200
3.689227819442749 200
3.6912145614624023 200
3.6939306259155273 200
3.6971170902252197 200
3.699490785598755 200
3.7019131183624268 200
3.7054660320281982 200
3.7073416709899902 200
3.7093241214752197 200
3.711275815963745 200
3.7139830589294434 200
3.7164266109466553 200
3.717989206314087 200
3.7200090885162354 200
3.722012996673584 200
3.7253258228302 200
3.7272210121154785 200
3.730773687362671 200
3.732728958129883 200
3.7356600761413574 200
3.7375264167785645 200
3.7395496368408203 200
3.7414491176605225 200
3.7444021701812744 200
3.746591806411743 200
3.748404026031494 200
3.750526189804077 200
3.752446413040161 200
3.7556352615356445 200
3.757885456085205 200
3.760533332824707 200
3.7624638080596924 200
3.765355110168457 200
3.767221689224243 200
3.769035577774048 200
3.7711470127105713 200
3.7738327980041504 200
3.7762815952301025 200
3.7778501510620117 200
3.780864715576172 200
3.782769203186035 200
3.785867691040039 200
3.787769317626953 200
3.789781332015991 200
3.791799783706665 200
3.794654607772827 200
3.7968170642852783 200
3.798643112182617 200
3.8007683753967285 200
3.8026931285858154 200
3.8055849075317383 200
3.807448625564575 200
3.8094308376312256 200
3.8113508224487305 200
3.8142662048339844 200
3.816500663757324 200
3.818300724029541 200
3.8204166889190674 200
3.8223328590393066 200
3.825157642364502 200
3.8271098136901855 200
3.829831838607788 200
3.8326609134674072 200
3.8355658054351807 200
3.8374290466308594 200
3.839423656463623 200
3.8413524627685547 200
3.8443121910095215 200
3.846670389175415 200
3.848480224609375 200
3.8505940437316895 200
3.8525376319885254 200
3.8555939197540283 200
3.857485771179199 200
3.8594863414764404 200
3.8614156246185303 200
3.864373207092285 200
3.8665482997894287 200
3.8683576583862305 200
3.870469808578491 200
3.872384786605835 200
3.8753137588500977 200
3.877187967300415 200
3.8790087699890137 200
3.8819923400878906 200
3.885051965713501 200
3.887016773223877 200
3.8888139724731445 200
3.890885829925537 200
3.8927996158599854 200
3.8957431316375732 200
3.897615909576416 200
3.8996219635009766 200
3.901610851287842 200
3.9044408798217773 200
3.906802177429199 200
3.908628463745117 200
3.9107162952423096 200
3.91264271736145 200
3.9155211448669434 200
3.9173738956451416 200
3.9193801879882812 200
3.9213149547576904 200
3.9240190982818604 200
3.926450490951538 200
3.927996873855591 200
3.929997444152832 200
3.934453248977661 200
3.936659097671509 200
3.9384729862213135 200
3.940584421157837 200
3.942502498626709 200
3.9453892707824707 200
3.9473023414611816 200
3.949244499206543 200
3.951207399368286 200
3.9539132118225098 200
3.9563372135162354 200
3.957908868789673 200
3.9599080085754395 200
3.961958646774292 200
3.96517276763916 200
3.967155694961548 200
3.968982458114624 200
3.971163749694824 200
3.9738595485687256 200
3.9762771129608154 200
3.977854013442993 200
3.979841709136963 200
3.9833035469055176 200
3.986259937286377 200
3.987844705581665 200
3.9898555278778076 200
3.9919040203094482 200
3.994964122772217 200
3.996957302093506 200
3.9987642765045166 200
4.0008275508880615 200
4.002739191055298 200
4.005672454833984 200
4.007533073425293 200
4.009552240371704 200
4.011440753936768 200
4.014380693435669 200
4.0165674686431885 200
4.01836895942688 200
4.0204973220825195 200
4.022408962249756 200
4.025509595870972 200
4.0273754596710205 200
4.029392957687378 200
4.0313169956207275 200
4.035325050354004 200
4.037642240524292 200
4.039650917053223 200
4.041668891906738 200
4.044537782669067 200
4.046717405319214 200
4.048591375350952 200
4.05073881149292 200
4.05266261100769 200
4.055568218231201 200
4.057430982589722 200
4.05940842628479 200
4.061309099197388 200
4.064007520675659 200
4.066434860229492 200
4.067993402481079 200
4.079777240753174 200
4.0818750858306885 200
4.085917711257935 200
4.087794780731201 200
4.089784145355225 200
4.0918378829956055 200
4.09470009803772 200
4.097027063369751 200
4.098841190338135 200
4.100947856903076 200
4.10323166847229 200
4.105916738510132 200
4.107773780822754 200
4.10978364944458 200
4.111807823181152 200
4.114650249481201 200
4.11700439453125 200
4.118858337402344 200
4.120957374572754 200
4.12322998046875 200
4.125748872756958 200
4.127613306045532 200
4.129608154296875 200
4.13162088394165 200
4.135425329208374 200
4.137339353561401 200
4.139811754226685 200
4.141819715499878 200
4.144679069519043 200
4.1470372676849365 200
4.1488356590271 200
4.1508989334106445 200
4.152803659439087 200
4.155686616897583 200
4.157550573348999 200
4.159563302993774 200
4.161579370498657 200
4.164427995681763 200
4.166639804840088 200
4.168439865112305 200
4.170557737350464 200
4.172479867935181 200
4.175376653671265 200
4.177252769470215 200
4.179050445556641 200
4.181129693984985 200
4.18380069732666 200
4.187007188796997 200
4.188832759857178 200
4.190939426422119 200
4.193229913711548 200
4.19574499130249 200
4.197599411010742 200
4.199581861495972 200
4.201598882675171 200
4.204430818557739 200
4.206787586212158 200
4.208611249923706 200
4.210745573043823 200
4.2126898765563965 200
4.215584754943848 200
4.217437982559204 200
4.219420433044434 200
4.221351861953735 200
4.2242608070373535 200
4.226486921310425 200
4.228268623352051 200
4.230379819869995 200
4.232299566268921 200
4.235140562057495 200
4.237856149673462 200
4.239872694015503 200
4.242609024047852 200
4.245681524276733 200
4.2475433349609375 200
4.249591588973999 200
4.25162148475647 200
4.254451513290405 200
4.256651163101196 200
4.258447170257568 200
4.26051139831543 200
4.262420415878296 200
4.265637397766113 200
4.267887592315674 200
4.270870685577393 200
4.273930788040161 200
4.2763752937316895 200
4.2779340744018555 200
4.279953718185425 200
4.281989812850952 200
4.285041093826294 200
4.28775429725647 200
4.289796829223633 200
4.291853666305542 200
4.294708967208862 200
4.296887636184692 200
4.29869818687439 200
4.300824165344238 200
4.302750110626221 200
4.305668115615845 200
4.307530641555786 200
4.309549331665039 200
4.311467409133911 200
4.314408779144287 200
4.31660532951355 200
4.318414211273193 200
4.320533514022827 200
4.322500467300415 200
4.325550556182861 200
4.327428102493286 200
4.329399347305298 200
4.331340312957764 200
4.334261655807495 200
4.336511850357056 200
4.339312553405762 200
4.341270208358765 200
4.344619035720825 200
4.346813201904297 200
4.3486316204071045 200
4.350761890411377 200
4.352675914764404 200
4.35558009147644 200
4.357458591461182 200
4.359809637069702 200
4.362709283828735 200
4.365633249282837 200
4.367502689361572 200
4.369520664215088 200
4.371455430984497 200
4.374392986297607 200
4.376734733581543 200
4.378552675247192 200
4.380661964416504 200
4.382582664489746 200
4.385681867599487 200
4.38754677772522 200
4.390746355056763 200
4.392669439315796 200
4.395697593688965 200
4.397552251815796 200
4.399541616439819 200
4.401468992233276 200
4.40439248085022 200
4.406564712524414 200
4.408353805541992 200
4.41046929359436 200
4.412395477294922 200
4.41530704498291 200
4.4171836376190186 200
4.41904091835022 200
4.421155691146851 200
4.423842191696167 200
4.426259279251099 200
4.427821159362793 200
4.4298131465911865 200
4.431859731674194 200
4.434903621673584 200
4.436903238296509 200
4.43962836265564 200
4.441707134246826 200
4.444584846496582 200
4.447374105453491 200
4.449376344680786 200
4.451312303543091 200
4.454007863998413 200
4.456431865692139 200
4.457982063293457 200
4.459987163543701 200
4.462027549743652 200
4.465054988861084 200
4.467009544372559 200
4.468822240829468 200
4.4709367752075195 200
4.473195791244507 200
4.475799083709717 200
4.477677583694458 200
4.48450779914856 200
4.486810207366943 200
4.488638639450073 200
4.491442680358887 200
4.4943952560424805 200
4.496762037277222 200
4.498586654663086 200
4.500711679458618 200
4.5026397705078125 200
4.505796670913696 200
4.507675886154175 200
4.509686708450317 200
4.511665344238281 200
4.5145275592803955 200
4.516698837280273 200
4.518516540527344 200
4.520611524581909 200
4.522531747817993 200
4.525411128997803 200
4.527329206466675 200
4.529330492019653 200
4.531239986419678 200
4.533950090408325 200
4.536370515823364 200
4.537923812866211 200
4.541030406951904 200
4.5437915325164795 200
4.54624605178833 200
4.547821044921875 200
4.55067253112793 200
4.552603006362915 200
4.555539846420288 200
4.557405471801758 200
4.559383392333984 200
4.561309337615967 200
4.564016103744507 200
4.566638231277466 200
4.568430423736572 200
4.570530891418457 200
4.5724616050720215 200
4.5753631591796875 200
4.577241659164429 200
4.5790510177612305 200
4.5811333656311035 200
4.583810329437256 200
4.586228847503662 200
4.587811231613159 200
4.589817047119141 200
4.593204975128174 200
4.595751523971558 200
4.597622394561768 200
4.599628448486328 200
4.601622104644775 200
4.604471445083618 200
4.60665488243103 200
4.608454942703247 200
4.610558271408081 200
4.612492561340332 200
4.61545467376709 200
4.61733603477478 200
4.61932373046875 200
4.621240615844727 200
4.6239540576934814 200
4.626587390899658 200
4.628387451171875 200
4.630519866943359 200
4.632437705993652 200
4.635518789291382 200
4.637381553649902 200
4.639376401901245 200
4.641266822814941 200
4.645302772521973 200
4.647196054458618 200
4.649020671844482 200
4.651601791381836 200
4.654432058334351 200
4.656655550003052 200
4.658459901809692 200
4.660563707351685 200
4.6639485359191895 200
4.666496515274048 200
4.6682822704315186 200
4.670423984527588 200
4.672350883483887 200
4.67516565322876 200
4.677143335342407 200
4.6789538860321045 200
4.681020259857178 200
4.683306455612183 200
4.686274290084839 200
4.687838792800903 200
4.689830303192139 200
4.691874980926514 200
4.695668697357178 200
4.697559833526611 200
4.699573278427124 200
4.701596260070801 200
4.70441746711731 200
4.706607103347778 200
4.708414077758789 200
4.710528373718262 200
4.712447643280029 200
4.715363264083862 200
4.717234373092651 200
4.719028472900391 200
4.721097469329834 200
4.723757982254028 200
4.725915193557739 200
4.727784633636475 200
4.729782581329346 200
4.731839895248413 200
4.734689712524414 200
4.7368552684783936 200
4.738677740097046 200
4.7407824993133545 200
4.742710113525391 200
4.746744632720947 200
4.748572826385498 200
4.750714540481567 200
4.752630710601807 200
4.755918502807617 200
4.757789134979248 200
4.759820222854614 200
4.7618677616119385 200
4.765058755874634 200
4.767049551010132 200
4.768836498260498 200
4.770926237106323 200
4.772827625274658 200
4.776557207107544 200
4.778681039810181 200
4.780840158462524 200
4.782759428024292 200
4.785690069198608 200
4.787576675415039 200
4.789580821990967 200
4.791595697402954 200
4.79536247253418 200
4.797281503677368 200
4.7992095947265625 200
4.801204681396484 200
4.803911447525024 200
4.8065268993377686 200
4.808326005935669 200
4.810387849807739 200
4.812300205230713 200
4.815160751342773 200
4.817137002944946 200
4.8189473152160645 200
4.8210344314575195 200
4.823689937591553 200
4.825851678848267 200
4.827717065811157 200
4.829714059829712 200
4.8317320346832275 200
4.834574222564697 200
4.836741209030151 200
4.8385608196258545 200
4.840691328048706 200
4.842654705047607 200
4.846565246582031 200
4.848408937454224 200
4.85052752494812 200
4.8524346351623535 200
4.855785131454468 200
4.857670545578003 200
4.859673023223877 200
4.861713409423828 200
4.864542484283447 200
4.866903781890869 200
4.868724822998047 200
4.870837450027466 200
4.872748374938965 200
4.8756654262542725 200
4.877530574798584 200
4.883984804153442 200
4.886578798294067 200
4.888381004333496 200
4.890487909317017 200
4.892441272735596 200
4.896667718887329 200
4.8985466957092285 200
4.900684118270874 200
4.902606725692749 200
4.905639171600342 200
4.907495021820068 200
4.90947961807251 200
4.911394834518433 200
4.914332628250122 200
4.916529178619385 200
4.918307065963745 200
4.920409202575684 200
4.922322988510132 200
4.925432443618774 200
4.9273271560668945 200
4.9293341636657715 200
4.931241035461426 200
4.939377307891846 200
4.941373109817505 200
4.944317579269409 200
4.946548223495483 200
4.94934344291687 200
4.951319694519043 200
4.9540300369262695 200
4.956498622894287 200
4.958826780319214 200
4.960959434509277 200
4.963216304779053 200
4.9657487869262695 200
4.967620134353638 200
4.969621181488037 200
4.971642732620239 200
4.974510192871094 200
4.976673126220703 200
4.978509187698364 200
4.980605602264404 200
4.982538461685181 200
4.985628128051758 200
4.987485647201538 200
4.989475727081299 200
4.991390705108643 200
4.994325399398804 200
4.996548175811768 200
4.999314069747925 200
