0 0
0.007355213165283203 197
0.03082275390625 197
0.042478084564208984 197
0.05342388153076172 197
0.06487035751342773 197
0.08357882499694824 197
0.09453058242797852 199
0.10556793212890625 199
0.11643147468566895 198
0.13001227378845215 198
0.14191246032714844 204
0.15348267555236816 204
0.16437292098999023 211
0.17643356323242188 211
0.18846535682678223 212
0.2000417709350586 212
0.21138882637023926 219
0.22296762466430664 219
0.23520994186401367 227
0.2468268871307373 228
0.2603597640991211 228
0.2766590118408203 229
0.29396772384643555 237
0.3085901737213135 237
0.3248145580291748 236
0.3399240970611572 241
0.3519458770751953 241
0.3625481128692627 243
0.37474727630615234 243
0.38906025886535645 247
0.4007985591888428 247
0.4130830764770508 243
0.4240081310272217 251
0.4385185241699219 251
0.4495384693145752 249
0.46196699142456055 249
0.47763729095458984 255
0.4913325309753418 257
0.5043332576751709 257
0.5149128437042236 259
0.5262880325317383 259
0.5387718677520752 259
0.5503637790679932 259
0.5621442794799805 263
0.573533296585083 263
0.5850133895874023 263
0.5974688529968262 263
0.6084418296813965 265
0.6199400424957275 265
0.6313567161560059 267
0.6443846225738525 267
0.6555590629577637 267
0.6666121482849121 267
0.6793408393859863 267
0.6915667057037354 267
0.7030978202819824 267
0.7156047821044922 267
0.7269754409790039 267
0.7393536567687988 271
0.751488447189331 271
0.7623248100280762 271
0.7764897346496582 271
0.7904059886932373 273
0.8023116588592529 273
0.8136374950408936 273
0.8249926567077637 273
0.8366563320159912 273
0.8488082885742188 273
0.8607780933380127 273
0.8768112659454346 276
0.8875932693481445 277
0.900184154510498 277
0.9119417667388916 277
0.9235827922821045 277
0.9343287944793701 278
0.9468004703521729 278
0.9574639797210693 280
0.9691078662872314 280
0.9818923473358154 280
0.9942889213562012 280
1.0049092769622803 279
1.0162742137908936 279
1.0270543098449707 280
1.0384190082550049 280
1.0513663291931152 282
1.063117265701294 282
1.0740814208984375 282
1.0853161811828613 282
1.098111867904663 281
1.1087002754211426 282
1.1202666759490967 282
1.131643295288086 282
1.142726182937622 282
1.1550397872924805 281
1.166287899017334 281
1.1776344776153564 282
1.1894636154174805 282
1.2020752429962158 281
1.2139155864715576 281
1.224485158920288 281
1.2354791164398193 281
1.246335506439209 281
1.259169578552246 281
1.2700326442718506 281
1.286785364151001 281
1.2993323802947998 281
1.3103489875793457 281
1.32255220413208 281
1.3343830108642578 281
1.346653699874878 281
1.3589787483215332 281
1.3702199459075928 286
1.3868238925933838 286
1.3980486392974854 286
1.4240574836730957 286
1.4468772411346436 286
1.472292423248291 286
1.4999215602874756 286
1.519632339477539 286
1.5430374145507812 286
1.5538959503173828 286
1.5644323825836182 286
1.5841469764709473 286
1.6043848991394043 286
1.6155095100402832 286
1.6263415813446045 286
1.6380937099456787 286
1.6494441032409668 286
1.6622767448425293 286
1.6774041652679443 286
1.6891412734985352 286
1.70224928855896 286
1.714311122894287 286
1.72523832321167 286
1.7359483242034912 286
1.7483179569244385 286
1.7591724395751953 286
1.7719461917877197 286
1.7835021018981934 286
1.7954537868499756 286
1.8062782287597656 286
1.8181252479553223 286
1.8286161422729492 286
1.8402862548828125 286
1.8539941310882568 286
1.865485668182373 286
1.8781182765960693 286
1.8922533988952637 286
1.9046783447265625 286
1.9152228832244873 286
1.9264039993286133 286
1.937420129776001 286
1.9496252536773682 286
1.9604029655456543 286
1.973090410232544 286
1.9847753047943115 286
1.9969868659973145 286
2.0075578689575195 286
2.0190677642822266 286
2.0296554565429688 286
2.0420193672180176 286
2.054049015045166 286
2.0649352073669434 286
2.0803942680358887 286
2.092700242996216 286
2.104936361312866 286
2.1164116859436035 286
2.127136707305908 286
2.1384594440460205 286
2.1500473022460938 286
2.162090539932251 286
2.174196243286133 286
2.185337543487549 286
2.1967456340789795 286
2.2085371017456055 286
2.220015048980713 286
2.23152232170105 286
2.243016004562378 286
2.2546534538269043 286
2.2655959129333496 286
2.2781031131744385 286
2.2893810272216797 286
2.302109956741333 286
2.313498020172119 286
2.3242454528808594 286
2.336432456970215 286
2.354172468185425 286
2.3688411712646484 285
2.3934433460235596 286
2.4113609790802 286
2.4263479709625244 286
2.438506603240967 286
2.4496374130249023 286
2.4623186588287354 286
2.474130868911743 286
2.4902431964874268 286
2.5042946338653564 286
2.516286849975586 286
2.527117967605591 286
2.538456439971924 286
2.5490968227386475 286
2.562371253967285 286
2.5730955600738525 286
2.585526466369629 286
2.5966663360595703 286
2.6091344356536865 286
2.6201372146606445 286
2.6323418617248535 286
2.6430716514587402 286
2.6549339294433594 286
2.6663920879364014 286
2.678758144378662 286
2.69020938873291 286
2.7019832134246826 286
2.715061664581299 286
2.7255868911743164 286
2.736982583999634 286
2.7480554580688477 286
2.7600700855255127 286
2.771371603012085 286
2.7839136123657227 286
2.7949635982513428 286
2.8061330318450928 286
2.817945718765259 286
2.8290977478027344 286
2.8401081562042236 286
2.8521227836608887 286
2.8638863563537598 286
2.8759946823120117 286
2.891972303390503 286
2.903608560562134 286
2.9150829315185547 286
2.9263861179351807 286
2.937177896499634 286
2.9486730098724365 286
2.959566831588745 286
2.9725255966186523 286
2.984342336654663 286
2.996239185333252 285
3.0088067054748535 285
3.02134370803833 286
3.0327236652374268 286
3.0435619354248047 286
3.0547051429748535 286
3.0661203861236572 286
3.07796311378479 286
3.0885157585144043 286
3.100811719894409 286
3.111976385116577 286
3.124356508255005 286
3.137340784072876 286
3.1488614082336426 286
3.159599781036377 286
3.1730470657348633 286
3.1846706867218018 286
3.196810007095337 286
3.2074105739593506 286
3.22078275680542 286
3.2324085235595703 286
3.2432966232299805 286
3.2546803951263428 286
3.265349864959717 286
3.282719373703003 286
3.294116258621216 286
3.3062613010406494 286
3.318328857421875 286
3.3294169902801514 286
3.34024715423584 286
3.3524913787841797 286
3.3653199672698975 286
3.3787076473236084 286
3.389389753341675 286
3.4023654460906982 286
3.4146816730499268 286
3.4264914989471436 286
3.438403367996216 286
3.448989152908325 286
3.4608535766601562 286
3.473001003265381 286
3.4850594997406006 286
3.497400999069214 286
3.508791208267212 286
3.5220446586608887 286
3.5339202880859375 286
3.544426918029785 286
3.5555496215820312 286
3.5663294792175293 286
3.581355094909668 286
3.5921125411987305 286
3.603398084640503 286
3.616425037384033 286
3.628387689590454 286
3.639603614807129 286
3.650364398956299 286
3.662593126296997 286
3.675116539001465 286
3.6913721561431885 286
3.702378034591675 286
3.7152099609375 286
3.727062940597534 286
3.738734245300293 286
3.7494070529937744 286
3.761322498321533 286
3.7721805572509766 286
3.785208225250244 286
3.796778917312622 286
3.807405710220337 286
3.819538116455078 286
3.832073926925659 286
3.8430862426757812 286
3.854292869567871 286
3.865255117416382 286
3.877532720565796 286
3.8891043663024902 286
3.900005340576172 286
3.912541389465332 286
3.9244320392608643 286
3.9381535053253174 286
3.9486424922943115 286
3.9602577686309814 286
3.9715664386749268 283
3.9850399494171143 283
3.9956419467926025 286
4.00686240196228 286
4.01841402053833 286
4.0314648151397705 286
4.0424535274505615 286
4.05427098274231 286
4.064773797988892 286
4.076786994934082 286
4.094051122665405 286
4.104785919189453 286
4.11664891242981 286
4.127397775650024 286
4.139571905136108 286
4.150317192077637 286
4.162515163421631 286
4.174069404602051 286
4.186238527297974 286
4.197041749954224 286
4.208420038223267 286
4.2200188636779785 286
4.232218265533447 286
4.243994235992432 286
4.255132436752319 286
4.265897750854492 286
4.278368711471558 286
4.29007625579834 286
4.302029848098755 286
4.312711954116821 286
4.3246750831604 286
4.336397171020508 286
4.348097085952759 286
4.358604431152344 286
4.370064735412598 286
4.382391452789307 286
4.395086765289307 286
4.405899524688721 286
4.419111251831055 286
4.435359239578247 286
4.452653408050537 286
4.466797351837158 286
4.494203567504883 286
4.507359027862549 286
4.518512010574341 286
4.530852317810059 286
4.543500185012817 286
4.554282188415527 286
4.565653562545776 286
4.577599763870239 286
4.590234994888306 286
4.601632118225098 286
4.613059759140015 286
4.623926877975464 286
4.635484457015991 286
4.647305965423584 286
4.659000635147095 286
4.669583320617676 286
4.682446241378784 286
4.694393873214722 286
4.706338882446289 286
4.717124700546265 286
4.728458642959595 286
4.73958683013916 286
4.752640247344971 286
4.76363205909729 286
4.7760021686553955 286
4.786496877670288 286
4.798712968826294 286
4.8094024658203125 286
4.821645975112915 286
4.833344459533691 286
4.84547758102417 286
4.8562798500061035 286
4.868078708648682 286
4.879924058914185 286
4.896488189697266 286
4.908290386199951 286
4.9191813468933105 286
4.931256055831909 286
4.942695617675781 286
4.957238435745239 286
4.968121528625488 286
4.979996919631958 286
4.9913201332092285 286
5.003957271575928 286
5.0148890018463135 286
5.027969837188721 286
5.042346954345703 286
5.054454565048218 286
5.06540584564209 286
5.077244758605957 286
5.088816165924072 286
5.101274728775024 286
5.112578868865967 286
5.123640298843384 286
5.134883403778076 286
5.146034479141235 286
5.158183813095093 286
5.168728351593018 286
5.182082891464233 286
5.192632675170898 286
5.204949140548706 286
5.215607643127441 286
5.226896047592163 286
5.238069534301758 286
5.251349449157715 286
5.2622034549713135 286
5.273644208908081 286
5.289249897003174 286
5.302113771438599 286
5.314067840576172 286
5.324622392654419 286
5.335570335388184 286
5.3472580909729 286
5.360028028488159 286
5.371324062347412 286
5.383618593215942 286
5.394357442855835 286
5.406492710113525 286
5.417433261871338 286
5.428682327270508 286
5.43936014175415 286
5.453383445739746 286
5.465516090393066 286
5.477531909942627 286
5.4887707233428955 286
5.499547481536865 286
5.512532472610474 286
5.523453235626221 286
5.535016775131226 286
5.545576572418213 286
5.558698415756226 286
5.569364547729492 286
5.582482814788818 286
5.593513250350952 286
5.605615139007568 286
5.616403102874756 286
5.627647399902344 286
5.638537406921387 286
5.649951696395874 286
5.663167715072632 286
5.675417184829712 286
5.689180374145508 286
5.702251195907593 286
5.716876268386841 286
5.727508068084717 286
5.739076852798462 286
5.749868869781494 286
5.764446496963501 286
5.7771995067596436 286
5.788617134094238 286
5.799211025238037 285
5.8143956661224365 285
5.826265573501587 286
5.83763313293457 286
5.848537445068359 286
5.862190246582031 286
5.873645782470703 286
5.885061740875244 286
5.896440267562866 286
5.907247304916382 286
5.919561386108398 286
5.930269479751587 286
5.942476272583008 286
5.953552961349487 286
5.966040849685669 286
5.97750186920166 286
5.988846778869629 286
5.999992609024048 286
6.01448655128479 286
6.0298912525177 286
6.040790796279907 286
6.052201747894287 286
6.064393997192383 286
6.076011657714844 286
6.086670398712158 286
6.102719306945801 286
6.114662408828735 286
6.126155376434326 286
6.137166500091553 286
6.148605823516846 286
6.159263849258423 286
6.172550439834595 286
6.1843883991241455 286
6.195501327514648 286
6.206312894821167 286
6.2185986042022705 286
6.229177951812744 286
6.241268873214722 286
6.252082824707031 286
6.264084100723267 286
6.2769763469696045 286
6.2882256507873535 286
6.298774719238281 286
6.310129880905151 286
6.322592258453369 286
6.3346710205078125 286
6.3471620082855225 286
6.358083963394165 286
6.3714439868927 286
6.3871169090271 286
6.398427963256836 286
6.409111738204956 286
6.426868438720703 286
6.451600790023804 286
6.47632908821106 286
6.510288715362549 286
6.5409674644470215 286
6.577042818069458 286
6.5956432819366455 286
6.606398820877075 286
6.618220329284668 286
6.641897916793823 286
6.657193660736084 286
6.668759822845459 286
6.682218074798584 286
6.6946632862091064 286
6.706501722335815 286
6.71749472618103 286
6.728443384170532 286
6.7400054931640625 286
6.753034830093384 286
6.763626337051392 286
6.775892734527588 286
6.787209749221802 286
6.79959511756897 286
6.811402797698975 286
6.8230602741241455 286
6.833926677703857 286
6.8464460372924805 286
6.858067274093628 286
6.869161605834961 286
6.8820459842681885 286
6.89762020111084 286
6.908735990524292 286
6.920819044113159 286
6.932565689086914 286
6.9434123039245605 286
6.955622911453247 286
6.966378688812256 286
6.979081869125366 286
6.990796804428101 286
7.003602743148804 286
7.01434588432312 286
7.0253636837005615 286
7.036369562149048 286
7.048975467681885 286
7.059582233428955 286
7.071453094482422 286
7.083615064620972 286
7.097254991531372 286
7.110120534896851 286
7.122473239898682 286
7.13502049446106 286
7.146318435668945 286
7.158860445022583 286
7.169955730438232 286
7.182595729827881 286
7.194077014923096 286
7.205995082855225 286
7.216890573501587 286
7.228415250778198 286
7.239015579223633 286
7.252206087112427 286
7.262948274612427 286
7.275105714797974 286
7.28562331199646 286
7.303524017333984 286
7.314485788345337 286
7.325564861297607 286
7.336511850357056 286
7.3482348918914795 286
7.363299608230591 286
7.374156475067139 286
7.388860464096069 286
7.400784254074097 286
7.414525032043457 286
7.42522931098938 286
7.437947511672974 286
7.4485344886779785 286
7.461883068084717 286
7.472416162490845 286
7.484251499176025 286
7.497080087661743 286
7.509445428848267 286
7.521974086761475 286
7.532474756240845 286
7.544033765792847 286
7.555522918701172 286
7.567243337631226 286
7.579185724258423 286
7.591318607330322 286
7.6025636196136475 286
7.615144491195679 286
7.6259119510650635 286
7.637319564819336 286
7.648194789886475 286
7.661268711090088 286
7.672094821929932 286
7.684376955032349 286
7.699118137359619 285
7.714010715484619 286
7.725343465805054 286
7.736090421676636 286
7.7474682331085205 286
7.759391784667969 286
7.77153468132019 286
7.783406496047974 286
7.794534683227539 286
7.805555582046509 286
7.818412780761719 286
7.829042673110962 286
7.8403449058532715 286
7.851901531219482 286
7.864103078842163 286
7.8755271434783936 285
7.886876344680786 285
7.897562503814697 286
7.9113545417785645 286
7.92224907875061 286
7.934197425842285 286
7.944911241531372 286
7.956279277801514 286
7.9681384563446045 286
7.980310440063477 286
7.99162220954895 286
8.004290103912354 286
8.018101453781128 286
8.028580665588379 286
8.040041208267212 286
8.051320314407349 286
8.063924074172974 286
8.075404644012451 286
8.086846113204956 286
8.102383375167847 286
8.115371227264404 286
8.126364946365356 286
8.138109683990479 286
8.148590087890625 286
8.15962839126587 286
8.172126531600952 286
8.188537120819092 286
8.199892282485962 286
8.21135425567627 286
8.224477052688599 286
8.235177993774414 286
8.246284246444702 286
8.257107019424438 286
8.269623517990112 286
8.282112121582031 286
8.293926239013672 286
8.304485082626343 286
8.317205905914307 286
8.32811450958252 286
8.339378595352173 286
8.350152254104614 286
8.362578392028809 286
8.375149250030518 286
8.386395931243896 286
8.39728331565857 286
8.408451318740845 286
8.421407461166382 286
8.432666540145874 286
8.443466186523438 286
8.454927921295166 286
8.465556859970093 286
8.478973865509033 286
8.489591598510742 286
8.505269765853882 286
8.521509408950806 286
8.53247618675232 286
8.544328451156616 286
8.555163145065308 286
8.566630601882935 286
8.583027601242065 286
8.598738193511963 286
8.61443567276001 286
8.631546974182129 286
8.645620346069336 286
8.659010887145996 286
8.669612884521484 286
8.683480739593506 286
8.694715023040771 286
8.707201480865479 286
8.718770980834961 286
8.732009649276733 286
8.7431321144104 286
8.754013538360596 286
8.76551103591919 286
8.778732061386108 286
8.790342330932617 286
8.801624059677124 286
8.813263177871704 286
8.824584484100342 286
8.846513986587524 286
8.871561527252197 286
8.904373407363892 286
8.929556369781494 286
8.96025013923645 286
8.987341165542603 286
9.01244568824768 286
9.040838718414307 286
9.064443111419678 286
9.088862657546997 286
9.114099740982056 286
9.138392448425293 286
9.161398887634277 286
9.173912048339844 286
9.186216354370117 286
9.197548389434814 286
9.208451747894287 286
9.220224380493164 286
9.231617450714111 286
9.244564056396484 286
9.259294986724854 286
9.27015995979309 286
9.284177303314209 286
9.294786214828491 286
9.310124635696411 286
9.321948051452637 286
9.333536386489868 286
9.345519781112671 286
9.357110500335693 286
9.368046522140503 286
9.387251377105713 286
9.39877700805664 286
9.409942626953125 286
9.422099590301514 286
9.432600498199463 286
9.446817398071289 286
9.457468032836914 286
9.468664646148682 286
9.480335474014282 286
9.494345664978027 286
9.506821155548096 286
9.517464637756348 286
9.528728246688843 286
9.540401220321655 286
9.553418397903442 286
9.564236402511597 286
9.576224565505981 286
9.587074041366577 286
9.599393844604492 286
9.610190629959106 286
9.622562408447266 286
9.63359522819519 286
9.645508766174316 286
9.65697693824768 286
9.668315410614014 286
9.680204629898071 286
9.694000482559204 286
9.710075378417969 286
9.721534013748169 286
9.733899116516113 286
9.74522590637207 286
9.757057428359985 286
9.768153190612793 286
9.780195236206055 286
9.791542530059814 286
9.804086923599243 286
9.814635515213013 286
9.825557470321655 286
9.836377620697021 286
9.848603010177612 286
9.860260725021362 286
9.876792192459106 285
9.888583183288574 285
9.900816917419434 286
9.91258955001831 286
9.923600912094116 286
9.934863328933716 286
9.946354389190674 286
9.958571434020996 286
9.969167232513428 286
9.982430219650269 286
9.993121147155762 286
