0 0
0.008205652236938477 173
0.03369021415710449 173
0.047032833099365234 173
0.05966496467590332 173
0.07138419151306152 173
0.08374333381652832 173
0.09686684608459473 175
0.11007285118103027 175
0.12086057662963867 181
0.13285350799560547 181
0.14470648765563965 181
0.15740180015563965 190
0.16975760459899902 190
0.1804945468902588 205
0.19193768501281738 205
0.2100355625152588 204
0.2218034267425537 204
0.23392128944396973 219
0.24480557441711426 220
0.2589268684387207 220
0.271608829498291 228
0.2843317985534668 228
0.2954883575439453 237
0.30852389335632324 237
0.321627140045166 251
0.33269548416137695 251
0.34420037269592285 259
0.35584282875061035 263
0.37009239196777344 263
0.38098955154418945 273
0.3948235511779785 273
0.40581631660461426 281
0.41941070556640625 281
0.4300837516784668 289
0.4416184425354004 289
0.4543159008026123 302
0.4684467315673828 302
0.47989463806152344 320
0.49050307273864746 321
0.5041818618774414 321
0.5194439888000488 328
0.530648946762085 328
0.5415730476379395 334
0.553032636642456 334
0.5675833225250244 340
0.5789988040924072 340
0.5899667739868164 345
0.606752872467041 347
0.6198952198028564 347
0.6307511329650879 349
0.6426877975463867 349
0.6539652347564697 347
0.6684994697570801 347
0.6797590255737305 345
0.6907374858856201 345
0.7017695903778076 345
0.7137656211853027 345
0.7246034145355225 345
0.7356462478637695 345
0.7476968765258789 329
0.7607190608978271 329
0.7727296352386475 326
0.7845404148101807 326
0.7955656051635742 321
0.8081309795379639 321
0.8201999664306641 320
0.8315508365631104 320
0.8422620296478271 297
0.8535680770874023 297
0.8675587177276611 289
0.8789238929748535 289
0.8897593021392822 282
0.9014301300048828 282
0.9123721122741699 273
0.9250130653381348 273
0.9374256134033203 267
0.9481136798858643 265
0.9605939388275146 265
0.9728779792785645 267
0.987037181854248 267
0.9980368614196777 271
1.013624906539917 277
1.0290131568908691 277
1.0408942699432373 288
1.0525877475738525 288
1.0643367767333984 297
1.078129529953003 297
1.089101791381836 297
1.100545883178711 297
1.1122956275939941 297
1.124098539352417 297
1.134765386581421 321
1.146885871887207 321
1.1579642295837402 328
1.1718525886535645 328
1.182826280593872 334
1.1942427158355713 334
1.2050933837890625 336
1.2174036502838135 336
1.2301220893859863 338
1.240832805633545 338
1.2518446445465088 338
1.2646195888519287 336
1.2788572311401367 336
1.2897543907165527 334
1.301374912261963 334
1.312255620956421 334
1.3241088390350342 334
1.3349149227142334 334
1.3468961715698242 334
1.3578708171844482 326
1.3702235221862793 326
1.3838598728179932 321
1.397050380706787 321
1.412632703781128 321
1.4247472286224365 321
1.4367763996124268 321
1.4478578567504883 290
1.4601788520812988 290
1.470813512802124 282
1.483886957168579 282
1.4946401119232178 271
1.506929874420166 271
1.5179402828216553 265
1.531930923461914 265
1.543936014175415 259
1.5555641651153564 257
1.568955659866333 257
1.5814793109893799 259
1.5940401554107666 259
1.6048858165740967 263
1.6174125671386719 263
1.6280584335327148 271
1.640733003616333 271
1.6517176628112793 271
1.6638081073760986 271
1.6746110916137695 271
1.687894344329834 271
1.7000443935394287 297
1.7168328762054443 322
1.7324495315551758 322
1.7480456829071045 326
1.7627887725830078 321
1.7785680294036865 321
1.7908573150634766 330
1.807706594467163 334
1.8199121952056885 334
1.8307604789733887 336
1.843435287475586 336
1.8542025089263916 336
1.867668867111206 336
1.8788349628448486 336
1.8916680812835693 336
1.9026319980621338 334
1.914292812347412 334
1.9254140853881836 329
1.9389917850494385 329
1.9500880241394043 328
1.9626190662384033 328
1.9737653732299805 321
1.9873788356781006 321
1.9980533123016357 326
2.0101757049560547 326
2.0208494663238525 322
2.0329716205596924 322
2.0485622882843018 322
2.060504198074341 322
2.074082612991333 322
2.08542537689209 281
2.099428653717041 281
2.111034393310547 273
2.1247568130493164 267
2.1387648582458496 267
2.149796485900879 259
2.1617634296417236 259
2.1728360652923584 251
2.1858789920806885 251
2.1993658542633057 249
2.2148680686950684 251
2.2279117107391357 251
2.2401466369628906 255
2.2523157596588135 255
2.2674057483673096 259
2.2798266410827637 271
2.29282546043396 271
2.3058297634124756 281
2.3201990127563477 281
2.3314297199249268 289
2.3450541496276855 302
2.3590333461761475 302
2.371110677719116 320
2.382856607437134 320
2.3958094120025635 326
2.4085283279418945 326
2.419724702835083 321
2.4306752681732178 321
2.4416444301605225 330
2.4540855884552 330
2.4667797088623047 329
2.4788923263549805 329
2.489824056625366 338
2.502737522125244 338
2.5138022899627686 336
2.525362253189087 336
2.536848783493042 336
2.549103260040283 336
2.5606706142425537 336
2.5716888904571533 336
2.5827198028564453 336
2.593825578689575 336
2.6116857528686523 336
2.6228466033935547 336
2.6342365741729736 336
2.6455392837524414 336
2.6580448150634766 336
2.6703104972839355 336
2.68098783493042 336
2.693740129470825 336
2.7074122428894043 336
2.7190234661102295 296
2.730036735534668 296
2.7415592670440674 282
2.753628969192505 274
2.767632007598877 274
2.7788262367248535 265
2.7904067039489746 265
2.802284002304077 259
2.8141989707946777 259
2.8255198001861572 259
2.837754011154175 259
2.8490123748779297 259
2.862724542617798 265
2.874499797821045 265
2.885575532913208 273
2.8979413509368896 273
2.9113762378692627 289
2.923069477081299 289
2.9340577125549316 297
2.9455459117889404 297
2.9580321311950684 308
2.9718127250671387 308
2.9827678203582764 321
2.9943153858184814 321
3.012279510498047 326
3.0236778259277344 326
3.037740468978882 326
3.0489063262939453 330
3.0619142055511475 330
3.0728671550750732 329
3.0847232341766357 329
3.0957565307617188 336
3.108994245529175 336
3.1205687522888184 329
3.1321492195129395 329
3.1435139179229736 329
3.1553564071655273 329
3.1679165363311768 329
3.1789557933807373 329
3.189884901046753 326
3.20387601852417 326
3.2171075344085693 321
3.2280497550964355 321
3.239823341369629 321
3.250706911087036 320
3.2644689083099365 320
3.275090217590332 320
3.286261796951294 320
3.297419309616089 320
3.3089845180511475 320
3.3204238414764404 320
3.3309690952301025 320
3.3418307304382324 320
3.352649211883545 320
3.3649141788482666 265
3.3770463466644287 265
3.388469696044922 259
3.4008429050445557 247
3.4180498123168945 247
3.430943489074707 241
3.443020820617676 241
3.4540979862213135 235
3.4677910804748535 235
3.4788291454315186 233
3.4903976917266846 233
3.5015361309051514 233
3.514549493789673 233
3.526763677597046 233
3.5378000736236572 233
3.5499846935272217 233
3.562756299972534 255
3.5743417739868164 255
3.5855445861816406 265
3.5978007316589355 265
3.6088294982910156 265
3.620802640914917 265
3.6324450969696045 265
3.6437830924987793 265
3.6545863151550293 294
3.668945550918579 294
3.6800341606140137 297
3.6914491653442383 297
3.702141761779785 308
3.7146615982055664 308
3.725609540939331 326
3.738804578781128 326
3.7497458457946777 321
3.761930227279663 321
3.7748324871063232 321
3.7890713214874268 328
3.804145336151123 330
3.8257017135620117 330
3.841052770614624 330
3.855832576751709 330
3.8717687129974365 330
3.8826987743377686 330
3.893819570541382 330
3.904876708984375 330
3.917586326599121 330
3.928832530975342 321
3.940760374069214 321
3.9518041610717773 321
3.9642794132232666 321
3.976848602294922 326
3.989001989364624 326
4.000318288803101 304
4.011825799942017 304
4.024930715560913 296
4.038069486618042 286
4.0508246421813965 279
4.080820322036743 271
4.109441757202148 267
4.141840696334839 271
4.1674275398254395 271
4.19343638420105 271
4.220095634460449 296
4.237468719482422 296
4.249725580215454 304
4.266779661178589 322
4.289822101593018 321
4.3015296459198 321
4.312506914138794 326
4.324060678482056 326
4.3367486000061035 330
4.349010229110718 330
4.360710382461548 329
4.373533725738525 329
4.385010242462158 334
4.398209095001221 334
4.409670114517212 330
4.421714782714844 334
4.435122013092041 334
4.447567462921143 329
4.459625244140625 329
4.4706549644470215 328
4.482530117034912 328
4.494529724121094 328
4.506263971328735 328
4.517587661743164 328
4.528746843338013 328
4.54047417640686 328
4.551985740661621 328
4.568122625350952 328
4.57960844039917 298
4.5916526317596436 298
4.602564811706543 290
4.619481325149536 290
4.6310529708862305 281
4.643567323684692 273
4.655524015426636 273
4.668205261230469 267
4.680308818817139 267
4.693120002746582 265
4.7048866748809814 265
4.7162909507751465 267
4.72811222076416 267
4.74072265625 267
4.752708435058594 278
4.765669345855713 278
4.777465343475342 289
4.790798664093018 289
4.801734924316406 302
4.814744710922241 302
4.825878143310547 320
4.838566780090332 320
4.850226640701294 321
4.8628294467926025 321
4.873993635177612 321
4.885726690292358 321
4.8986310958862305 326
4.910139560699463 326
4.92084264755249 326
4.9326746463775635 326
4.944923400878906 328
4.957834005355835 328
4.969678163528442 328
4.98104190826416 328
4.993014335632324 328
