0 0
0.004967927932739258 0
0.020419597625732422 1
0.02721381187438965 1
0.03421473503112793 1
0.03983259201049805 2
0.046332597732543945 4
0.052991390228271484 5
0.0585637092590332 7
0.06526994705200195 9
0.07280802726745605 10
0.07851004600524902 12
0.08496522903442383 14
0.09098601341247559 16
0.0972294807434082 18
0.10451054573059082 21
0.11017370223999023 23
0.11661338806152344 27
0.12466812133789062 28
0.13033103942871094 31
0.13672518730163574 34
0.14346718788146973 37
0.14909601211547852 39
0.15606260299682617 43
0.16267800331115723 45
0.1684122085571289 48
0.17600274085998535 51
0.1827716827392578 55
0.1885359287261963 57
0.1950058937072754 60
0.20175623893737793 63
0.20818781852722168 67
0.2146928310394287 68
0.22208738327026367 72
0.22787857055664062 76
0.23452997207641602 78
0.2402052879333496 81
0.24690961837768555 85
0.2543010711669922 87
0.26034045219421387 91
0.26676034927368164 95
0.27457642555236816 101
0.2865321636199951 105
0.2985677719116211 113
0.3143324851989746 119
0.32851672172546387 126
0.33942103385925293 133
0.35492920875549316 138
0.3760857582092285 150
0.39000391960144043 153
0.3965597152709961 157
0.4034004211425781 159
0.40904927253723145 164
0.4203639030456543 168
0.4283931255340576 172
0.43506336212158203 175
0.4417426586151123 178
0.4474639892578125 181
0.4543285369873047 184
0.4600794315338135 187
0.4665229320526123 189
0.4732699394226074 191
0.4800558090209961 193
0.48660707473754883 194
0.4933583736419678 195
0.49898862838745117 195
0.5057735443115234 195
0.5122087001800537 194
0.5186252593994141 193
0.5251185894012451 192
0.5327754020690918 191
0.5385353565216064 189
0.545222282409668 188
0.5519678592681885 186
0.5578079223632812 184
0.5644783973693848 183
0.5701420307159424 180
0.5777835845947266 177
0.5861976146697998 175
0.5929367542266846 173
0.5985612869262695 172
0.6052212715148926 171
0.6118762493133545 171
0.6182613372802734 171
0.6247751712799072 171
0.6321067810058594 172
0.6399385929107666 173
0.6464107036590576 175
0.6531407833099365 176
0.6587743759155273 177
0.6654205322265625 179
0.6721014976501465 181
0.6789228916168213 183
0.6858017444610596 185
0.6922013759613037 187
0.6990022659301758 187
0.7057797908782959 188
0.7122325897216797 188
0.7243328094482422 187
0.7340331077575684 186
0.7421386241912842 185
0.7493178844451904 183
0.7581906318664551 181
0.7663071155548096 178
0.7749831676483154 176
0.7851541042327881 175
0.7942068576812744 175
0.8020727634429932 175
0.8082268238067627 176
0.8190934658050537 177
0.8263416290283203 179
0.8344779014587402 180
0.8401145935058594 182
0.8481433391571045 184
0.8546998500823975 185
0.8603618144989014 187
0.8667440414428711 187
0.8734798431396484 187
0.8790988922119141 187
0.8866686820983887 187
0.8933863639831543 186
0.8989973068237305 185
0.9059674739837646 184
0.9123964309692383 183
0.9183378219604492 181
0.9252068996429443 179
0.931910514831543 177
0.9387240409851074 175
0.9452500343322754 174
0.9519205093383789 173
0.958094596862793 173
0.9647376537322998 173
0.970412015914917 173
0.9770119190216064 174
0.9846231937408447 175
0.990349292755127 176
0.9967377185821533 177
1.0034680366516113 179
1.0090677738189697 180
1.0158019065856934 182
1.0222675800323486 184
1.0289123058319092 185
1.0367207527160645 186
1.0434203147888184 186
1.0490283966064453 186
1.0558130741119385 185
1.0621979236602783 185
1.068281650543213 183
1.0747625827789307 182
1.0804591178894043 181
1.0884273052215576 179
1.0949208736419678 177
1.1009886264801025 176
1.1071398258209229 175
1.1139285564422607 174
1.1193184852600098 174
1.125955581665039 174
1.1331138610839844 174
1.1396913528442383 175
1.14632248878479 176
1.153031826019287 177
1.158623218536377 178
1.1650679111480713 179
1.17177152633667 181
1.177335262298584 183
1.1842374801635742 185
1.1919658184051514 185
1.1980915069580078 186
1.2047712802886963 187
1.2104289531707764 187
1.2213926315307617 186
1.2273671627044678 185
1.234828233718872 184
1.242166519165039 183
1.2483067512512207 181
1.2548508644104004 179
1.2609009742736816 178
1.2673187255859375 177
1.274186372756958 175
1.2798404693603516 175
1.2862558364868164 174
1.2939438819885254 174
1.2993781566619873 174
1.3060359954833984 175
1.3126463890075684 175
1.3183846473693848 177
1.3250539302825928 178
1.331467628479004 179
1.3379065990447998 181
1.3453059196472168 183
1.3520288467407227 185
1.359398603439331 186
1.3662729263305664 187
1.3729839324951172 187
1.3785734176635742 187
1.385242223739624 186
1.3930277824401855 185
1.398622989654541 185
1.4050943851470947 183
1.4117529392242432 182
1.4173557758331299 181
1.4243061542510986 179
1.43001389503479 177
1.4372639656066895 176
1.4450500011444092 175
1.451690673828125 175
1.457395315170288 175
1.4642901420593262 175
1.469956636428833 176
1.4762976169586182 177
1.4830739498138428 178
1.488708734512329 179
1.4962096214294434 181
1.5030815601348877 183
1.5087645053863525 185
1.5152873992919922 185
1.5219712257385254 186
1.5278260707855225 187
1.5344946384429932 186
1.5410106182098389 186
1.5483696460723877 184
1.562136173248291 183
1.5688247680664062 181
1.5752959251403809 179
1.583179235458374 177
1.5889322757720947 175
1.6042983531951904 174
1.6218452453613281 175
1.636176347732544 176
1.648167610168457 180
1.663966178894043 183
1.6743431091308594 185
1.6900897026062012 185
1.7041618824005127 184
1.7167682647705078 183
1.7299771308898926 179
1.7443535327911377 177
1.7517952919006348 175
1.7573668956756592 175
1.7642676830291748 174
1.7699108123779297 173
1.776291847229004 173
1.7881133556365967 175
1.799147129058838 177
1.812248706817627 179
1.8185944557189941 181
1.8250763416290283 183
1.8318028450012207 184
1.8377923965454102 185
1.8450217247009277 186
1.8523707389831543 186
1.8583579063415527 186
1.8650310039520264 185
1.8714408874511719 185
1.8772430419921875 184
1.884157419204712 183
1.889805555343628 181
1.8962111473083496 179
1.9038896560668945 178
1.9093248844146729 176
1.9159893989562988 175
1.9223942756652832 175
1.9285249710083008 174
1.9350016117095947 174
1.941014289855957 174
1.9471416473388672 175
1.954786777496338 175
1.9604313373565674 177
1.968562364578247 178
1.9751999378204346 179
1.9819271564483643 181
1.988074779510498 183
1.9945690631866455 184
2.0019702911376953 186
2.007823944091797 187
2.014479398727417 187
2.024721145629883 187
2.0303893089294434 186
2.0371365547180176 185
2.0441956520080566 184
2.052058458328247 183
2.0580315589904785 181
2.0645761489868164 180
2.070244789123535 178
2.076711654663086 176
2.083425998687744 175
2.0890285968780518 174
2.095472812652588 174
2.1032729148864746 174
2.10892653465271 174
2.1153817176818848 175
2.122086524963379 175
2.1278622150421143 177
2.134493112564087 177
2.1401402950286865 179
2.146524667739868 181
2.154710292816162 182
2.1603941917419434 184
2.16713285446167 185
2.1740190982818604 186
2.1794440746307373 186
2.1871304512023926 186
2.193967580795288 185
2.1993978023529053 185
2.2070093154907227 183
2.2138657569885254 183
2.21927547454834 181
2.2261455059051514 179
2.2330429553985596 177
2.2387163639068604 176
2.24521803855896 175
2.2518792152404785 174
2.2589783668518066 174
2.2658746242523193 174
2.2722690105438232 174
2.2781739234924316 175
2.284848928451538 175
2.290501117706299 177
2.297102212905884 178
2.303924798965454 179
2.310373067855835 181
2.316892385482788 183
2.3234493732452393 184
2.3290722370147705 185
2.335798978805542 186
2.342200756072998 187
2.3483452796936035 187
2.3548150062561035 186
2.363176107406616 185
2.3687779903411865 185
2.3753156661987305 183
2.38201904296875 183
2.3882546424865723 181
2.394768714904785 179
2.400442361831665 177
2.408339500427246 175
2.4148523807525635 174
2.4251625537872314 173
2.431839942932129 173
2.4378137588500977 174
2.444572687149048 174
2.4502010345458984 175
2.456615447998047 178
2.4763715267181396 183
2.4919557571411133 188
2.50655460357666 190
2.51908540725708 191
2.535953998565674 189
2.558180332183838 187
2.5663228034973145 186
2.5732486248016357 184
2.578927993774414 182
2.5870509147644043 180
2.5940630435943604 178
2.5994646549224854 177
2.6063218116760254 175
2.614309787750244 174
2.6199772357940674 173
2.626495361328125 173
2.6332147121429443 173
2.6388325691223145 174
2.645470380783081 175
2.657350778579712 177
2.665480852127075 179
2.6721458435058594 181
2.678034782409668 183
2.684579849243164 183
2.690297842025757 185
2.698561906814575 186
2.7057955265045166 186
2.71331524848938 186
2.7190093994140625 185
2.72576642036438 185
2.7321925163269043 183
2.7382004261016846 182
2.744694948196411 181
2.750351667404175 179
2.757098436355591 177
2.7647321224212646 176
2.771963357925415 176
2.777768850326538 175
2.7843637466430664 176
2.7900476455688477 177
2.7983224391937256 177
2.8065640926361084 179
2.816394567489624 183
2.8294565677642822 185
2.838550090789795 187
2.8472180366516113 189
2.856295585632324 189
2.8661611080169678 189
2.8747305870056152 189
2.8803887367248535 188
2.8871705532073975 187
2.8940742015838623 186
2.899752378463745 185
2.9061994552612305 183
2.9128634929656982 181
2.9197490215301514 179
2.9262399673461914 177
2.932985544204712 176
2.9385812282562256 175
2.9452710151672363 173
2.9519670009613037 173
2.957860231399536 173
2.9645063877105713 173
2.9723289012908936 174
2.978264331817627 175
2.9847371578216553 176
2.9904274940490723 177
2.9970052242279053 179
3.0040652751922607 180
3.009472608566284 182
3.016334295272827 184
3.02421236038208 185
3.0298566818237305 185
3.0362510681152344 186
3.0430500507354736 186
3.0487051010131836 185
3.0551939010620117 185
3.0618462562561035 184
3.068819522857666 183
3.0760557651519775 181
3.0826799869537354 180
3.088408946990967 177
3.094916343688965 176
3.1009902954101562 175
3.1071970462799072 175
3.1140236854553223 174
3.1204545497894287 174
3.1272480487823486 174
3.1341302394866943 175
3.1397578716278076 175
3.1463098526000977 177
3.153078556060791 178
3.1587436199188232 179
3.1652796268463135 181
3.173069953918457 183
3.1793084144592285 185
3.1861824989318848 186
3.1928508281707764 186
3.1985726356506348 187
3.2061829566955566 187
3.2130000591278076 186
3.2231993675231934 185
3.23002290725708 184
3.236579656600952 183
3.243884325027466 181
3.249318838119507 180
3.256153106689453 178
3.262845277786255 177
3.2685863971710205 175
3.27624773979187 175
3.283390760421753 175
3.2890379428863525 175
3.295785427093506 175
3.3021833896636963 176
3.3083014488220215 177
3.3147976398468018 178
3.320427894592285 179
3.3281750679016113 181
3.3346903324127197 183
3.340381622314453 185
3.346935987472534 186
3.3538150787353516 187
3.3591251373291016 187
3.3661317825317383 187
3.3738906383514404 187
3.3793909549713135 185
3.3865256309509277 185
3.3932769298553467 183
3.398932695388794 182
3.4059109687805176 181
3.4123148918151855 179
3.4182679653167725 177
3.4258382320404053 176
3.43228816986084 175
3.438227891921997 173
3.4447250366210938 173
3.450392961502075 173
3.4568932056427 174
3.4637765884399414 175
3.46909761428833 175
3.476649045944214 177
3.484328269958496 178
3.490041971206665 180
3.4964327812194824 181
3.503152847290039 183
3.50893497467041 185
3.5154666900634766 186
3.5221850872039795 187
3.5289549827575684 187
3.535879135131836 187
3.5422980785369873 187
3.548457145690918 186
3.5631930828094482 184
3.5688459873199463 183
3.5763778686523438 181
3.584441661834717 179
3.5919315814971924 177
3.5980961322784424 176
3.6047585010528564 176
3.6104042530059814 175
3.6186931133270264 176
3.6309173107147217 177
3.6372554302215576 177
3.6443064212799072 179
3.650038003921509 180
3.6565256118774414 182
3.6634438037872314 183
3.669114828109741 185
3.678118944168091 186
3.684645175933838 187
3.691771984100342 187
3.697333812713623 187
3.704249858856201 186
3.7099950313568115 185
3.716435432434082 184
3.7233288288116455 183
3.7300376892089844 181
3.736447334289551 180
3.7431681156158447 178
3.7488033771514893 177
3.7553207874298096 175
3.7620458602905273 175
3.767869234085083 175
3.7745144367218018 175
3.78195858001709 175
3.7880795001983643 176
3.795200824737549 177
3.8018393516540527 178
3.8073718547821045 179
3.814291000366211 181
3.8199687004089355 182
3.826427698135376 184
3.834324359893799 185
3.840060234069824 186
3.8466367721557617 186
3.8533506393432617 186
3.8589887619018555 186
3.8657608032226562 185
3.8722169399261475 184
3.878204822540283 183
3.8853836059570312 181
3.8927440643310547 180
3.898536205291748 178
3.9052300453186035 177
3.911923885345459 175
3.9178924560546875 175
3.9246585369110107 175
3.930325508117676 175
3.937873363494873 175
3.9445085525512695 176
3.9501724243164062 177
3.9565792083740234 178
3.9637792110443115 179
3.9691338539123535 181
3.9759109020233154 183
3.983452081680298 184
3.989107847213745 185
3.9963886737823486 186
4.003128290176392 186
4.008758068084717 186
4.015296459197998 185
4.025883674621582 184
4.03233003616333 183
4.039145231246948 181
4.046166658401489 179
4.053171157836914 178
4.058804750442505 177
4.065262079238892 175
4.071966648101807 175
4.077757835388184 175
4.085252046585083 175
4.091933250427246 175
4.098269701004028 176
4.104758262634277 177
4.110431909561157 178
4.116939067840576 179
4.123888731002808 181
4.129315614700317 183
4.136944532394409 185
4.14409875869751 185
4.149770259857178 186
4.156202554702759 187
4.162971019744873 187
4.1686272621154785 186
4.175138235092163 186
4.181798696517944 185
4.191476583480835 183
4.197262287139893 182
4.204780101776123 180
4.2104620933532715 179
4.217047214508057 177
4.2238664627075195 176
4.229264259338379 175
4.236681699752808 175
4.243442058563232 175
4.249078750610352 175
4.255775213241577 176
4.262197017669678 177
4.2683258056640625 178
4.274831533432007 179
4.280475378036499 181
4.288225889205933 183
4.294813632965088 184
4.300433874130249 185
4.307463645935059 185
4.314531326293945 185
4.320176362991333 185
4.32689356803894 185
4.333470106124878 185
4.340089559555054 183
4.346515893936157 182
4.353256940841675 181
4.358910799026489 179
4.365395784378052 178
4.3720786571502686 177
4.3778674602508545 177
4.38467812538147 176
4.392012357711792 177
4.397822618484497 177
4.404928207397461 177
4.411005735397339 179
4.41714882850647 181
4.427375078201294 182
4.43447208404541 183
4.441911697387695 184
4.448177814483643 185
4.454853773117065 185
4.460910797119141 184
4.4671361446380615 183
4.474063158035278 183
4.479470491409302 181
4.486150741577148 180
4.4940643310546875 179
4.499736309051514 177
4.506346225738525 176
4.513460874557495 175
4.519061088562012 175
4.525789499282837 175
4.532199382781982 176
4.538133144378662 177
4.545341730117798 178
4.552066087722778 179
4.557856798171997 181
4.564681529998779 182
4.570374011993408 184
4.577145099639893 185
4.584798812866211 185
4.590434312820435 185
4.598070859909058 185
4.604590892791748 185
4.611712455749512 184
4.617303848266602 183
4.624355792999268 182
4.630048751831055 180
4.636465787887573 179
4.644258737564087 177
4.654245853424072 176
4.668207168579102 177
4.683955669403076 179
4.6987245082855225 183
4.7143707275390625 187
4.727431774139404 189
4.74876856803894 189
4.76321268081665 188
4.768882989883423 187
4.775802135467529 186
4.782216310501099 185
4.788812160491943 183
4.795442342758179 181
4.803804636001587 179
4.80911660194397 177
4.816505670547485 175
4.823235988616943 174
4.834174156188965 173
4.839846611022949 173
4.8464086055755615 173
4.8544487953186035 173
4.860132694244385 174
4.866680145263672 175
4.874292373657227 176
4.882928848266602 178
4.8904502391815186 181
4.900494813919067 183
4.909090757369995 185
4.918699502944946 187
4.9277496337890625 187
4.93663215637207 187
4.94530177116394 186
4.9553022384643555 185
4.964641809463501 183
4.973299741744995 181
4.981908321380615 179
4.988093376159668 177
4.994584798812866 176
