0 0
0.004547834396362305 0
0.015795469284057617 0
0.02383732795715332 0
0.029509544372558594 1
0.03668379783630371 1
0.04354214668273926 1
0.04892301559448242 1
0.0556025505065918 2
0.06203746795654297 2
0.06803631782531738 3
0.07642149925231934 4
0.08343291282653809 5
0.0887758731842041 5
0.09578299522399902 6
0.10295653343200684 7
0.10860657691955566 7
0.1155703067779541 8
0.12204480171203613 9
0.12867426872253418 10
0.13544464111328125 11
0.1419055461883545 11
0.14789414405822754 13
0.15462422370910645 13
0.16105341911315918 14
0.16693353652954102 15
0.17452168464660645 16
0.18104052543640137 17
0.18692874908447266 18
0.19385075569152832 19
0.19954252243041992 20
0.2066516876220703 21
0.21371030807495117 21
0.21940326690673828 23
0.22688508033752441 23
0.2338542938232422 24
0.2395632266998291 25
0.24615240097045898 26
0.2529146671295166 27
0.2585923671722412 28
0.26512837409973145 29
0.27184176445007324 30
0.27986836433410645 31
0.28630852699279785 32
0.29308319091796875 34
0.30605316162109375 37
0.3281733989715576 40
0.3500216007232666 43
0.3662235736846924 45
0.38498973846435547 47
0.3987863063812256 50
0.41475701332092285 53
0.44191861152648926 55
0.4535098075866699 56
0.4589512348175049 57
0.4658834934234619 58
0.47298765182495117 59
0.4786713123321533 60
0.48802947998046875 61
0.4951353073120117 62
0.5018410682678223 63
0.5080986022949219 64
0.51552414894104 65
0.5219781398773193 66
0.5279462337493896 67
0.5354962348937988 68
0.5419259071350098 69
0.548919677734375 70
0.555635929107666 71
0.5622732639312744 72
0.5680506229400635 73
0.5747706890106201 74
0.581486701965332 75
0.5882611274719238 76
0.5947892665863037 77
0.6015183925628662 77
0.6071219444274902 79
0.614508867263794 79
0.6205873489379883 81
0.6268033981323242 81
0.6346619129180908 83
0.6414201259613037 83
0.6470167636871338 84
0.653923511505127 85
0.6596541404724121 86
0.6661128997802734 87
0.6728527545928955 88
0.6784782409667969 89
0.6860551834106445 90
0.6930286884307861 91
0.7036268711090088 92
0.7090599536895752 93
0.7163939476013184 95
0.7236034870147705 95
0.7290217876434326 96
0.7366609573364258 97
0.743586540222168 98
0.7490417957305908 99
0.755896806716919 100
0.7628214359283447 101
0.7684664726257324 102
0.7750256061553955 103
0.7817623615264893 104
0.7886233329772949 105
0.7953927516937256 106
0.8018655776977539 107
0.8078722953796387 108
0.8147077560424805 109
0.8218474388122559 109
0.8278734683990479 111
0.834449291229248 111
0.8418717384338379 112
0.8478529453277588 113
0.8543663024902344 115
0.86006760597229 115
0.8670461177825928 116
0.874157190322876 117
0.8798415660858154 118
0.8863155841827393 119
0.8943302631378174 120
0.9000229835510254 121
0.906548261642456 122
0.9134495258331299 123
0.9196279048919678 123
0.9260828495025635 125
0.9330041408538818 125
0.9397883415222168 127
0.946274995803833 127
0.9530501365661621 129
0.9586873054504395 129
0.9654648303985596 130
0.9719328880310059 131
0.9779040813446045 132
0.9844417572021484 133
0.9918832778930664 134
0.9980800151824951 135
1.004615068435669 136
1.0110654830932617 137
1.0169060230255127 138
1.0243425369262695 139
1.030076026916504 139
1.036670446395874 141
1.044255256652832 141
1.0499279499053955 143
1.0583584308624268 143
1.0655364990234375 145
1.0719540119171143 145
1.077951192855835 147
1.0844495296478271 147
1.0918521881103516 148
1.1018431186676025 149
1.1080598831176758 151
1.1148581504821777 151
1.1215574741363525 153
1.1277120113372803 153
1.134617567062378 154
1.1406736373901367 155
1.148026943206787 156
1.1546881198883057 157
1.1614248752593994 158
1.1670424938201904 159
1.1741511821746826 159
1.179842472076416 161
1.1862471103668213 161
1.1940972805023193 163
1.1998178958892822 163
1.2062575817108154 165
1.2129945755004883 165
1.218644142150879 166
1.2259011268615723 167
1.2328712940216064 168
1.2385711669921875 169
1.2460675239562988 170
1.2527995109558105 171
1.2584748268127441 171
1.2649765014648438 173
1.2716772556304932 173
1.2775442600250244 174
1.284348964691162 175
1.2900340557098389 176
1.2980446815490723 177
1.3045401573181152 178
1.3106565475463867 179
1.3168871402740479 179
1.3238270282745361 181
1.3299534320831299 181
1.3365578651428223 182
1.343496561050415 183
1.3500053882598877 183
1.3568074703216553 183
1.3637261390686035 183
1.3694398403167725 183
1.3759164810180664 183
1.3826916217803955 183
1.38838529586792 183
1.3949265480041504 182
1.4026565551757812 181
1.408318042755127 181
1.4150590896606445 180
1.421837329864502 179
1.4279985427856445 179
1.4348912239074707 179
1.4416134357452393 178
1.448422908782959 179
1.4561190605163574 179
1.4628465175628662 179
1.4684655666351318 179
1.4751403331756592 180
1.4818744659423828 180
1.4878275394439697 181
1.49434232711792 182
1.5057532787322998 182
1.5127010345458984 183
1.5184106826782227 183
1.525116205215454 183
1.5318536758422852 182
1.5385913848876953 182
1.5455965995788574 182
1.553046464920044 181
1.558685302734375 181
1.5664119720458984 180
1.5735714435577393 180
1.5790748596191406 179
1.585770606994629 179
1.5927367210388184 179
1.5995464324951172 179
1.6059668064117432 179
1.6127054691314697 179
1.6183815002441406 179
1.6248834133148193 179
1.6316144466400146 180
1.638056755065918 181
1.644608974456787 181
1.6527059078216553 182
1.6584327220916748 182
1.6649761199951172 182
1.6717557907104492 182
1.6778934001922607 182
1.684438943862915 182
1.6901190280914307 181
1.6967530250549316 181
1.704395055770874 181
1.7100884914398193 180
1.7169287204742432 179
1.7238273620605469 179
1.7295386791229248 179
1.7359883785247803 179
1.7435617446899414 179
1.7490062713623047 179
1.756361722946167 180
1.7634334564208984 180
1.7687926292419434 181
1.775834321975708 181
1.7825043201446533 181
1.7882680892944336 181
1.7948124408721924 181
1.801501750946045 181
1.8084001541137695 181
1.8149490356445312 181
1.8217401504516602 180
1.8277368545532227 179
1.8344790935516357 179
1.8401751518249512 179
1.8474044799804688 179
1.854705810546875 179
1.861419439315796 179
1.8670084476470947 180
1.873969316482544 180
1.8796753883361816 181
1.8860962390899658 181
1.8930926322937012 182
1.8987557888031006 182
1.9099082946777344 182
1.9166054725646973 182
1.9237160682678223 181
1.9294657707214355 181
1.9361577033996582 181
1.9436700344085693 180
1.9493625164031982 179
1.9570534229278564 179
1.965409278869629 179
1.9718613624572754 179
1.9778351783752441 179
1.9844133853912354 179
1.9900829792022705 179
1.9966685771942139 179
2.003535747528076 180
2.0100388526916504 181
2.016857624053955 181
2.0237855911254883 181
2.0294950008392334 182
2.0359458923339844 182
2.042754888534546 182
2.0490338802337646 182
2.056427240371704 181
2.063735246658325 181
2.0694081783294678 180
2.0774340629577637 179
2.0848162174224854 179
2.091522693634033 179
2.0970919132232666 179
2.1039891242980957 179
2.1115341186523438 179
2.11737322807312 179
2.1240999698638916 179
2.1299021244049072 180
2.136674404144287 180
2.1435892581939697 181
2.149761915206909 181
2.1562211513519287 181
2.164060115814209 181
2.169781446456909 181
2.1762468814849854 181
2.183013439178467 181
2.188661575317383 181
2.1956675052642822 180
2.2023746967315674 180
2.209040403366089 179
2.215747117996216 179
2.2224018573760986 179
2.2281579971313477 179
2.234673261642456 179
2.2411231994628906 179
2.2469475269317627 180
2.254486560821533 181
2.261913537979126 181
2.2679474353790283 181
2.274472236633301 182
2.280151128768921 182
2.2869367599487305 182
2.2938737869262695 181
2.2996230125427246 181
2.3115856647491455 181
2.3178510665893555 180
2.324855089187622 179
2.3315465450286865 179
2.337562322616577 179
2.344228744506836 179
2.349912405014038 179
2.3569397926330566 180
2.364558219909668 180
2.3706462383270264 181
2.377084732055664 181
2.3847169876098633 181
2.3940141201019287 181
2.402644157409668 181
2.4109878540039062 181
2.4201560020446777 180
2.428924560546875 179
2.4382197856903076 179
2.4469053745269775 179
2.4582183361053467 179
2.4678783416748047 179
2.4744622707366943 179
2.480137586593628 180
2.4867570400238037 180
2.4937987327575684 181
2.5038721561431885 181
2.51709246635437 181
2.534069061279297 181
2.5475339889526367 179
2.559079885482788 179
2.5746822357177734 179
2.5946667194366455 180
2.6157240867614746 181
2.6227927207946777 182
2.628466844558716 182
2.6356000900268555 182
2.642418384552002 182
2.6482717990875244 182
2.654959201812744 182
2.6624903678894043 181
2.669023036956787 181
2.675903797149658 181
2.6827163696289062 180
2.6884043216705322 179
2.6949706077575684 179
2.7016761302948 179
2.7120277881622314 179
2.719139337539673 179
2.7259650230407715 180
2.733027219772339 181
2.738673210144043 181
2.7454891204833984 181
2.7519588470458984 182
2.7579784393310547 182
2.7649948596954346 182
2.7727415561676025 181
2.778424024581909 181
2.784963607788086 181
2.791787624359131 181
2.797938823699951 180
2.804492473602295 179
2.810168743133545 179
2.8167717456817627 179
2.82434344291687 179
2.8300275802612305 179
2.8364293575286865 179
2.843606948852539 180
2.8490793704986572 180
2.8559515476226807 181
2.862731456756592 181
2.870039701461792 182
2.876664876937866 182
2.883549451828003 182
2.888993978500366 182
2.8957064151763916 182
2.9023900032043457 182
2.908195734024048 181
2.914907932281494 181
2.9227237701416016 180
2.928436040878296 179
2.934999465942383 179
2.941736936569214 179
2.947688579559326 179
2.954214572906494 179
2.9598991870880127 179
2.9663374423980713 179
2.9747908115386963 179
2.9814937114715576 180
2.987119197845459 180
2.9940454959869385 181
2.999755382537842 181
3.00632905960083 182
3.01308012008667 182
3.0187647342681885 182
3.026233196258545 182
3.033456563949585 182
3.038931131362915 182
3.045663356781006 182
3.0523555278778076 181
3.0581207275390625 181
3.0646300315856934 181
3.073103189468384 180
3.07879376411438 179
3.0856287479400635 179
3.0924463272094727 179
3.098242998123169 179
3.1088123321533203 179
3.1158087253570557 179
3.124204397201538 180
3.132056951522827 180
3.138137102127075 181
3.1446239948272705 181
3.1514902114868164 182
3.1575567722320557 182
3.164241075515747 182
3.1699466705322266 182
3.1781914234161377 182
3.185999870300293 182
3.1927907466888428 181
3.1985366344451904 181
3.2050604820251465 181
3.2118639945983887 180
3.2180428504943848 179
3.2256174087524414 179
3.2324163913726807 179
3.2382357120513916 179
3.244727611541748 179
3.251403331756592 179
3.2569966316223145 179
3.263965368270874 179
3.26967191696167 180
3.2780978679656982 180
3.2846035957336426 181
3.2914347648620605 181
3.2970831394195557 181
3.3040266036987305 182
3.3097541332244873 182
3.3161978721618652 181
3.3229966163635254 181
3.3298370838165283 181
3.3365843296051025 180
3.343517303466797 180
3.348989963531494 179
3.355682611465454 179
3.3624939918518066 179
3.3682236671447754 179
3.374741554260254 179
3.3830008506774902 179
3.388645648956299 180
3.3956215381622314 180
3.4022586345672607 181
3.4081296920776367 181
3.4146454334259033 181
3.4211039543151855 181
3.4269542694091797 181
3.4345643520355225 181
3.4411416053771973 181
3.4469809532165527 181
3.4548120498657227 180
3.461540937423706 179
3.4674110412597656 179
3.4740891456604004 179
3.4820656776428223 179
3.4880659580230713 179
3.4947590827941895 179
3.501476287841797 179
3.5119469165802 180
3.518172025680542 180
3.52485728263855 181
3.532738208770752 181
3.5384085178375244 181
3.5449531078338623 181
3.5517172813415527 181
3.5577306747436523 181
3.564304828643799 181
3.5700223445892334 181
3.5768585205078125 180
3.584757089614868 179
3.5914745330810547 179
3.5970821380615234 179
3.6040103435516357 179
3.6097826957702637 179
3.6162192821502686 179
3.623441219329834 179
3.628812074661255 179
3.6365787982940674 180
3.643099546432495 181
3.6487820148468018 181
3.6556432247161865 181
3.662445545196533 182
3.6682233810424805 182
3.6747381687164307 182
3.6814348697662354 181
3.688742160797119 181
3.696943759918213 181
3.7045373916625977 180
3.7106504440307617 179
3.7169291973114014 179
3.7238402366638184 179
3.72951602935791 179
3.736938714981079 179
3.7438721656799316 179
3.7495501041412354 179
3.7561936378479004 179
3.76294207572937 180
3.768587112426758 180
3.77543568611145 181
3.781873941421509 181
3.7895383834838867 182
3.7959976196289062 182
3.8027842044830322 182
3.8084778785705566 182
3.8154959678649902 182
3.8219542503356934 182
3.827951192855835 181
3.8344852924346924 181
3.84194278717041 181
3.847942352294922 180
3.8545279502868652 179
3.860579252243042 179
3.866809129714966 179
3.8738393783569336 179
3.879539728164673 179
3.8862674236297607 179
3.8945698738098145 179
3.9006803035736084 180
3.911562442779541 181
3.9177510738372803 181
3.9244816303253174 181
3.9301624298095703 181
3.9370357990264893 181
3.944733142852783 181
3.9514596462249756 181
3.9570915699005127 181
3.964066982269287 180
3.969801187515259 179
3.9762470722198486 179
3.983003854751587 179
3.9886319637298584 179
3.9967398643493652 179
4.003592491149902 179
4.009031772613525 179
4.01622462272644 180
4.02293586730957 180
4.028601884841919 181
4.035123348236084 181
4.042914867401123 182
4.048601388931274 182
4.055633068084717 182
4.0622804164886475 182
4.068063020706177 182
4.074589729309082 181
4.0806872844696045 181
4.086929082870483 181
4.09490704536438 180
4.101626634597778 179
4.107481956481934 179
4.114351511001587 179
4.120068550109863 179
4.1265974044799805 179
4.133479118347168 180
4.138934850692749 180
4.146735668182373 181
4.153681755065918 181
4.159123659133911 181
4.165853500366211 181
4.172872304916382 181
4.178580045700073 181
4.185107231140137 181
4.19184684753418 181
4.199495792388916 180
4.2070581912994385 179
4.2139856815338135 179
4.219745397567749 179
4.226216554641724 179
4.2331225872039795 179
4.238770246505737 179
4.246331214904785 179
4.253108024597168 180
4.258775234222412 180
4.265560626983643 181
4.271997928619385 181
4.278202772140503 182
4.284732818603516 182
4.291471242904663 182
4.299033164978027 182
4.305769920349121 181
4.316114664077759 181
4.323051452636719 181
4.328713893890381 180
4.335699558258057 179
4.342400074005127 179
4.3490142822265625 179
4.355866432189941 179
4.362655878067017 179
4.368295907974243 179
4.374835252761841 179
4.381489515304565 179
4.387098073959351 180
4.394006252288818 180
4.401981830596924 181
4.40814471244812 181
4.414876222610474 181
4.421589374542236 182
4.432297468185425 181
4.438086271286011 181
4.444619655609131 180
4.458615779876709 179
4.483558654785156 179
4.500028371810913 179
4.519805669784546 181
4.539540529251099 183
4.552902698516846 183
4.56810450553894 183
4.585651874542236 183
4.59993052482605 182
4.613947868347168 181
4.625535726547241 180
4.632261276245117 180
4.63806414604187 179
4.6445794105529785 179
4.651045560836792 179
4.657077312469482 179
4.668736457824707 179
4.6843695640563965 181
4.7019267082214355 183
4.724393129348755 183
4.738720178604126 182
4.755018711090088 181
4.7730748653411865 179
4.788928508758545 178
4.807027816772461 177
4.814638614654541 177
4.821375846862793 177
4.828246116638184 177
4.8355395793914795 177
4.8420631885528564 177
4.848248720169067 178
4.856339693069458 179
4.864057302474976 179
4.869755983352661 180
4.876161813735962 181
4.8841001987457275 181
4.889842987060547 182
4.896649360656738 182
4.9035420417785645 183
4.911463260650635 183
4.91802453994751 183
4.924726724624634 182
4.932452440261841 182
4.938225030899048 182
4.944735765457153 181
4.951488733291626 181
4.957555055618286 180
4.96420955657959 180
4.969887018203735 179
4.976344585418701 179
4.984151601791382 179
4.989827394485474 179
4.996217727661133 179
