0.015705 0.000000 0.000000 0.000000
0.104233 0.006960 0.000000 0.014117
0.186005 0.023037 0.000227 0.073406
0.269072 0.041466 0.001582 0.138343
0.353036 0.061669 0.004395 0.197633
0.433154 0.080965 0.008259 0.254099
0.513212 0.100244 0.013266 0.313389
0.593153 0.119192 0.019407 0.372679
0.676236 0.137967 0.026747 0.429146
0.758136 0.156298 0.035134 0.485612
0.843484 0.174762 0.044880 0.550549
0.926230 0.192351 0.055677 0.612662
1.006991 0.208647 0.067131 0.671952
1.088453 0.224423 0.079680 0.734065
1.173025 0.239925 0.093666 0.799001
1.253191 0.253984 0.108113 0.855468
1.333821 0.267048 0.123149 0.914758
1.417408 0.280076 0.140074 0.979694
1.498102 0.291444 0.157011 1.038984
1.590234 0.303126 0.176868 1.106744
1.679849 0.313115 0.196826 1.177327
1.760340 0.320752 0.215222 1.236617
1.843164 0.327364 0.234266 1.293084
1.923825 0.332891 0.253652 1.355197
2.006257 0.337203 0.273344 1.417310
2.089124 0.340322 0.293503 1.476600
2.169960 0.342285 0.314289 1.535890
2.252917 0.342989 0.334435 1.598003
2.333225 0.342441 0.354586 1.654469
2.384336 0.341458 0.366304 1.679879
2.445661 0.340021 0.379425 1.727876
2.504476 0.338106 0.391513 1.770226
2.596033 0.333827 0.412683 1.837986
2.678905 0.328505 0.432127 1.900099
2.759134 0.322064 0.450975 1.959389
2.843423 0.314244 0.470075 2.021502
2.923826 0.305568 0.488004 2.080792
3.003114 0.295844 0.505388 2.140082
3.083725 0.284978 0.522367 2.196548
3.164301 0.273171 0.538706 2.253015
3.246044 0.260309 0.554539 2.312305
3.328846 0.246532 0.569582 2.377241
3.413870 0.231634 0.583865 2.445001
3.495949 0.215988 0.596953 2.509937
3.578164 0.199719 0.608856 2.566404
3.665406 0.181999 0.620345 2.634164
3.753166 0.163332 0.630723 2.699100
3.836448 0.144898 0.639458 2.758390
3.918129 0.125979 0.647085 2.812033
3.998830 0.107132 0.653531 2.871323
4.079014 0.088168 0.658785 2.933436
4.159879 0.068444 0.662951 2.995550
4.246025 0.047313 0.666059 3.060486
4.329200 0.027221 0.667692 3.128246
4.412421 0.007304 0.667958 3.187536
4.496945 -0.013552 0.666999 3.246826
4.578193 -0.033361 0.664907 3.306116
4.660370 -0.053484 0.661566 3.365405
4.743774 -0.073608 0.656985 3.427519
4.825627 -0.093408 0.651164 3.489632
4.908187 -0.112358 0.644289 3.546098
4.988831 -0.130449 0.636544 3.596918
5.072022 -0.148338 0.627785 3.644915
5.153876 -0.165576 0.618293 3.684441
5.235481 -0.182426 0.608128 3.712675
5.318825 -0.199587 0.597102 3.732438
5.399798 -0.215730 0.586273 3.752201
5.483746 -0.231853 0.574990 3.763495
5.564255 -0.247847 0.563526 3.769141
5.646282 -0.264165 0.551689 3.769141
5.733345 -0.281454 0.539148 3.771965
5.824347 -0.299289 0.526134 3.771965
5.909055 -0.316349 0.513686 3.783258
5.996280 -0.331921 0.502052 3.774788
6.079704 -0.347785 0.490407 3.780434
6.160080 -0.363775 0.478531 3.783258
6.243870 -0.379732 0.466609 3.780434
6.329038 -0.396300 0.454303 3.780434
6.410115 -0.412291 0.442426 3.783258
6.493806 -0.428055 0.430648 3.788904
6.576451 -0.443944 0.418636 3.791728
6.660392 -0.459799 0.406579 3.794551
6.743991 -0.475811 0.394332 3.788904
6.827817 -0.491892 0.382176 3.788904
6.909142 -0.507781 0.370164 3.786081
6.993783 -0.524280 0.357765 3.780434
7.077160 -0.540463 0.345745 3.780434
7.158430 -0.555682 0.334440 3.777611
7.240817 -0.571320 0.322894 3.774788
7.323152 -0.586797 0.311533 3.774788
7.377596 -0.597437 0.303723 3.777611
7.437978 -0.608442 0.295598 3.774788
7.496921 -0.618695 0.288072 3.771965
7.593119 -0.636142 0.275341 3.771965
7.673718 -0.651845 0.263883 3.769141
7.755661 -0.667968 0.252187 3.771965
7.853283 -0.685997 0.239032 3.774788
7.938187 -0.702828 0.226678 3.777611
8.020430 -0.718659 0.214989 3.777611
8.103911 -0.734683 0.203157 3.780434
8.185824 -0.750673 0.191280 3.788904
8.270006 -0.766754 0.179124 3.788904
8.354303 -0.782643 0.167112 3.786081
8.437212 -0.797223 0.156154 3.786081
8.519142 -0.810461 0.146206 3.783258
8.603126 -0.822572 0.137157 3.786081
8.683723 -0.833508 0.128939 3.788904
8.766079 -0.844037 0.120979 3.791728
8.852266 -0.854352 0.113135 3.791728
8.932444 -0.863139 0.106453 3.797374
9.013718 -0.871128 0.100307 3.797374
9.095582 -0.878546 0.094600 3.800198
9.177233 -0.885758 0.089019 3.794551
9.258896 -0.892048 0.084207 3.791728
9.343153 -0.897970 0.079704 3.788904
9.424896 -0.903330 0.075652 3.794551
9.506459 -0.908286 0.071861 3.794551
9.588821 -0.913242 0.068070 3.794551
9.673205 -0.917817 0.064571 3.800198
9.753756 -0.921802 0.061487 3.803021
9.835669 -0.925401 0.058686 3.805844
9.926816 -0.928991 0.055875 3.808668
10.008915 -0.932007 0.053500 3.808668
10.093048 -0.934835 0.051272 3.811491
10.173961 -0.937281 0.049335 3.814314
10.256256 -0.939533 0.047541 3.814314
10.338125 -0.941786 0.045747 3.814314
10.422779 -0.943663 0.044251 3.819961
10.504416 -0.945344 0.042896 3.822784
10.587213 -0.946836 0.041687 3.822784
10.668186 -0.948514 0.040327 3.825608
10.749822 -0.949816 0.039265 3.828431
10.833562 -0.951300 0.038048 3.828431
10.913825 -0.952413 0.037135 3.828431
10.995269 -0.953527 0.036222 3.828431
11.077414 -0.954269 0.035613 3.828431
11.158236 -0.954826 0.035157 3.825608
11.240816 -0.955198 0.034853 3.825608
11.323090 -0.955756 0.034398 3.822784
11.404940 -0.956315 0.033945 3.819961
11.488885 -0.956689 0.033644 3.819961
11.569831 -0.956876 0.033493 3.817138
11.653298 -0.956876 0.033493 3.817138
11.733780 -0.956876 0.033493 3.817138
11.818109 -0.956876 0.033493 3.817138
11.900287 -0.956876 0.033493 3.817138
11.988193 -0.956876 0.033493 3.817138
12.075362 -0.956876 0.033493 3.817138
12.155992 -0.956876 0.033493 3.817138
12.238093 -0.956876 0.033493 3.817138
12.320066 -0.956876 0.033493 3.817138
12.407833 -0.956876 0.033493 3.817138
12.463633 -0.956876 0.033493 3.817138
12.552343 -0.956876 0.033493 3.817138
12.634130 -0.956876 0.033493 3.817138
12.718091 -0.956876 0.033493 3.817138
12.799678 -0.956876 0.033493 3.817138
12.884135 -0.956876 0.033493 3.817138
12.965601 -0.956876 0.033493 3.817138
13.048101 -0.956876 0.033493 3.817138
13.129919 -0.956876 0.033493 3.817138
13.212440 -0.956876 0.033493 3.817138
13.295606 -0.956876 0.033493 3.817138
13.393546 -0.956876 0.033493 3.817138
13.475880 -0.956876 0.033493 3.817138
13.556971 -0.956876 0.033493 3.817138
13.639810 -0.956876 0.033493 3.817138
13.722426 -0.956876 0.033493 3.817138
13.803696 -0.956876 0.033493 3.817138
13.884818 -0.956876 0.033493 3.817138
13.966056 -0.956876 0.033493 3.817138
14.049302 -0.956876 0.033493 3.817138
14.139560 -0.956876 0.033493 3.817138
14.220303 -0.956876 0.033493 3.817138
14.303719 -0.956876 0.033493 3.817138
14.388128 -0.956876 0.033493 3.817138
14.472805 -0.956876 0.033493 3.817138
14.553210 -0.956876 0.033493 3.817138
14.633200 -0.956876 0.033493 3.817138
14.713776 -0.956876 0.033493 3.817138
14.797003 -0.956876 0.033493 3.817138
14.879842 -0.956876 0.033493 3.817138
14.963202 -0.956876 0.033493 3.817138
15.043613 -0.956876 0.033493 3.817138
15.126348 -0.956876 0.033493 3.817138
15.212281 -0.956876 0.033493 3.817138
15.292438 -0.956876 0.033493 3.817138
15.378367 -0.956876 0.033493 3.817138
15.463382 -0.956876 0.033493 3.817138
15.543708 -0.956876 0.033493 3.817138
15.626790 -0.956876 0.033493 3.817138
15.706367 -0.956876 0.033493 3.817138
15.788916 -0.956876 0.033493 3.817138
15.869300 -0.956876 0.033493 3.817138
15.953016 -0.956876 0.033493 3.817138
16.033790 -0.956876 0.033493 3.817138
16.117291 -0.956876 0.033493 3.817138
16.207394 -0.956876 0.033493 3.817138
16.288175 -0.956876 0.033493 3.817138
16.373721 -0.956876 0.033493 3.817138
16.458023 -0.956876 0.033493 3.817138
16.540747 -0.956876 0.033493 3.817138
16.623163 -0.956876 0.033493 3.817138
16.703869 -0.956876 0.033493 3.817138
16.785401 -0.956876 0.033493 3.817138
16.866163 -0.956876 0.033493 3.817138
16.949749 -0.956876 0.033493 3.817138
17.033718 -0.956876 0.033493 3.817138
17.113837 -0.956876 0.033493 3.817138
17.196475 -0.956876 0.033493 3.817138
17.280417 -0.956876 0.033493 3.817138
17.371484 -0.956876 0.033493 3.817138
17.425803 -0.956876 0.033493 3.817138
17.485456 -0.956876 0.033493 3.817138
17.580006 -0.956876 0.033493 3.817138
17.663453 -0.956876 0.033493 3.817138
17.745460 -0.956876 0.033493 3.817138
17.826447 -0.956876 0.033493 3.817138
17.909254 -0.956876 0.033493 3.817138
17.992906 -0.956876 0.033493 3.817138
18.075451 -0.956876 0.033493 3.817138
18.160440 -0.956876 0.033493 3.817138
18.255418 -0.956876 0.033493 3.817138
18.336433 -0.956876 0.033493 3.817138
18.421446 -0.956876 0.033493 3.817138
18.503134 -0.956876 0.033493 3.817138
18.586191 -0.956876 0.033493 3.817138
18.668941 -0.956876 0.033493 3.817138
18.751988 -0.956876 0.033493 3.817138
18.833222 -0.956876 0.033493 3.817138
18.913797 -0.956876 0.033493 3.817138
18.996203 -0.956876 0.033493 3.817138
19.077368 -0.956876 0.033493 3.817138
19.158860 -0.956876 0.033493 3.817138
19.240026 -0.956876 0.033493 3.817138
19.323228 -0.956876 0.033493 3.817138
19.408114 -0.956876 0.033493 3.817138
19.492880 -0.956876 0.033493 3.817138
19.573717 -0.956876 0.033493 3.817138
19.655592 -0.956876 0.033493 3.817138
19.735445 -0.956876 0.033493 3.817138
19.818189 -0.956876 0.033493 3.817138
19.898816 -0.956876 0.033493 3.817138
19.980709 -0.956876 0.033493 3.817138
20.064419 -0.956876 0.033493 3.817138
20.146183 -0.956876 0.033493 3.817138
20.228850 -0.956876 0.033493 3.817138
20.322815 -0.956876 0.033493 3.817138
20.410035 -0.956876 0.033493 3.817138
20.490402 -0.956876 0.033493 3.817138
20.573609 -0.956876 0.033493 3.817138
20.656211 -0.956876 0.033493 3.817138
20.739201 -0.956876 0.033493 3.817138
20.823738 -0.956876 0.033493 3.817138
20.903802 -0.956876 0.033493 3.817138
20.959722 -0.956876 0.033493 3.817138
21.029105 -0.956876 0.033493 3.817138
21.089616 -0.956876 0.033493 3.817138
21.155639 -0.956876 0.033493 3.817138
21.243860 -0.956876 0.033493 3.817138
21.327198 -0.956876 0.033493 3.817138
21.409820 -0.956876 0.033493 3.817138
21.493121 -0.956876 0.033493 3.817138
21.573188 -0.956876 0.033493 3.817138
21.655464 -0.956876 0.033493 3.817138
21.736330 -0.956876 0.033493 3.817138
21.816365 -0.956876 0.033493 3.817138
21.897246 -0.956876 0.033493 3.817138
21.981487 -0.956876 0.033493 3.817138
22.063707 -0.956876 0.033493 3.817138
22.146289 -0.956876 0.033493 3.817138
22.229188 -0.956876 0.033493 3.817138
22.317388 -0.956876 0.033493 3.817138
22.378282 -0.956876 0.033493 3.817138
22.453087 -0.956876 0.033493 3.817138
22.512390 -0.956876 0.033493 3.817138
22.609606 -0.956876 0.033493 3.817138
22.693717 -0.956876 0.033493 3.817138
22.773321 -0.956876 0.033493 3.817138
22.854459 -0.956876 0.033493 3.817138
22.936289 -0.956876 0.033493 3.817138
23.019870 -0.956876 0.033493 3.817138
23.108839 -0.956876 0.033493 3.817138
23.190419 -0.956876 0.033493 3.817138
23.276417 -0.956876 0.033493 3.817138
23.357288 -0.956876 0.033493 3.817138
23.438915 -0.956876 0.033493 3.817138
23.519345 -0.956876 0.033493 3.817138
23.603061 -0.956876 0.033493 3.817138
23.686899 -0.956876 0.033493 3.817138
23.768148 -0.956876 0.033493 3.817138
23.849805 -0.956876 0.033493 3.817138
23.933103 -0.956876 0.033493 3.817138
24.016108 -0.956876 0.033493 3.817138
24.096304 -0.956876 0.033493 3.817138
24.178944 -0.956876 0.033493 3.817138
24.259895 -0.956876 0.033493 3.817138
24.343245 -0.956876 0.033493 3.817138
24.426477 -0.956876 0.033493 3.817138
24.516384 -0.956876 0.033493 3.817138
24.598095 -0.956876 0.033493 3.817138
24.678802 -0.956876 0.033493 3.817138
24.759899 -0.956876 0.033493 3.817138
24.844450 -0.956876 0.033493 3.817138
24.925405 -0.956876 0.033493 3.817138
25.010993 -0.956876 0.033493 3.817138
25.093964 -0.956876 0.033493 3.817138
25.177157 -0.956876 0.033493 3.817138
25.259321 -0.956876 0.033493 3.817138
25.343960 -0.956876 0.033493 3.817138
25.425428 -0.956876 0.033493 3.817138
25.506080 -0.956876 0.033493 3.817138
25.584916 -0.956876 0.033493 3.817138
25.668151 -0.956876 0.033493 3.817138
25.749657 -0.956876 0.033493 3.817138
25.830363 -0.956876 0.033493 3.817138
25.913293 -0.956876 0.033493 3.817138
25.995612 -0.956876 0.033493 3.817138
26.075905 -0.956876 0.033493 3.817138
26.158422 -0.956876 0.033493 3.817138
26.238789 -0.956876 0.033493 3.817138
26.322299 -0.956876 0.033493 3.817138
26.405741 -0.956876 0.033493 3.817138
26.487849 -0.956876 0.033493 3.817138
26.578878 -0.956876 0.033493 3.817138
26.663946 -0.956876 0.033493 3.817138
26.745630 -0.956876 0.033493 3.817138
26.827804 -0.956876 0.033493 3.817138
26.909866 -0.956876 0.033493 3.817138
26.993048 -0.956876 0.033493 3.817138
27.074829 -0.956876 0.033493 3.817138
27.156195 -0.956876 0.033493 3.817138
27.238096 -0.956876 0.033493 3.817138
27.322366 -0.956876 0.033493 3.817138
27.387958 -0.956876 0.033493 3.817138
27.452287 -0.956876 0.033493 3.817138
27.512411 -0.956876 0.033493 3.817138
27.603167 -0.956876 0.033493 3.817138
27.686464 -0.956876 0.033493 3.817138
27.768197 -0.956876 0.033493 3.817138
27.856243 -0.956876 0.033493 3.817138
27.940889 -0.956876 0.033493 3.817138
28.023065 -0.956876 0.033493 3.817138
28.106271 -0.956876 0.033493 3.817138
28.188146 -0.956876 0.033493 3.817138
28.268146 -0.956876 0.033493 3.817138
28.353041 -0.956876 0.033493 3.817138
28.433229 -0.956876 0.033493 3.817138
28.517282 -0.956876 0.033493 3.817138
28.603151 -0.956876 0.033493 3.817138
28.693215 -0.956876 0.033493 3.817138
28.775558 -0.956876 0.033493 3.817138
28.859767 -0.956876 0.033493 3.817138
28.939995 -0.956876 0.033493 3.817138
29.023890 -0.956876 0.033493 3.817138
29.106277 -0.956876 0.033493 3.817138
29.185389 -0.956876 0.033493 3.817138
29.266367 -0.956876 0.033493 3.817138
29.348149 -0.956876 0.033493 3.817138
29.432425 -0.956876 0.033493 3.817138
29.517141 -0.956876 0.033493 3.817138
29.599831 -0.956876 0.033493 3.817138
29.682938 -0.956876 0.033493 3.817138
29.763910 -0.956876 0.033493 3.817138
29.848757 -0.956876 0.033493 3.817138
29.932093 -0.956876 0.033493 3.817138
30.016081 -0.956876 0.033493 3.817138
30.095688 -0.956876 0.033493 3.817138
30.178149 -0.956876 0.033493 3.817138
30.259887 -0.956876 0.033493 3.817138
30.342973 -0.956876 0.033493 3.817138
30.423427 -0.956876 0.033493 3.817138
30.505987 -0.956876 0.033493 3.817138
30.588740 -0.956876 0.033493 3.817138
30.671404 -0.956876 0.033493 3.817138
30.763109 -0.956876 0.033493 3.817138
30.843931 -0.956876 0.033493 3.817138
30.925539 -0.956876 0.033493 3.817138
31.008141 -0.956876 0.033493 3.817138
31.092428 -0.956876 0.033493 3.817138
31.173548 -0.956876 0.033493 3.817138
31.253831 -0.956876 0.033493 3.817138
31.336107 -0.956876 0.033493 3.817138
31.417145 -0.956876 0.033493 3.817138
31.503817 -0.956876 0.033493 3.817138
31.588464 -0.956876 0.033493 3.817138
31.670866 -0.956876 0.033493 3.817138
31.753163 -0.956876 0.033493 3.817138
31.833206 -0.956876 0.033493 3.817138
31.916336 -0.956876 0.033493 3.817138
32.000022 -0.956876 0.033493 3.817138
32.083236 -0.956876 0.033493 3.817138
32.163817 -0.956876 0.033493 3.817138
32.246099 -0.956876 0.033493 3.817138
32.326452 -0.956876 0.033493 3.817138
32.421509 -0.956876 0.033493 3.817138
32.516817 -0.956876 0.033493 3.817138
32.596263 -0.956876 0.033493 3.817138
32.676849 -0.956876 0.033493 3.817138
32.766944 -0.956876 0.033493 3.817138
32.862326 -0.956876 0.033493 3.817138
32.943229 -0.956876 0.033493 3.817138
33.026444 -0.956876 0.033493 3.817138
33.112759 -0.956876 0.033493 3.817138
33.193208 -0.956876 0.033493 3.817138
33.273259 -0.956876 0.033493 3.817138
33.353209 -0.956876 0.033493 3.817138
33.437181 -0.956876 0.033493 3.817138
33.519955 -0.956876 0.033493 3.817138
33.603166 -0.956876 0.033493 3.817138
33.683847 -0.956876 0.033493 3.817138
33.763846 -0.956876 0.033493 3.817138
33.848840 -0.956876 0.033493 3.817138
33.932431 -0.956876 0.033493 3.817138
34.013618 -0.957250 0.033193 3.817138
34.097386 -0.958936 0.031842 3.814314
34.180820 -0.960813 0.030347 3.814314
