0.011813 0.000000 0.000000 0.000000
0.105286 0.007439 0.000000 -0.031057
0.188468 0.024710 -0.000537 -0.093170
0.271700 0.043347 -0.002278 -0.155283
0.354554 0.063263 -0.005396 -0.228689
0.446989 0.085234 -0.010510 -0.302096
0.542092 0.107688 -0.017507 -0.381149
0.593940 0.118826 -0.021970 -0.420676
0.686460 0.137884 -0.030497 -0.496906
0.770134 0.156237 -0.040450 -0.567489
0.851228 0.173439 -0.051414 -0.632425
0.933552 0.190086 -0.063614 -0.700185
1.014200 0.205501 -0.076603 -0.767945
1.098155 0.220520 -0.091107 -0.832881
1.181315 0.234404 -0.106376 -0.900641
1.261893 0.246925 -0.122175 -0.962754
1.344930 0.258852 -0.139312 -1.027691
1.426533 0.269394 -0.156775 -1.098274
1.511870 0.279115 -0.175793 -1.168857
1.595891 0.287283 -0.195008 -1.233794
1.680366 0.294266 -0.214938 -1.301554
1.763285 0.299756 -0.234833 -1.363667
1.843704 0.303951 -0.254796 -1.428603
1.922944 0.306841 -0.274988 -1.493540
2.008046 0.308545 -0.297001 -1.566946
2.090546 0.308625 -0.317639 -1.634706
2.171790 0.307291 -0.338475 -1.699643
2.257693 0.304516 -0.359895 -1.767403
2.343775 0.300391 -0.380606 -1.835162
2.425980 0.294998 -0.400528 -1.897276
2.525027 0.287071 -0.423940 -1.950919
2.611311 0.279324 -0.443328 -1.981975
2.694080 0.271267 -0.461807 -2.004562
2.776559 0.262996 -0.479663 -2.021502
2.857893 0.254320 -0.497592 -2.029972
2.940560 0.245598 -0.515233 -2.041265
3.023961 0.236351 -0.533415 -2.044089
3.107759 0.227272 -0.551144 -2.052559
3.187806 0.218376 -0.568157 -2.052559
3.270155 0.209036 -0.586021 -2.052559
3.351853 0.199807 -0.603673 -2.049735
3.434369 0.190075 -0.622415 -2.049735
3.523013 0.180564 -0.640732 -2.049735
3.606451 0.171163 -0.658835 -2.052559
3.687344 0.162046 -0.676274 -2.058205
3.771183 0.152380 -0.694509 -2.063852
3.854187 0.142838 -0.712266 -2.063852
3.937336 0.133297 -0.730024 -2.058205
4.018026 0.124305 -0.746987 -2.052559
4.100559 0.115966 -0.762937 -2.049735
4.183704 0.107782 -0.778697 -2.044089
4.269525 0.100234 -0.793436 -2.041265
4.351324 0.093489 -0.806698 -2.035619
4.444275 0.086282 -0.821071 -2.038442
4.531498 0.080548 -0.832425 -2.041265
4.626343 0.074891 -0.843548 -2.041265
4.707230 0.070431 -0.852318 -2.038442
4.791143 0.065996 -0.861101 -2.035619
4.875081 0.061800 -0.869468 -2.032795
4.957835 0.058377 -0.876342 -2.021502
5.041173 0.055241 -0.882823 -2.015855
5.121887 0.052555 -0.888454 -2.015855
5.205927 0.049972 -0.893869 -2.013032
5.291175 0.047302 -0.899509 -2.013032
5.374468 0.044940 -0.904497 -2.015855
5.456264 0.042873 -0.908829 -2.015855
5.511216 0.041634 -0.911429 -2.010209
5.567733 0.040511 -0.913818 -2.007385
5.626059 0.039496 -0.915992 -2.007385
5.710113 0.037974 -0.919254 -2.004562
5.797173 0.036562 -0.922303 -1.998915
5.879508 0.035167 -0.925360 -1.998915
5.961188 0.033872 -0.928198 -1.996092
6.043928 0.032485 -0.931258 -1.996092
6.124932 0.031396 -0.933663 -1.998915
6.207912 0.030300 -0.936064 -2.001739
6.292515 0.029097 -0.938681 -2.001739
6.374394 0.028095 -0.940861 -2.001739
6.457442 0.027193 -0.942824 -1.998915
6.541119 0.026196 -0.945007 -1.998915
6.624257 0.025300 -0.946972 -2.001739
6.716204 0.024397 -0.948934 -2.004562
6.798387 0.023691 -0.950459 -2.007385
6.881071 0.022880 -0.952198 -2.007385
6.961894 0.022271 -0.953503 -2.007385
7.043363 0.021662 -0.954808 -2.007385
7.124482 0.021256 -0.955678 -2.007385
