0.013248 0.000000 0.000000 0.000000
0.065274 0.001440 0.000000 0.000000
0.159639 0.016559 0.000000 0.042350
0.239678 0.034541 0.000762 0.101640
0.322803 0.054118 0.002759 0.163753
0.412108 0.075191 0.006241 0.228689
0.499573 0.095994 0.011083 0.299273
0.581370 0.115485 0.017097 0.364209
0.663977 0.134322 0.024277 0.420676
0.744206 0.152723 0.032510 0.477142
0.824753 0.170630 0.041767 0.533609
0.905443 0.188192 0.052143 0.592899
0.989064 0.205507 0.063809 0.657835
1.069661 0.221079 0.075841 0.719948
1.152117 0.236416 0.089290 0.784885
1.233225 0.250508 0.103368 0.844175
1.314252 0.263900 0.118435 0.906288
1.395663 0.276479 0.134493 0.965578
1.478878 0.287948 0.151071 1.033338
1.562063 0.298514 0.168799 1.089804
1.642290 0.307952 0.186883 1.149094
1.724005 0.315908 0.204619 1.202737
1.806708 0.323334 0.223875 1.264850
1.888136 0.329406 0.243098 1.321317
1.968992 0.334383 0.262632 1.383430
2.049792 0.338093 0.282202 1.442720
2.132161 0.340699 0.302434 1.507656
2.226651 0.342152 0.325426 1.575416
2.310177 0.342057 0.346065 1.637530
2.391313 0.340729 0.365939 1.702466
2.445246 0.339216 0.377358 1.736346
2.501659 0.337318 0.388720 1.770226
2.588899 0.333182 0.409185 1.829516
2.669623 0.328024 0.428672 1.885982
2.750160 0.321775 0.447838 1.931155
2.833938 0.314498 0.467151 1.970682
2.914661 0.307024 0.484835 1.998915
2.995686 0.298954 0.502519 2.029972
3.076085 0.290126 0.520374 2.049735
3.158224 0.281057 0.537839 2.061029
3.242753 0.271453 0.555835 2.069498
3.326073 0.261582 0.573960 2.075145
3.414064 0.251260 0.592659 2.077968
3.498087 0.241236 0.610699 2.083615
3.583059 0.231346 0.628265 2.094908
3.665853 0.221377 0.645510 2.103378
3.749458 0.211142 0.662876 2.109025
3.832168 0.200562 0.680597 2.109025
3.913980 0.190598 0.697287 2.111848
3.995871 0.180091 0.714772 2.109025
4.075833 0.170004 0.731668 2.109025
4.158907 0.159547 0.749183 2.111848
4.242644 0.149288 0.766257 2.114672
4.333173 0.139230 0.782890 2.117495
4.419602 0.129998 0.798061 2.123142
4.502279 0.121687 0.811544 2.128788
4.585648 0.114317 0.823352 2.134435
4.668944 0.107394 0.834306 2.140082
4.751437 0.100796 0.844615 2.137258
4.835722 0.094486 0.854538 2.134435
4.919614 0.088973 0.863261 2.131612
5.003025 0.083739 0.871593 2.128788
5.088163 0.078784 0.879533 2.131612
5.174947 0.074699 0.886036 2.131612
5.276724 0.070487 0.892742 2.134435
5.438818 0.064076 0.902885 2.134435
5.583732 0.058948 0.911000 2.145728
5.704286 0.055946 0.915632 2.148552
5.825180 0.052408 0.921060 2.157022
5.945391 0.049487 0.925458 2.162668
6.028912 0.047746 0.928047 2.159845
6.091620 0.046280 0.930242 2.157022
6.148283 0.044952 0.932241 2.151375
6.213814 0.043636 0.934248 2.151375
6.296722 0.042056 0.936655 2.151375
6.394807 0.040345 0.939264 2.154198
6.458929 0.039287 0.940866 2.154198
6.521612 0.038362 0.942268 2.157022
6.585474 0.037433 0.943668 2.159845
6.652046 0.036633 0.944865 2.159845
6.768767 0.035299 0.946860 2.165492
6.882108 0.033955 0.948848 2.165492
7.010683 0.032610 0.950836 2.165492
7.081227 0.031938 0.951830 2.168315
7.139217 0.031398 0.952624 2.168315
7.203558 0.030723 0.953616 2.165492
7.270650 0.030320 0.954212 2.162668
7.356124 0.029382 0.955606 2.165492
7.409239 0.028979 0.956202 2.168315
7.465273 0.028709 0.956599 2.168315
7.523749 0.028169 0.957393 2.168315
7.613916 0.027629 0.958186 2.168315
7.696689 0.026954 0.959178 2.165492
