0.014266 0.000000 0.000000 0.000000
0.106064 0.007679 0.000000 -0.011293
0.189134 0.024717 -0.000192 -0.014117
0.269522 0.043434 -0.000457 -0.019763
0.351022 0.064548 -0.000874 -0.019763
0.434925 0.085903 -0.001296 -0.016940
0.516767 0.107498 -0.001662 -0.016940
0.600769 0.130773 -0.002056 -0.019763
0.684165 0.153087 -0.002497 -0.022587
0.771095 0.175880 -0.003012 -0.019763
0.854932 0.198433 -0.003458 -0.019763
0.934909 0.220268 -0.003890 -0.016940
1.016578 0.242583 -0.004268 -0.014117
1.096004 0.264419 -0.004576 -0.016940
1.178020 0.286254 -0.004946 -0.019763
1.259891 0.308568 -0.005387 -0.016940
1.341024 0.330644 -0.005761 -0.016940
1.424361 0.353199 -0.006143 -0.011293
1.507387 0.375996 -0.006400 -0.014117
1.591014 0.399032 -0.006726 -0.014117
1.683436 0.423748 -0.007075 -0.016940
1.769036 0.446303 -0.007457 -0.016940
1.854648 0.468858 -0.007839 -0.011293
1.935997 0.490935 -0.008088 -0.005647
2.018924 0.513013 -0.008213 -0.005647
2.100670 0.534851 -0.008336 0.002823
2.184328 0.556209 -0.008276 0.000000
2.268948 0.577088 -0.008276 -0.002823
2.350940 0.596526 -0.008331 0.005647
2.434409 0.616205 -0.008220 0.011293
2.516342 0.635882 -0.007997 0.011293
2.599307 0.655799 -0.007772 0.008470
2.684310 0.675717 -0.007604 0.000000
2.780996 0.697316 -0.007604 -0.005647
2.834534 0.710035 -0.007676 0.002823
2.924310 0.729953 -0.007619 0.005647
3.007531 0.747711 -0.007519 0.005647
3.089596 0.763550 -0.007430 0.005647
3.174196 0.779149 -0.007342 0.008470
3.254846 0.793067 -0.007224 0.008470
3.337421 0.805546 -0.007118 0.014117
3.419246 0.817544 -0.006949 0.014117
3.500561 0.828822 -0.006789 0.016940
3.586566 0.839380 -0.006610 0.016940
3.672142 0.849217 -0.006444 0.019763
3.770982 0.859775 -0.006235 0.025410
3.850977 0.867692 -0.006034 0.028233
3.934283 0.874888 -0.005831 0.033880
4.017039 0.881604 -0.005603 0.039527
4.099299 0.887359 -0.005375 0.039527
4.184114 0.893354 -0.005138 0.042350
4.265097 0.898389 -0.004925 0.045173
4.347101 0.902944 -0.004719 0.047997
4.429245 0.907019 -0.004523 0.050820
4.510550 0.911093 -0.004316 0.053643
4.595516 0.914448 -0.004136 0.059290
4.677196 0.917802 -0.003937 0.064937
4.766500 0.921155 -0.003719 0.064937
4.849615 0.924029 -0.003532 0.064937
4.930938 0.926902 -0.003345 0.064937
5.013618 0.929537 -0.003174 0.062113
5.094281 0.932171 -0.003010 0.059290
5.175604 0.934567 -0.002868 0.053643
5.258411 0.937203 -0.002726 0.050820
5.339466 0.939360 -0.002617 0.053643
5.423411 0.941277 -0.002514 0.053643
5.505201 0.942715 -0.002436 0.053643
5.589228 0.944153 -0.002359 0.053643
5.669457 0.945351 -0.002295 0.056467
5.765157 0.946549 -0.002227 0.059290
5.851546 0.947747 -0.002156 0.062113
5.934335 0.948944 -0.002082 0.059290
6.017559 0.949902 -0.002025 0.059290
6.100234 0.950861 -0.001968 0.059290
