0.015950 0.000000 0.000000 0.000000
0.105573 0.006960 0.000000 0.014117
0.190232 0.024716 0.000251 0.070583
0.273863 0.044107 0.001622 0.129873
0.326389 0.055529 0.003113 0.163753
0.382652 0.067604 0.005109 0.200456
0.442762 0.081244 0.007880 0.251276
0.540300 0.103559 0.013608 0.319036
0.626490 0.124068 0.020383 0.381149
0.706776 0.142334 0.027703 0.437616
0.793845 0.162332 0.037059 0.499729
0.873523 0.180447 0.046949 0.556195
0.954823 0.197975 0.057845 0.618309
1.035718 0.214401 0.069530 0.669128
1.118495 0.230777 0.082481 0.717125
1.200231 0.246332 0.096046 0.762298
1.283445 0.261086 0.110132 0.793355
1.364082 0.274889 0.124158 0.810295
1.448417 0.289281 0.139284 0.824411
1.528525 0.302479 0.153555 0.832881
1.609426 0.315879 0.168292 0.835705
1.689993 0.329077 0.182889 0.841351
1.774681 0.343151 0.198634 0.841351
1.856019 0.356426 0.213484 0.849821
1.937293 0.369575 0.228446 0.852645
2.018687 0.382681 0.243445 0.861115
2.110268 0.397067 0.260193 0.861115
2.193962 0.410203 0.275485 0.861115
2.275214 0.423338 0.290776 0.861115
2.358484 0.436473 0.306068 0.855468
2.438727 0.449537 0.321104 0.858291
2.520250 0.462715 0.336359 0.858291
2.602611 0.476050 0.351795 0.861115
2.683475 0.488873 0.366722 0.866761
2.769514 0.502543 0.382820 0.866761
2.852624 0.515746 0.398368 0.869585
2.935940 0.528752 0.413770 0.869585
3.016778 0.541912 0.429356 0.866761
3.098467 0.554805 0.444539 0.863938
3.185788 0.568520 0.460597 0.863938
3.267490 0.581456 0.475744 0.866761
3.348722 0.594350 0.490926 0.863938
3.429420 0.607130 0.505890 0.869585
3.510152 0.619980 0.521109 0.878055
3.593509 0.632701 0.536436 0.886525
3.674791 0.645444 0.552057 0.880878
3.756615 0.658274 0.567605 0.880878
3.839258 0.671104 0.583153 0.880878
3.918613 0.683324 0.597961 0.880878
4.004111 0.696154 0.613509 0.886525
4.089102 0.709655 0.630060 0.889348
4.182629 0.723714 0.647393 0.886525
4.263454 0.736305 0.662828 0.889348
4.346821 0.749456 0.679044 0.886525
4.429475 0.762199 0.694664 0.886525
4.513576 0.775093 0.710470 0.889348
4.596373 0.787942 0.726313 0.886525
4.676339 0.800078 0.741190 0.886525
4.760283 0.813124 0.757182 0.886525
4.841818 0.825108 0.771873 0.889348
4.923497 0.837050 0.786597 0.892171
5.004121 0.848047 0.800234 0.889348
5.084147 0.858024 0.812536 0.894995
5.166658 0.867331 0.824144 0.894995
5.249343 0.876038 0.835004 0.894995
5.303675 0.880992 0.841183 0.897818
5.365878 0.885928 0.847376 0.900641
5.422836 0.890400 0.853018 0.906288
5.516053 0.897355 0.861897 0.914758
5.600158 0.903796 0.870265 0.920405
5.682662 0.909463 0.877713 0.923228
5.765265 0.914964 0.884986 0.928874
5.845262 0.919706 0.891329 0.931698
5.929113 0.924000 0.897108 0.931698
6.010214 0.928008 0.902501 0.931698
6.090144 0.931730 0.907509 0.931698
6.174113 0.935452 0.912517 0.931698
6.267138 0.939174 0.917526 0.931698
6.356526 0.942609 0.922148 0.931698
6.439571 0.945472 0.926001 0.931698
6.523546 0.948048 0.929468 0.931698
6.606375 0.950482 0.932742 0.934521
6.688437 0.952478 0.935445 0.928874
6.771082 0.954490 0.938136 0.928874
6.854748 0.956214 0.940442 0.928874
6.940127 0.957938 0.942749 0.928874
7.020649 0.959519 0.944863 0.931698
7.100167 0.960950 0.946789 0.931698
7.183466 0.962382 0.948715 0.931698
7.263518 0.963670 0.950449 0.934521
7.346377 0.964811 0.951993 0.934521
7.430155 0.965666 0.953151 0.934521
7.510818 0.966522 0.954309 0.934521
7.593476 0.967235 0.955275 0.937344
7.675774 0.967803 0.956048 0.937344
7.755908 0.968087 0.956435 0.942991
7.836719 0.968651 0.957212 0.942991
7.919438 0.969356 0.958183 0.945814
8.002666 0.969918 0.958962 0.945814
8.084191 0.970479 0.959740 0.945814
