0.000530 0.000000 0.000000 0.000000
0.091613 0.006720 0.000000 -0.005647
0.176519 0.021838 -0.000085 -0.008470
0.256636 0.038636 -0.000228 -0.014117
0.338368 0.056393 -0.000478 -0.025410
0.420218 0.073906 -0.000923 -0.033880
0.503175 0.091655 -0.001525 -0.045173
0.586094 0.108676 -0.002294 -0.064937
0.666075 0.124721 -0.003338 -0.090346
0.746948 0.140974 -0.004810 -0.124226
0.837561 0.159548 -0.007130 -0.180693
0.898738 0.169699 -0.008984 -0.223043
0.955453 0.179763 -0.011267 -0.271039
1.044993 0.195717 -0.015700 -0.352916
1.129215 0.210355 -0.021091 -0.429146
1.214215 0.223666 -0.027183 -0.505375
1.296030 0.235845 -0.033921 -0.584429
1.378281 0.247254 -0.041468 -0.660658
1.460364 0.257297 -0.049273 -0.742535
1.543387 0.265960 -0.057224 -0.824411
1.625998 0.273619 -0.065505 -0.906288
1.706084 0.279686 -0.073251 -0.982518
1.788895 0.284747 -0.080837 -1.061571
1.868466 0.288608 -0.087752 -1.137801
1.952393 0.291528 -0.094069 -1.214030
2.033174 0.293623 -0.099691 -1.284614
2.116910 0.295249 -0.105216 -1.352374
2.199429 0.296289 -0.109902 -1.414487
2.281539 0.296887 -0.113694 -1.470953
2.365061 0.297126 -0.116082 -1.533066
2.449226 0.297190 -0.117761 -1.592356
2.530891 0.297179 -0.118241 -1.648823
2.613414 0.297217 -0.117762 -1.705289
2.695978 0.297410 -0.116335 -1.767403
2.780866 0.298019 -0.113276 -1.826692
2.879450 0.299173 -0.108865 -1.891629
2.964164 0.300687 -0.104310 -1.953742
3.048510 0.302749 -0.099190 -2.018679
3.130683 0.305347 -0.093782 -2.089262
3.213432 0.308677 -0.087946 -2.162668
3.298923 0.312962 -0.081573 -2.236075
3.380654 0.318295 -0.074776 -2.309481
3.466058 0.324758 -0.067678 -2.382888
3.546075 0.332247 -0.060579 -2.453471
3.629374 0.340774 -0.053568 -2.526877
3.711081 0.350185 -0.046925 -2.600284
3.793169 0.360468 -0.040742 -2.673690
3.877177 0.371606 -0.035114 -2.741450
3.959613 0.384204 -0.029785 -2.817680
4.043177 0.396945 -0.025508 -2.896733
4.126071 0.410448 -0.022133 -2.975786
4.207034 0.423466 -0.019955 -3.046370
4.291580 0.437084 -0.018654 -3.122599
4.373142 0.450760 -0.018395 -3.193183
4.453463 0.463942 -0.019075 -3.269412
4.536819 0.477509 -0.020819 -3.345642
4.620399 0.491139 -0.023639 -3.419049
4.703186 0.504064 -0.027321 -3.492455
4.792493 0.517361 -0.032187 -3.574332
4.874203 0.529343 -0.037722 -3.650561
4.966122 0.541288 -0.044388 -3.732438
5.058751 0.552250 -0.051740 -3.814314
5.141609 0.561447 -0.059068 -3.890544
5.224177 0.569356 -0.066421 -3.961127
5.308444 0.576727 -0.074313 -4.037357
5.391295 0.582726 -0.081807 -4.110764
5.473485 0.587616 -0.088929 -4.184170
5.556064 0.591486 -0.095562 -4.257577
5.638783 0.594333 -0.101383 -4.333807
5.719165 0.596550 -0.106958 -4.404390
5.802976 0.598223 -0.112218 -4.469326
5.899086 0.599610 -0.117808 -4.537086
5.979140 0.600321 -0.121825 -4.590729
6.064072 0.600671 -0.124684 -4.647196
6.146902 0.600780 -0.126360 -4.706486
6.228650 0.600784 -0.127080 -4.765776
6.312571 0.600797 -0.126840 -4.819419
6.398464 0.600951 -0.125409 -4.881532
6.483497 0.601395 -0.122807 -4.940822
6.569209 0.602265 -0.119067 -4.997288
6.652981 0.603546 -0.114691 -5.056578
6.738568 0.605409 -0.109495 -5.115868
6.823509 0.607576 -0.104418 -5.180805
6.905943 0.610285 -0.099065 -5.251388
6.988322 0.613610 -0.093504 -5.327618
7.078522 0.618181 -0.087037 -5.415141
7.159123 0.623920 -0.080261 -5.491370
7.242567 0.630833 -0.073259 -5.567600
7.323525 0.638621 -0.066489 -5.638183
7.407419 0.648017 -0.059420 -5.720060
7.489066 0.657961 -0.053142 -5.796290
7.570910 0.669202 -0.047191 -5.872520
7.653325 0.681083 -0.042018 -5.945926
7.735991 0.694218 -0.037412 -6.024979
7.816969 0.707908 -0.033796 -6.095562
7.906031 0.722054 -0.031111 -6.174616
7.986790 0.736607 -0.029524 -6.250845
8.069228 0.752198 -0.029020 -6.332722
8.152993 0.767777 -0.029793 -6.414598
8.235987 0.783004 -0.031805 -6.493651
8.316876 0.797789 -0.034964 -6.569881
8.403197 0.813902 -0.039714 -6.654581
8.484385 0.827990 -0.045201 -6.736458
8.566696 0.841583 -0.051822 -6.812687
8.652033 0.854631 -0.059458 -6.888917
8.736050 0.866468 -0.067657 -6.962324
8.823322 0.877299 -0.076399 -7.041377
8.906691 0.886882 -0.085475 -7.123253
8.988577 0.895051 -0.094590 -7.199483
9.075993 0.902502 -0.104299 -7.281360
9.169353 0.908743 -0.113981 -7.371706
9.253183 0.912973 -0.122060 -7.450759
9.336078 0.915892 -0.128903 -7.532636
9.419124 0.917938 -0.135051 -7.608866
9.503531 0.919278 -0.140406 -7.673802
9.585953 0.920095 -0.144892 -7.733092
9.669282 0.920587 -0.148941 -7.786735
9.749281 0.920748 -0.151336 -7.843202
9.834220 0.920761 -0.152536 -7.902492
9.917995 0.920761 -0.152536 -7.958958
10.004083 0.920912 -0.151104 -8.021071
10.090791 0.921311 -0.148737 -8.083184
10.173163 0.922184 -0.144998 -8.145298
10.256412 0.923631 -0.140171 -8.204587
10.340885 0.925692 -0.134536 -8.275171
10.430147 0.928341 -0.128623 -8.351400
10.513997 0.931891 -0.122085 -8.433277
10.596561 0.936751 -0.114654 -8.509507
10.678922 0.942896 -0.106664 -8.582913
10.760911 0.950408 -0.098251 -8.659143
10.845969 0.959405 -0.089603 -8.732550
10.900836 0.965502 -0.084549 -8.774899
10.995959 0.977539 -0.075400 -8.851129
11.079914 0.990237 -0.067195 -8.921712
11.166116 1.004534 -0.059328 -8.995119
11.260917 1.021115 -0.051730 -9.068525
11.346893 1.037534 -0.045620 -9.139109
11.429127 1.054343 -0.040684 -9.209692
11.510915 1.071927 -0.036842 -9.280275
11.596948 1.090925 -0.034077 -9.353681
11.679359 1.109836 -0.032731 -9.424265
11.761941 1.129515 -0.032721 -9.497671
11.846816 1.149380 -0.034171 -9.573901
11.928865 1.169315 -0.037166 -9.647307
12.019432 1.190147 -0.041880 -9.723537
12.103195 1.209642 -0.047884 -9.799767
12.186651 1.228176 -0.055179 -9.870350
12.268866 1.245934 -0.063660 -9.938110
12.355904 1.263494 -0.073560 -10.011517
12.441075 1.278882 -0.083791 -10.082100
12.526060 1.293511 -0.095081 -10.158330
12.613173 1.306880 -0.107131 -10.234559
12.696832 1.317803 -0.118601 -10.307966
12.779585 1.327704 -0.130655 -10.384196
12.842567 1.333489 -0.138909 -10.440662
12.902933 1.337915 -0.146048 -10.488659
12.970549 1.341992 -0.153391 -10.542302
13.032935 1.345145 -0.159863 -10.593122
13.093439 1.347401 -0.165163 -10.638295
13.179159 1.350423 -0.173256 -10.711702
13.273586 1.352573 -0.180629 -10.796401
13.361526 1.353665 -0.186039 -10.866985
13.446050 1.354250 -0.190561 -10.926274
13.529488 1.354450 -0.193434 -10.982741
13.616823 1.354468 -0.194874 -11.044854
13.698380 1.354468 -0.194874 -11.101321
13.781096 1.354645 -0.193203 -11.160611
13.864267 1.355197 -0.189889 -11.217077
13.946229 1.356199 -0.185441 -11.276367
14.033027 1.357795 -0.179907 -11.344127
14.115981 1.360172 -0.173366 -11.414710
14.199078 1.363590 -0.165693 -11.490940
14.281080 1.368153 -0.157248 -11.569993
14.366684 1.374282 -0.147779 -11.646223
14.450899 1.382422 -0.137086 -11.725276
14.533144 1.392021 -0.126353 -11.798682
14.618099 1.403763 -0.115020 -11.877736
14.703484 1.417845 -0.103430 -11.956789
14.787410 1.433192 -0.092713 -12.035842
14.882845 1.453478 -0.080813 -12.126188
14.964009 1.471932 -0.072121 -12.202418
15.047032 1.492564 -0.064262 -12.281471
15.129078 1.514904 -0.057719 -12.363348
15.217990 1.539115 -0.052735 -12.450871
15.298684 1.563191 -0.049942 -12.527101
15.389913 1.589329 -0.048915 -12.614624
15.471210 1.614019 -0.050107 -12.696500
15.553331 1.638528 -0.053315 -12.778377
15.644001 1.665273 -0.059071 -12.868723
15.726177 1.688870 -0.066432 -12.950600
15.808878 1.712231 -0.075877 -13.038123
15.900852 1.735746 -0.087874 -13.134116
15.983059 1.755372 -0.100391 -13.215992
16.066530 1.773145 -0.113891 -13.297869
16.148486 1.788861 -0.127998 -13.376922
16.231467 1.802256 -0.142085 -13.458799
16.314219 1.813701 -0.156285 -13.537852
16.397234 1.823041 -0.169958 -13.619728
16.482268 1.830520 -0.183098 -13.701605
16.569328 1.835887 -0.194629 -13.783481
16.656477 1.839627 -0.204760 -13.865358
16.739010 1.841818 -0.212620 -13.944411
16.826089 1.842967 -0.218508 -14.020641
16.905917 1.843525 -0.223276 -14.077107
16.989091 1.843698 -0.226150 -14.139220
17.073136 1.843695 -0.227350 -14.198510
17.153505 1.843725 -0.226871 -14.254977
17.245995 1.844007 -0.224488 -14.317090
17.329445 1.844737 -0.220474 -14.376380
17.419402 1.846101 -0.214878 -14.444140
17.508829 1.848132 -0.208473 -14.517546
17.592695 1.850983 -0.201342 -14.590953
17.680177 1.855507 -0.192068 -14.667182
17.764009 1.861573 -0.181715 -14.740589
17.849152 1.869335 -0.170451 -14.811172
17.933153 1.878921 -0.158451 -14.884579
18.013188 1.890177 -0.146306 -14.960808
18.096067 1.903557 -0.133912 -15.034215
18.179129 1.919123 -0.121484 -15.104798
18.263156 1.936515 -0.109505 -15.178205
18.344321 1.955567 -0.098348 -15.245964
18.430813 1.977694 -0.087330 -15.327841
18.513147 1.999979 -0.078426 -15.401247
18.596894 2.022858 -0.071180 -15.474654
18.677065 2.045505 -0.065798 -15.550884
18.760791 2.070156 -0.061894 -15.624290
18.850189 2.096223 -0.059708 -15.706167
18.931111 2.120221 -0.059665 -15.779573
19.013162 2.144637 -0.061416 -15.852980
19.093447 2.168621 -0.064919 -15.929209
19.175979 2.192502 -0.070290 -16.008263
19.258016 2.215197 -0.077318 -16.078846
19.339084 2.237787 -0.086103 -16.155076
19.421107 2.260292 -0.096894 -16.234129
19.513181 2.283535 -0.110393 -16.313182
19.599122 2.303862 -0.124456 -16.389412
19.684043 2.321942 -0.139119 -16.465641
19.767261 2.337806 -0.154128 -16.536225
19.847153 2.351274 -0.168803 -16.606808
19.929613 2.362927 -0.183452 -16.680214
20.013147 2.372933 -0.198124 -16.759267
20.096888 2.380319 -0.211040 -16.832674
20.179070 2.386014 -0.222947 -16.903257
20.263032 2.390414 -0.234110 -16.982310
20.346934 2.393078 -0.242832 -17.055717
20.433023 2.394724 -0.250087 -17.131947
20.516454 2.395531 -0.255547 -17.196883
20.598131 2.395845 -0.259374 -17.253350
20.680464 2.395894 -0.261293 -17.315463
20.763188 2.395885 -0.261533 -17.374753
20.850842 2.396069 -0.259622 -17.436866
20.910293 2.396409 -0.257489 -17.473569
20.999104 2.397432 -0.252309 -17.535682
21.082369 2.398895 -0.246739 -17.603442
21.164252 2.400962 -0.240598 -17.679672
21.253201 2.404802 -0.231539 -17.761548
21.336509 2.409927 -0.221761 -17.840602
21.419459 2.416959 -0.210591 -17.916831
21.506623 2.426679 -0.197483 -17.995885
21.597492 2.439139 -0.183194 -18.083408
21.689069 2.454184 -0.168718 -18.165284
21.771200 2.470734 -0.155217 -18.241514
21.862929 2.490825 -0.141233 -18.326214
21.953243 2.513690 -0.128040 -18.410914
22.051098 2.539979 -0.115707 -18.509730
22.148187 2.566677 -0.106268 -18.605723
22.234397 2.591596 -0.100069 -18.693246
22.326574 2.618620 -0.095810 -18.783593
22.419101 2.646158 -0.093991 -18.882409
22.515074 2.675180 -0.094945 -18.981226
22.616098 2.703491 -0.098694 -19.074395
22.713142 2.731798 -0.105168 -19.173212
22.809189 2.758873 -0.114251 -19.266382
22.897151 2.782353 -0.124647 -19.353905
22.978364 2.803994 -0.136591 -19.435781
23.064240 2.825584 -0.150930 -19.520481
23.145992 2.844569 -0.165999 -19.602357
23.229522 2.861557 -0.181914 -19.684234
23.314181 2.876219 -0.198098 -19.766110
23.396874 2.888049 -0.213523 -19.842340
23.479111 2.897752 -0.228397 -19.927040
23.560561 2.904911 -0.241713 -20.003270
23.657254 2.910939 -0.255316 -20.099263
23.744300 2.914422 -0.265791 -20.183963
23.829481 2.916390 -0.273957 -20.265839
23.913171 2.917350 -0.280122 -20.339246
23.996694 2.917700 -0.284428 -20.401359
24.079168 2.917745 -0.286827 -20.463472
24.161204 2.917745 -0.286827 -20.519939
24.248512 2.917936 -0.284917 -20.582052
24.330478 2.918477 -0.281601 -20.638518
24.416827 2.919672 -0.276212 -20.703455
24.498472 2.921348 -0.270451 -20.774038
24.579129 2.924091 -0.263022 -20.850268
24.665963 2.928392 -0.253642 -20.926498
24.751044 2.934442 -0.242728 -20.999904
24.834328 2.942196 -0.230881 -21.070487
24.920850 2.952219 -0.217700 -21.146717
25.003209 2.964013 -0.204423 -21.220124
25.086478 2.978127 -0.190710 -21.293530
25.169444 2.994679 -0.176835 -21.366937
25.256116 3.013763 -0.163090 -21.445990
25.338231 3.034077 -0.150770 -21.522220
25.419163 3.055271 -0.140033 -21.592803
25.500080 3.076948 -0.130910 -21.666209
25.582991 3.099690 -0.123249 -21.745262
25.672406 3.125527 -0.116765 -21.832786
25.766878 3.152543 -0.112450 -21.917485
25.850852 3.177672 -0.110596 -21.993715
25.910292 3.193991 -0.110638 -22.044535
25.966151 3.209808 -0.111483 -22.101002
26.067429 3.238670 -0.114666 -22.194171
26.149469 3.262646 -0.119602 -22.273225
26.233276 3.286387 -0.126482 -22.355101
26.315937 3.308589 -0.134939 -22.425684
26.398259 3.330575 -0.145143 -22.501914
26.483180 3.352976 -0.157696 -22.583791
26.563501 3.372683 -0.170966 -22.654374
26.649454 3.392728 -0.186628 -22.733427
26.733189 3.410236 -0.202687 -22.809657
26.814446 3.424667 -0.218107 -22.877417
26.903001 3.438020 -0.234468 -22.962116
26.984379 3.448181 -0.249324 -23.038346
27.066183 3.456100 -0.263041 -23.111753
27.149288 3.462157 -0.275573 -23.185159
27.233311 3.466483 -0.286508 -23.261389
27.317035 3.469254 -0.295447 -23.331972
27.398474 3.470950 -0.302691 -23.408202
27.479442 3.471758 -0.307908 -23.475962
27.566843 3.472129 -0.312212 -23.538075
27.656003 3.472181 -0.314371 -23.603011
27.739529 3.472171 -0.314611 -23.662301
27.833957 3.472388 -0.312462 -23.727238
27.919330 3.472980 -0.308911 -23.786528
28.000555 3.474262 -0.303296 -23.848641
28.088881 3.476163 -0.296851 -23.922047
28.172961 3.479207 -0.288766 -24.001101
28.256110 3.483798 -0.278991 -24.077330
28.341902 3.490304 -0.267507 -24.159207
28.426921 3.498806 -0.255005 -24.235437
28.506878 3.509135 -0.242062 -24.311666
28.589502 3.521890 -0.228362 -24.385073
28.673301 3.537024 -0.214330 -24.464126
28.757982 3.555102 -0.200048 -24.543179
28.839167 3.575248 -0.186572 -24.619409
28.924287 3.596153 -0.174787 -24.692816
29.007392 3.618735 -0.164158 -24.771869
29.093003 3.641637 -0.155515 -24.856569
29.173306 3.664956 -0.148905 -24.932798
29.259340 3.690358 -0.143758 -25.023145
29.341251 3.714690 -0.141080 -25.107845
29.423460 3.739640 -0.140459 -25.186898
29.506019 3.763843 -0.141771 -25.263128
29.587460 3.788351 -0.144985 -25.345004
29.673151 3.813453 -0.150395 -25.432527
29.753311 3.836381 -0.157482 -25.511580
29.839173 3.860684 -0.167156 -25.599103
29.929120 3.884049 -0.178918 -25.692273
30.013434 3.905405 -0.192293 -25.779796
30.099185 3.925892 -0.207772 -25.867320
30.184348 3.944414 -0.224501 -25.952019
30.271517 3.960143 -0.241334 -26.031072
30.359184 3.973597 -0.258231 -26.121419
30.442659 3.983625 -0.273465 -26.200472
30.523577 3.991145 -0.287132 -26.276702
30.606761 3.996808 -0.299583 -26.358578
30.688948 4.000704 -0.310424 -26.437632
30.773441 4.003163 -0.319454 -26.519508
30.860862 4.004393 -0.326060 -26.598561
30.918416 4.004795 -0.329879 -26.643734
31.014324 4.005025 -0.333712 -26.711494
31.100198 4.005013 -0.335152 -26.773607
31.183546 4.005064 -0.334434 -26.832897
31.269190 4.005404 -0.331816 -26.892187
31.354490 4.006259 -0.327337 -26.951477
31.438904 4.007614 -0.321986 -27.016413
31.521379 4.009756 -0.315365 -27.086997
31.603504 4.013078 -0.307130 -27.157580
31.691238 4.017920 -0.297209 -27.230986
31.773165 4.024442 -0.286011 -27.304393
31.855985 4.033126 -0.273343 -27.377799
31.939376 4.043913 -0.259845 -27.451206
32.031520 4.057946 -0.244711 -27.530259
32.113517 4.072777 -0.231058 -27.603665
32.196079 4.090073 -0.217336 -27.677072
32.278451 4.109321 -0.204245 -27.747655
32.358519 4.129653 -0.192423 -27.821062
32.441434 4.151875 -0.181599 -27.897291
32.523166 4.174187 -0.172763 -27.976345
32.606582 4.197587 -0.165576 -28.049751
32.689475 4.221918 -0.160018 -28.128804
32.772487 4.245663 -0.156538 -28.207857
32.853491 4.269608 -0.154944 -28.286911
32.934302 4.293605 -0.155246 -28.365964
33.019470 4.318458 -0.157529 -28.445017
33.103200 4.343054 -0.161769 -28.524070
33.183385 4.366075 -0.167641 -28.600300
33.269973 4.389946 -0.175710 -28.682176
33.359370 4.413078 -0.185704 -28.764053
33.447554 4.435738 -0.197782 -28.845929
33.529159 4.455316 -0.210375 -28.916512
33.614103 4.475686 -0.225611 -28.995566
33.701615 4.493529 -0.241299 -29.066149
33.783612 4.509040 -0.257011 -29.139555
33.869193 4.522735 -0.273087 -29.212962
33.953202 4.533937 -0.288382 -29.289192
34.039064 4.543056 -0.303059 -29.362598
34.134108 4.550962 -0.318152 -29.450121
34.217549 4.556042 -0.330335 -29.526351
34.303152 4.559276 -0.340134 -29.602581
34.386026 4.561235 -0.348054 -29.675987
34.466930 4.562205 -0.353732 -29.749394
34.549452 4.562664 -0.358510 -29.811507
34.633481 4.562744 -0.360908 -29.873620
34.716113 4.562724 -0.361628 -29.932910
34.799133 4.562850 -0.360193 -29.995023
34.886527 4.563424 -0.356397 -30.057136
34.972491 4.564585 -0.351001 -30.122073
35.056008 4.566291 -0.344999 -30.195479
35.139571 4.569009 -0.337560 -30.271709
35.223264 4.573180 -0.328384 -30.345116
35.308004 4.579047 -0.317644 -30.421346
35.393387 4.587285 -0.304966 -30.503222
35.476212 4.597412 -0.291865 -30.579452
35.556886 4.609312 -0.278683 -30.652858
35.648192 4.625615 -0.263092 -30.731911
35.731253 4.643471 -0.248534 -30.810965
35.815945 4.663408 -0.234749 -30.875901
