0.012565 0.000000 0.000000 0.000000
0.106312 0.007679 0.000000 0.016940
0.188581 0.026155 0.000313 0.070583
0.269354 0.047221 0.001802 0.132696
0.352235 0.068630 0.004660 0.194810
0.436321 0.090762 0.009027 0.268216
0.516736 0.111819 0.014814 0.333153
0.597025 0.132230 0.021878 0.395266
0.677611 0.152385 0.030286 0.460202
0.770566 0.174316 0.041158 0.533609
0.856242 0.194358 0.052998 0.604192
0.939045 0.212331 0.065405 0.669128
1.019237 0.229460 0.078951 0.717125
1.102361 0.246281 0.093619 0.759475
1.186308 0.262814 0.109317 0.796178
1.269329 0.278593 0.125439 0.813118
1.351452 0.293931 0.141652 0.827235
1.437594 0.308551 0.157550 0.838528
1.520010 0.323312 0.173969 0.844175
1.603083 0.337980 0.190470 0.849821
1.683593 0.352395 0.206875 0.858291
1.766946 0.366829 0.223582 0.858291
1.848400 0.381105 0.240108 0.861115
1.929463 0.395022 0.256310 0.858291
2.010613 0.409456 0.273017 0.858291
2.092949 0.423732 0.289543 0.861115
2.179260 0.438587 0.306837 0.858291
2.261292 0.452707 0.323181 0.858291
2.346242 0.467768 0.340615 0.863938
2.429410 0.482107 0.357403 0.863938
2.511289 0.496445 0.374192 0.863938
2.596131 0.510940 0.391163 0.861115
2.679331 0.525483 0.408093 0.858291
2.761466 0.539916 0.424800 0.863938
2.856562 0.555502 0.443049 0.863938
2.939604 0.569996 0.460020 0.866761
3.023513 0.584598 0.477214 0.866761
3.106257 0.598734 0.493861 0.869585
3.186938 0.612668 0.510363 0.869585
3.269258 0.626757 0.527049 0.872408
3.355912 0.641416 0.544510 0.869585
3.437031 0.655350 0.561012 0.875231
3.520531 0.669806 0.578330 0.880878
3.606759 0.684317 0.595914 0.883701
3.692910 0.698321 0.612983 0.883701
3.773027 0.712173 0.629866 0.886525
3.856276 0.726129 0.646974 0.886525
3.938452 0.739781 0.663711 0.886525
4.019495 0.753586 0.680633 0.883701
4.101980 0.767438 0.697516 0.886525
4.183044 0.781090 0.714252 0.892171
4.266164 0.794799 0.731252 0.889348
4.347389 0.808706 0.748399 0.889348
4.431269 0.822312 0.765174 0.889348
4.482840 0.830475 0.775239 0.894995
4.583033 0.845036 0.793401 0.892171
4.667257 0.857087 0.808346 0.897818
4.749329 0.868007 0.822045 0.900641
4.831921 0.877994 0.834646 0.909111
4.922416 0.887726 0.847142 0.914758
5.003021 0.895924 0.857792 0.920405
5.087016 0.903334 0.867532 0.923228
5.169240 0.910283 0.876719 0.928874
5.253079 0.916605 0.885177 0.928874
5.335495 0.922209 0.892673 0.926051
5.421264 0.927401 0.899578 0.926051
5.503034 0.932449 0.906291 0.928874
5.586948 0.936904 0.912250 0.931698
5.669370 0.941055 0.917836 0.934521
5.752627 0.944905 0.923047 0.937344
5.833087 0.948314 0.927689 0.942991
5.916715 0.951274 0.931768 0.945814
5.999179 0.954083 0.935661 0.945814
6.079621 0.956750 0.939358 0.942991
6.163062 0.959288 0.942854 0.942991
6.247960 0.961684 0.946156 0.945814
6.328023 0.963930 0.949270 0.945814
6.417143 0.966177 0.952384 0.945814
6.498603 0.968002 0.954914 0.948638
6.579242 0.969681 0.957254 0.948638
6.661609 0.971079 0.959204 0.948638
6.742956 0.972338 0.960959 0.945814
0.013388 0.973883 0.963100 0.942991
0.099789 0.979803 0.971258 0.909111
0.188534 0.992484 0.987541 0.835705
0.270775 1.007130 1.003740 0.759475
0.352685 1.022967 1.018776 0.683245
0.434484 1.040090 1.032715 0.604192
0.514768 1.058062 1.045121 0.527962
0.600214 1.077549 1.056485 0.454556
0.683939 1.098032 1.066495 0.372679
0.764833 1.118595 1.074534 0.299273
0.848097 1.139921 1.081114 0.223043
0.928176 1.160751 1.085839 0.152460
1.010395 1.182810 1.089228 0.070583
1.094713 1.206270 1.090887 -0.008470
1.175860 1.228347 1.090700 -0.081876
1.257707 1.251069 1.088835 -0.158106
1.338131 1.272636 1.085397 -0.234336
1.420061 1.293644 1.080382 -0.307743
1.504071 1.315600 1.073403 -0.386796
1.598598 1.339603 1.063626 -0.477142
1.678227 1.359002 1.053597 -0.547725
1.762596 1.378670 1.041600 -0.626779
1.843197 1.396552 1.028650 -0.700185
1.925390 1.413436 1.014424 -0.779238
2.009620 1.429997 0.998065 -0.861115
2.090519 1.444540 0.981135 -0.937344
2.174764 1.458035 0.962760 -1.019221
2.270458 1.471491 0.940890 -1.112391
2.351694 1.481049 0.921521 -1.185797
2.434692 1.489431 0.900837 -1.262027
2.517856 1.496286 0.879345 -1.335434
2.599881 1.501434 0.857875 -1.408840
2.652738 1.503640 0.844375 -1.445543
2.753659 1.506788 0.819375 -1.538713
2.834299 1.507504 0.797068 -1.614943
2.918537 1.506519 0.774771 -1.685526
2.999278 1.504046 0.753315 -1.741993
3.079872 1.500408 0.732268 -1.789989
3.163178 1.495451 0.710015 -1.826692
3.246863 1.489923 0.688888 -1.846456
3.330606 1.483848 0.667412 -1.860572
3.412599 1.477677 0.646714 -1.871866
3.494287 1.471130 0.625629 -1.877512
3.580693 1.464174 0.603666 -1.877512
3.665149 1.457508 0.582618 -1.877512
3.748135 1.450841 0.561570 -1.877512
3.833707 1.444320 0.540979 -1.877512
3.916538 1.437727 0.520160 -1.880336
3.999868 1.431001 0.499131 -1.880336
4.081521 1.424349 0.478330 -1.883159
4.164414 1.417637 0.457549 -1.880336
4.246031 1.410985 0.436748 -1.877512
4.338125 1.403739 0.413870 -1.877512
4.420540 1.397073 0.392822 -1.877512
4.502600 1.390479 0.372003 -1.880336
4.588248 1.383681 0.350745 -1.877512
4.670491 1.377087 0.329926 -1.874689
4.751525 1.370552 0.309088 -1.871866
4.834303 1.364005 0.288003 -1.871866
4.917343 1.357458 0.266917 -1.871866
5.000637 1.350911 0.245832 -1.877512
5.083657 1.344172 0.224555 -1.874689
5.165261 1.337709 0.203946 -1.869042
5.248093 1.331222 0.182843 -1.869042
5.328811 1.324875 0.162198 -1.863396
5.410436 1.318576 0.141288 -1.866219
5.494192 1.312148 0.120166 -1.866219
5.580045 1.305510 0.098355 -1.863396
5.662557 1.299211 0.077445 -1.866219
5.743461 1.292993 0.057011 -1.863396
5.824185 1.286763 0.036331 -1.857749
5.910643 1.280242 0.014235 -1.863396
5.994237 1.273874 -0.006905 -1.863396
6.078211 1.267506 -0.028045 -1.863396
6.159834 1.261206 -0.048956 -1.860572
6.240666 1.254898 -0.070114 -1.860572
6.324732 1.248521 -0.091501 -1.857749
6.414755 1.241660 -0.114749 -1.854926
6.497610 1.235471 -0.135942 -1.854926
6.589949 1.228542 -0.159669 -1.852102
6.672517 1.222347 -0.181110 -1.854926
6.753590 1.216157 -0.202303 -1.854926
6.836854 1.210103 -0.223036 -1.860572
6.918275 1.203931 -0.243734 -1.860572
6.998195 1.197897 -0.263972 -1.860572
7.080804 1.191588 -0.285130 -1.860572
7.164324 1.185143 -0.306748 -1.860572
7.247596 1.178834 -0.327906 -1.860572
7.329904 1.172594 -0.348833 -1.857749
7.410164 1.166481 -0.369549 -1.857749
7.494393 1.160096 -0.391185 -1.852102
7.593331 1.152701 -0.416776 -1.849279
7.692733 1.145708 -0.441234 -1.849279
7.774535 1.139573 -0.462693 -1.846456
7.860618 1.133368 -0.484630 -1.854926
7.940735 1.127381 -0.505132 -1.857749
8.024012 1.121268 -0.525848 -1.852102
8.107414 1.115138 -0.547058 -1.846456
8.188139 1.109194 -0.568072 -1.843632
8.270391 1.103374 -0.588872 -1.849279
8.353147 1.097305 -0.610099 -1.849279
8.447818 1.090444 -0.634096 -1.849279
8.531609 1.084441 -0.655093 -1.846456
8.613217 1.078627 -0.675645 -1.843632
8.694739 1.072678 -0.696907 -1.843632
8.777583 1.066987 -0.717244 -1.837986
8.860581 1.061412 -0.737613 -1.837986
8.940834 1.056406 -0.755899 -1.835162
9.022805 1.051640 -0.773504 -1.829516
9.105896 1.047343 -0.789744 -1.823869
9.187551 1.043437 -0.804846 -1.815399
9.270807 1.039950 -0.818817 -1.815399
9.352803 1.036812 -0.831390 -1.809752
9.435811 1.034028 -0.842815 -1.806929
9.517618 1.031446 -0.853548 -1.801282
9.600721 1.029088 -0.863594 -1.798459
9.684730 1.026868 -0.873180 -1.795636
9.767628 1.024942 -0.881601 -1.795636
9.848155 1.023176 -0.889322 -1.792812
9.928846 1.021591 -0.896344 -1.787166
10.010645 1.020200 -0.902673 -1.784342
10.091820 1.018877 -0.908771 -1.784342
10.172813 1.017707 -0.914165 -1.781519
10.254270 1.016603 -0.919328 -1.781519
10.335887 1.015549 -0.924256 -1.778696
10.419772 1.014608 -0.928717 -1.775873
10.508733 1.013679 -0.933181 -1.773049
10.600878 1.012908 -0.936943 -1.773049
10.684666 1.012185 -0.940469 -1.775873
10.767404 1.011501 -0.943759 -1.775873
10.847620 1.010865 -0.946813 -1.778696
10.928221 1.010321 -0.949396 -1.781519
11.010653 1.009819 -0.951743 -1.781519
0.011207 1.009166 -0.954794 -1.778696
0.095041 1.007185 -0.964186 -1.806929
0.175858 1.002862 -0.982152 -1.871866
0.261690 0.996243 -1.003467 -1.953742
0.341524 0.988263 -1.023278 -2.024325
0.424056 0.978484 -1.043340 -2.106202
0.507694 0.966853 -1.062948 -2.188078
0.593802 0.953379 -1.081931 -2.269955
0.676476 0.939324 -1.098645 -2.346185
0.760775 0.923533 -1.114755 -2.419591
0.840969 0.907144 -1.129188 -2.495821
0.923786 0.888936 -1.142909 -2.577697
1.005248 0.870073 -1.154837 -2.659574
1.087695 0.850085 -1.165295 -2.738627
1.171294 0.829113 -1.174235 -2.820503
1.253791 0.807707 -1.181354 -2.899557
1.338537 0.786039 -1.186704 -2.975786
1.423772 0.763317 -1.190506 -3.049193
1.524559 0.737032 -1.192942 -3.128246
1.582610 0.722394 -1.193137 -3.164949
1.677660 0.698162 -1.192571 -3.212946
1.761543 0.676379 -1.191014 -3.238356
1.843828 0.654643 -1.188904 -3.252472
1.926513 0.632700 -1.186461 -3.263766
2.013579 0.610310 -1.183712 -3.275059
2.096157 0.588428 -1.180774 -3.280706
2.180654 0.566563 -1.177713 -3.280706
2.260919 0.545173 -1.174718 -3.286352
2.343719 0.523326 -1.171533 -3.286352
2.428435 0.500766 -1.168244 -3.283529
2.513923 0.478197 -1.165019 -3.280706
2.600938 0.456332 -1.161958 -3.280706
2.683898 0.434466 -1.158896 -3.286352
2.766472 0.412619 -1.155711 -3.286352
2.850790 0.391009 -1.152561 -3.283529
2.931682 0.369628 -1.149506 -3.283529
3.014895 0.347296 -1.146314 -3.277882
3.100713 0.324947 -1.143249 -3.277882
3.185088 0.302598 -1.140184 -3.277882
3.265870 0.281200 -1.137250 -3.277882
3.346628 0.259801 -1.134315 -3.277882
3.427996 0.238165 -1.131348 -3.269412
3.512080 0.216267 -1.128534 -3.263766
3.607053 0.191971 -1.125551 -3.263766
3.691466 0.169819 -1.122831 -3.260942
3.771571 0.148851 -1.120316 -3.260942
3.851707 0.127645 -1.117773 -3.258119
3.934523 0.105239 -1.115150 -3.258119
4.020625 0.083072 -1.112556 -3.266589
4.101543 0.061642 -1.109863 -3.272236
4.181552 0.040704 -1.107112 -3.272236
4.262811 0.019051 -1.104267 -3.269412
4.342971 -0.001895 -1.101575 -3.269412
4.427198 -0.024031 -1.098730 -3.266589
4.511749 -0.045461 -1.096037 -3.272236
4.594792 -0.067589 -1.093130 -3.263766
4.675865 -0.088789 -1.090527 -3.266589
4.760391 -0.110933 -1.087744 -3.269412
4.841407 -0.132355 -1.084991 -3.269412
4.925050 -0.154492 -1.082146 -3.266589
5.005861 -0.176160 -1.079424 -3.263766
5.088029 -0.198073 -1.076733 -3.263766
5.170866 -0.219987 -1.074042 -3.263766
5.251478 -0.241425 -1.071410 -3.263766
5.333133 -0.263100 -1.068749 -3.260942
5.418056 -0.286928 -1.065891 -3.260942
5.503816 -0.309088 -1.063234 -3.263766
5.586599 -0.331001 -1.060543 -3.263766
5.681393 -0.354821 -1.057618 -3.263766
5.761697 -0.376258 -1.054986 -3.263766
5.843312 -0.397934 -1.052325 -3.255296
5.925905 -0.420347 -1.049765 -3.255296
6.011470 -0.442044 -1.047288 -3.252472
6.094851 -0.464464 -1.044792 -3.246826
6.180784 -0.486897 -1.042422 -3.246826
6.263132 -0.508854 -1.040103 -3.246826
6.346725 -0.531287 -1.037733 -3.246826
6.426827 -0.552528 -1.035490 -3.249649
6.515936 -0.575432 -1.033005 -3.249649
6.598022 -0.597381 -1.030624 -3.249649
6.680795 -0.619570 -1.028217 -3.246826
6.763929 -0.641526 -1.025898 -3.241179
6.847489 -0.663495 -1.023703 -3.241179
6.930852 -0.685464 -1.021508 -3.235532
7.013958 -0.707445 -1.019437 -3.235532
7.100079 -0.729426 -1.017366 -3.235532
7.181259 -0.748779 -1.015543 -3.227062
7.264060 -0.767190 -1.013965 -3.218592
7.347126 -0.784178 -1.012655 -3.215769
7.430717 -0.799734 -1.011499 -3.212946
7.515851 -0.814097 -1.010472 -3.212946
7.596779 -0.827023 -1.009548 -3.212946
7.681812 -0.839231 -1.008676 -3.215769
7.775500 -0.851676 -1.007751 -3.215769
7.857728 -0.861966 -1.006986 -3.207299
7.941487 -0.870827 -1.006403 -3.204476
8.023271 -0.879209 -1.005875 -3.201653
8.104800 -0.887115 -1.005400 -3.198829
8.187255 -0.894063 -1.005002 -3.196006
8.270832 -0.900772 -1.004636 -3.196006
8.350899 -0.907003 -1.004297 -3.196006
8.432465 -0.912754 -1.003984 -3.196006
8.516908 -0.918025 -1.003697 -3.196006
8.597746 -0.922818 -1.003435 -3.196006
8.680956 -0.927131 -1.003201 -3.196006
8.761493 -0.930965 -1.002992 -3.196006
8.845783 -0.934799 -1.002783 -3.196006
8.925946 -0.938154 -1.002600 -3.190359
9.006926 -0.941270 -1.002448 -3.187536
9.090877 -0.944147 -1.002316 -3.187536
9.171010 -0.946784 -1.002195 -3.184713
9.253964 -0.949182 -1.002091 -3.184713
9.335484 -0.951339 -1.001998 -3.187536
0.012784 -0.953737 -1.001888 -3.187536
0.102231 -0.963566 -1.001436 -3.218592
0.187534 -0.982707 -0.999959 -3.286352
0.269145 -1.003605 -0.996913 -3.365405
0.350826 -1.025133 -0.992012 -3.444459
0.443880 -1.048497 -0.984712 -3.529158
0.526849 -1.069160 -0.976277 -3.605388
0.606856 -1.088477 -0.966615 -3.678795
0.687507 -1.107239 -0.955439 -3.755025
0.770179 -1.125488 -0.942591 -3.831254
0.852960 -1.142706 -0.928390 -3.907484
0.936279 -1.158965 -0.912753 -3.980891
1.016798 -1.173553 -0.896502 -4.057121
1.099325 -1.187007 -0.878996 -4.136174
1.181176 -1.199167 -0.860281 -4.218050
1.262724 -1.209756 -0.840635 -4.294280
1.346785 -1.218916 -0.820020 -4.373333
1.428402 -1.226339 -0.798972 -4.449563
1.509257 -1.231950 -0.778115 -4.528616
1.590019 -1.235941 -0.756645 -4.604846
1.671928 -1.238259 -0.735171 -4.678252
1.756863 -1.239029 -0.712626 -4.740366
1.841507 -1.238392 -0.689836 -4.782715
1.926227 -1.236806 -0.667334 -4.816595
2.008604 -1.234560 -0.645852 -4.833535
2.101266 -1.231660 -0.622030 -4.850475
2.202154 -1.228158 -0.596834 -4.867415
2.286294 -1.224749 -0.575020 -4.873062
2.369157 -1.221255 -0.553463 -4.875885
2.456833 -1.217466 -0.530495 -4.878709
2.549054 -1.213493 -0.506828 -4.890002
2.632190 -1.209635 -0.485333 -4.892825
2.716190 -1.205673 -0.463613 -4.887179
2.796887 -1.201792 -0.441635 -4.884355
2.879296 -1.198096 -0.420355 -4.884355
2.962389 -1.194318 -0.398602 -4.878709
3.049273 -1.190464 -0.375645 -4.875885
3.131208 -1.186909 -0.354098 -4.873062
3.216362 -1.183339 -0.332067 -4.870239
3.298622 -1.179906 -0.310500 -4.867415
3.382896 -1.176608 -0.289398 -4.864592
3.466686 -1.173224 -0.267337 -4.861769
3.549131 -1.169938 -0.245505 -4.861769
3.631213 -1.166617 -0.223435 -4.864592
3.716676 -1.163269 -0.201612 -4.864592
3.800909 -1.159922 -0.179789 -4.864592
3.881308 -1.156720 -0.158914 -4.864592
3.962172 -1.153445 -0.137566 -4.870239
4.050403 -1.149861 -0.115051 -4.867415
4.132164 -1.146526 -0.093711 -4.867415
4.215500 -1.143080 -0.071660 -4.870239
4.296897 -1.139761 -0.050804 -4.870239
4.379503 -1.136290 -0.029001 -4.870239
4.460809 -1.132895 -0.007671 -4.870239
4.553489 -1.128934 0.017214 -4.867415
4.649187 -1.125339 0.040213 -4.870239
4.732075 -1.121907 0.061780 -4.873062
4.812178 -1.118490 0.082864 -4.875885
4.896862 -1.114818 0.105121 -4.875885
4.978728 -1.111341 0.126195 -4.873062
5.066269 -1.107656 0.148937 -4.867415
5.148343 -1.104247 0.170750 -4.861769
5.230838 -1.100961 0.192583 -4.861769
5.313196 -1.097603 0.214890 -4.856122
5.396245 -1.094441 0.236741 -4.856122
5.478667 -1.091279 0.258591 -4.856122
5.561211 -1.088150 0.280205 -4.858945
5.642934 -1.085031 0.301334 -4.856122
5.726832 -1.081938 0.322710 -4.856122
5.809176 -1.078810 0.344323 -4.858945
5.891260 -1.075550 0.366402 -4.856122
5.975491 -1.072422 0.388015 -4.858945
6.061468 -1.069058 0.410807 -4.858945
6.145359 -1.065799 0.432886 -4.861769
6.226311 -1.062584 0.454244 -4.856122
6.306884 -1.059525 0.475382 -4.853299
6.389266 -1.056424 0.497242 -4.853299
6.475513 -1.053222 0.519814 -4.856122
6.557092 -1.049991 0.542140 -4.844829
6.650524 -1.046885 0.565452 -4.844829
6.736327 -1.043875 0.588051 -4.847652
6.817047 -1.040995 0.609214 -4.850475
6.897106 -1.038055 0.630369 -4.847652
6.978458 -1.035142 0.651771 -4.842005
7.031216 -1.033188 0.666763 -4.839182
7.094694 -1.031337 0.681284 -4.847652
7.153935 -1.029395 0.695552 -4.842005
7.211079 -1.027596 0.709354 -4.836359
7.301196 -1.024836 0.731501 -4.833535
7.386655 -1.022371 0.751750 -4.830712
7.469032 -1.020161 0.770338 -4.819419
7.553079 -1.018341 0.787279 -4.816595
7.636142 -1.016744 0.802555 -4.816595
7.720202 -1.015246 0.816875 -4.816595
7.802660 -1.013923 0.829526 -4.813772
7.886292 -1.012708 0.841463 -4.808125
7.968500 -1.011676 0.852213 -4.805302
8.056208 -1.010652 0.863204 -4.805302
8.138722 -1.009784 0.872523 -4.802479
8.220909 -1.009049 0.880650 -4.802479
8.305510 -1.008315 0.888776 -4.802479
8.386819 -1.007689 0.895707 -4.799655
8.467001 -1.007145 0.901923 -4.799655
8.552391 -1.006581 0.908378 -4.796832
8.636186 -1.006095 0.914117 -4.796832
8.733192 -1.005609 0.919856 -4.796832
8.816837 -1.005225 0.924400 -4.794009
8.902926 -1.004853 0.928944 -4.791185
8.983115 -1.004551 0.932772 -4.785539
9.079263 -1.004270 0.936601 -4.785539
9.162266 -1.004024 0.939952 -4.785539
9.246760 -1.003796 0.943064 -4.782715
9.331017 -1.003594 0.945936 -4.782715
9.411934 -1.003425 0.948330 -4.782715
9.491500 -1.003274 0.950485 -4.779892
0.013954 -1.003079 0.953358 -4.779892
0.098582 -1.002464 0.962456 -4.808125
0.183017 -1.000583 0.982045 -4.875885
0.264514 -0.997107 1.003119 -4.952115
0.348257 -0.991864 1.024566 -5.031168
0.430351 -0.984870 1.045760 -5.107398
0.511001 -0.976466 1.065916 -5.183628
0.594700 -0.966443 1.085588 -5.262681
0.673062 -0.955399 1.103589 -5.336088
0.757412 -0.942364 1.121705 -5.412317
0.838156 -0.927987 1.138777 -5.494194
0.919387 -0.912432 1.154444 -5.567600
1.002031 -0.895588 1.169087 -5.643830
1.083742 -0.877870 1.182260 -5.717237
1.164810 -0.859032 1.194228 -5.793466
1.254869 -0.837854 1.205516 -5.878166
1.335380 -0.818003 1.214027 -5.951573
1.418400 -0.796901 1.221293 -6.027803
1.500546 -0.775538 1.226870 -6.106856
1.579870 -0.754511 1.230617 -6.183086
1.661933 -0.732543 1.232823 -6.256492
1.743010 -0.710952 1.233400 -6.318605
1.824545 -0.688888 1.232618 -6.363778
1.908365 -0.667120 1.230860 -6.394835
1.988554 -0.645895 1.228480 -6.414598
2.070855 -0.624245 1.225618 -6.428715
2.153054 -0.602637 1.222451 -6.437185
2.237606 -0.581294 1.219138 -6.442832
2.320737 -0.559497 1.215629 -6.448478
2.400848 -0.538666 1.212154 -6.454125
2.488566 -0.515727 1.208194 -6.456948
2.571384 -0.493745 1.204335 -6.454125
2.652726 -0.472224 1.200620 -6.451302
2.736885 -0.450221 1.196886 -6.448478
2.821945 -0.427970 1.193174 -6.448478
2.903049 -0.406429 1.189581 -6.445655
2.987479 -0.384641 1.186009 -6.445655
3.068424 -0.363564 1.182555 -6.448478
3.153061 -0.341313 1.178843 -6.448478
3.242912 -0.318116 1.174973 -6.448478
3.338683 -0.293024 1.170787 -6.448478
3.420659 -0.271483 1.167194 -6.445655
3.503063 -0.249932 1.163662 -6.442832
3.584898 -0.228609 1.160228 -6.437185
3.668320 -0.207503 1.156952 -6.434362
3.750231 -0.185914 1.153663 -6.431538
3.830597 -0.164315 1.150435 -6.434362
3.913359 -0.143675 1.147291 -6.437185
3.997791 -0.121383 1.143831 -6.442832
4.080039 -0.099823 1.140359 -6.445655
4.162697 -0.077798 1.136749 -6.448478
4.244224 -0.056257 1.133155 -6.445655
4.328062 -0.034706 1.129623 -6.442832
4.409457 -0.011724 1.125922 -6.428715
4.503046 0.010358 1.122686 -6.425892
4.587003 0.032212 1.119546 -6.431538
4.668829 0.053811 1.116318 -6.434362
4.754280 0.075400 1.113029 -6.431538
4.837719 0.097236 1.109766 -6.425892
4.918619 0.118853 1.106660 -6.428715
5.000688 0.140698 1.103458 -6.428715
5.082769 0.161830 1.100361 -6.431538
5.164920 0.183429 1.097133 -6.428715
5.248091 0.205036 1.093966 -6.425892
5.328933 0.226890 1.090826 -6.425892
5.420784 0.250645 1.087413 -6.431538
5.504424 0.272955 1.084078 -6.431538
5.590821 0.296215 1.080602 -6.425892
5.674660 0.318544 1.077394 -6.420245
5.757708 0.340416 1.074377 -6.414598
5.841892 0.362542 1.071453 -6.411775
5.924435 0.384676 1.068591 -6.408952
6.007688 0.406818 1.065791 -6.406128
6.090848 0.428730 1.063084 -6.411775
6.174204 0.450626 1.060252 -6.417422
6.258295 0.472744 1.057265 -6.414598
6.343401 0.494869 1.054341 -6.411775
6.424595 0.516290 1.051571 -6.411775
6.508594 0.538186 1.048740 -6.411775
6.593413 0.560796 1.045816 -6.408952
6.674839 0.581986 1.043137 -6.406128
6.758167 0.603897 1.040430 -6.406128
6.840852 0.625571 1.037752 -6.408952
6.924984 0.647951 1.034922 -6.408952
7.007782 0.669855 1.032153 -6.408952
7.090800 0.691997 1.029353 -6.411775
7.174043 0.713894 1.026522 -6.406128
7.257715 0.734614 1.023961 -6.403305
7.342601 0.754628 1.021546 -6.403305
7.425592 0.772258 1.019418 -6.397658
7.489790 0.784656 1.017992 -6.392012
7.549752 0.795153 1.016846 -6.386365
7.604315 0.804224 1.015906 -6.380718
7.660245 0.811389 1.015205 -6.380718
7.756632 0.825958 1.013780 -6.377895
7.838208 0.837665 1.012668 -6.375072
7.918762 0.848657 1.011655 -6.375072
8.000838 0.859172 1.010686 -6.375072
8.080955 0.868492 1.009827 -6.377895
8.163388 0.877331 1.008987 -6.380718
8.244615 0.885213 1.008216 -6.377895
8.328285 0.892619 1.007513 -6.375072
8.410710 0.900027 1.006830 -6.372248
8.497586 0.906242 1.006275 -6.366602
8.580907 0.911982 1.005795 -6.366602
8.663408 0.917243 1.005355 -6.366602
8.744022 0.921787 1.004975 -6.358132
8.827755 0.926334 1.004634 -6.355308
8.908377 0.930403 1.004340 -6.352485
8.991396 0.933994 1.004091 -6.349662
9.074862 0.937346 1.003867 -6.349662
9.157595 0.940459 1.003660 -6.352485
9.238399 0.943332 1.003461 -6.352485
9.320441 0.946205 1.003261 -6.352485
9.400702 0.948599 1.003095 -6.352485
9.491416 0.951232 1.002912 -6.349662
