0 0
0.0074803829193115234 0
0.0209200382232666 0
0.030015945434570312 1
0.03907465934753418 3
0.047974348068237305 6
0.05783581733703613 9
0.06730222702026367 14
0.07610297203063965 18
0.08542585372924805 22
0.09405779838562012 28
0.1024925708770752 34
0.11353564262390137 40
0.12234997749328613 47
0.13180947303771973 52
0.14115095138549805 60
0.15024137496948242 67
0.1606121063232422 75
0.16995024681091309 81
0.1791543960571289 88
0.18818974494934082 95
0.19753026962280273 103
0.2073662281036377 111
0.2173900604248047 122
0.2301027774810791 129
0.23942184448242188 137
0.24862313270568848 145
0.2581014633178711 154
0.26985979080200195 162
0.2794475555419922 170
0.28847503662109375 178
0.297762393951416 185
0.3071761131286621 194
0.31775736808776855 200
0.3270442485809326 206
0.33590245246887207 210
0.345212459564209 213
0.35353732109069824 216
0.36455726623535156 218
0.37262678146362305 220
0.38201045989990234 220
0.39136600494384766 219
0.4004666805267334 217
0.40976452827453613 214
0.4200737476348877 212
0.4293863773345947 208
0.43829345703125 204
0.44765233993530273 199
0.45687198638916016 194
0.46706533432006836 189
0.4759519100189209 186
0.48536252975463867 182
0.49361395835876465 179
0.502424955368042 176
0.5117044448852539 174
0.5221257209777832 173
0.5314087867736816 172
0.5404415130615234 172
0.5498406887054443 173
0.5586020946502686 174
0.5689830780029297 176
0.5779387950897217 178
0.5871813297271729 181
0.595973014831543 183
0.6053371429443359 185
0.6136069297790527 189
0.6284255981445312 190
0.638037919998169 192
0.6475369930267334 193
0.6566171646118164 194
0.6658258438110352 194
0.675957441329956 194
0.6852214336395264 194
0.6935398578643799 193
0.7053678035736084 192
0.7140178680419922 191
0.7252700328826904 190
0.7335484027862549 189
0.7424099445343018 188
0.7517275810241699 187
0.7618227005004883 186
0.7719345092773438 186
0.7812771797180176 185
0.7904105186462402 184
0.7996892929077148 184
0.8085935115814209 184
0.8232247829437256 185
0.8320662975311279 185
0.8413212299346924 186
0.8505020141601562 186
0.8598015308380127 186
0.8693525791168213 186
0.8795251846313477 186
0.888608455657959 187
0.8980362415313721 187
0.9074597358703613 187
0.9161975383758545 187
0.9271888732910156 187
0.9361157417297363 186
0.9453310966491699 186
0.9535951614379883 186
0.9624216556549072 186
0.9725964069366455 186
0.9819071292877197 186
0.9911575317382812 186
1.0001990795135498 186
1.0093419551849365 186
1.0182676315307617 186
1.0323235988616943 186
1.0417606830596924 186
1.0511786937713623 186
1.0603060722351074 186
1.0696759223937988 186
1.079559087753296 186
1.0884947776794434 186
1.0977447032928467 186
1.1069178581237793 186
1.115814447402954 186
1.1310734748840332 186
1.1435515880584717 186
1.1524078845977783 186
1.1619868278503418 186
1.171259880065918 186
1.1812853813171387 186
1.1917235851287842 186
1.201202630996704 186
1.2103352546691895 186
1.219648838043213 186
1.2284126281738281 186
1.2391579151153564 186
1.2501723766326904 186
1.2594428062438965 186
1.2684948444366455 186
1.2777550220489502 186
1.287797451019287 186
1.2969541549682617 186
1.3057615756988525 186
1.3149981498718262 186
1.3233611583709717 186
1.3348703384399414 186
1.3426127433776855 186
1.3518776893615723 186
1.3611767292022705 186
1.370171070098877 186
1.3793296813964844 186
1.3894953727722168 186
1.3983337879180908 186
1.4075422286987305 186
1.4163262844085693 186
1.425553560256958 186
1.43994140625 186
1.4493770599365234 186
1.4584338665008545 186
1.4676573276519775 186
1.476529598236084 186
1.4863359928131104 186
1.4955413341522217 186
1.5050220489501953 186
1.513277292251587 186
1.5220789909362793 186
1.5368828773498535 186
1.5500028133392334 186
1.5621428489685059 186
1.5758922100067139 186
1.5899133682250977 186
1.601949691772461 186
1.6151955127716064 186
1.6281638145446777 186
1.6403534412384033 186
1.6495370864868164 186
1.6583952903747559 186
1.6676816940307617 186
1.6765103340148926 186
1.685760736465454 186
1.695904016494751 186
1.705857276916504 186
1.7152020931243896 186
1.7234551906585693 186
1.7323176860809326 186
1.7434227466583252 186
1.752249002456665 186
1.7623884677886963 186
1.7716701030731201 186
1.7809345722198486 186
1.790907859802246 186
1.7999577522277832 186
1.8092632293701172 186
1.8181684017181396 186
1.8274340629577637 186
1.8413550853729248 186
1.851243019104004 186
1.860363245010376 186
1.8697757720947266 186
1.878568410873413 186
1.887754201889038 186
1.8980481624603271 186
1.907317876815796 186
1.916081428527832 186
1.9254467487335205 186
1.9340622425079346 186
1.9440712928771973 186
1.952470302581787 186
1.9634590148925781 186
1.9722545146942139 186
1.9816818237304688 186
1.9910376071929932 186
2.0010199546813965 186
2.0100760459899902 186
2.0191595554351807 186
2.02807354927063 186
2.0373589992523193 186
2.0474183559417725 186
2.057156562805176 186
2.0658674240112305 186
2.075124740600586 186
2.083421230316162 186
2.0922434329986572 186
2.1021840572357178 186
2.11159610748291 186
2.1206040382385254 186
2.1298789978027344 186
2.138627767562866 186
2.149111032485962 186
2.1585896015167236 186
2.1679930686950684 186
2.1772496700286865 186
2.1859943866729736 186
2.1952505111694336 186
2.205322027206421 186
2.2135517597198486 186
2.2223641872406006 186
2.2365164756774902 186
2.2458269596099854 186
2.2563016414642334 186
2.2668728828430176 186
2.276949405670166 186
2.2858939170837402 186
2.295128107070923 186
2.305194854736328 186
2.3134915828704834 186
2.322279930114746 186
2.3316030502319336 186
2.3406476974487305 186
2.3510546684265137 186
2.360182762145996 186
2.3700413703918457 186
2.3791985511779785 186
2.388118028640747 186
2.3977105617523193 186
2.4079270362854004 186
2.417254686355591 186
2.426048994064331 186
2.435307741165161 186
2.443577527999878 186
2.4539926052093506 186
2.46347975730896 186
2.4723353385925293 186
2.48164963722229 186
2.490649938583374 186
2.50008487701416 186
2.5100879669189453 186
2.5192439556121826 186
2.5282533168792725 186
2.53753662109375 186
2.546330213546753 186
2.556272506713867 186
2.5660367012023926 186
2.5753250122070312 186
2.5840439796447754 186
2.5925049781799316 186
2.6026036739349365 186
2.6119132041931152 186
2.6212358474731445 186
2.6349666118621826 186
2.6435601711273193 186
2.6541190147399902 186
2.663564682006836 186
2.6723976135253906 186
2.6817376613616943 186
2.69099497795105 186
2.7000420093536377 186
2.7111713886260986 186
2.7202203273773193 186
2.729524850845337 186
2.738409996032715 186
2.7476866245269775 186
2.7577528953552246 186
2.767683267593384 186
2.777761697769165 186
2.7869136333465576 186
2.795844316482544 186
2.8050670623779297 186
2.8151397705078125 186
2.8253326416015625 186
2.8336026668548584 186
2.8440940380096436 186
2.85257625579834 186
2.8635408878326416 186
2.874053478240967 186
2.883450508117676 186
2.8930492401123047 186
2.901963949203491 186
2.9119694232940674 186
2.922316551208496 185
2.931635856628418 185
2.9409053325653076 184
2.950039863586426 184
2.9600696563720703 184
2.9691593647003174 184
2.978518486022949 184
2.987797260284424 184
2.9970335960388184 184
3.005944013595581 184
3.016113042831421 184
3.025341749191284 184
3.038088083267212 184
3.0476186275482178 184
3.0568809509277344 184
3.0672690868377686 184
3.076927661895752 184
3.085739850997925 184
3.0949254035949707 184
3.1031553745269775 184
3.113330602645874 184
3.122124433517456 184
3.131556749343872 184
3.1405227184295654 184
3.149902582168579 184
3.1591615676879883 184
3.1691808700561523 184
3.1784474849700928 184
3.187808036804199 184
3.1970534324645996 184
3.2058253288269043 184
3.2157068252563477 184
3.2249834537506104 184
3.2332680225372314 184
3.242039203643799 184
3.251448631286621 184
3.2604258060455322 184
3.2704739570617676 184
3.2803382873535156 184
3.2915475368499756 184
3.300567388534546 184
3.3099446296691895 184
3.3199377059936523 184
3.3286423683166504 184
3.3379218578338623 184
3.347162961959839 184
3.355921745300293 184
3.365906238555908 184
3.37511944770813 184
3.3845677375793457 184
3.392571210861206 184
3.401822090148926 184
3.411273241043091 184
3.4212117195129395 184
3.4303715229034424 184
3.4445302486419678 184
3.4535388946533203 184
3.462329149246216 184
3.4724783897399902 184
3.4889919757843018 184
3.498323440551758 184
3.508009672164917 184
3.5179967880249023 184
3.5273749828338623 184
3.5363314151763916 184
3.545722723007202 184
3.554945945739746 184
3.5632927417755127 184
3.5734329223632812 184
3.5822649002075195 184
3.5920190811157227 184
3.6013081073760986 184
3.61346435546875 184
3.6281497478485107 184
3.6403591632843018 184
3.6523497104644775 184
3.666017532348633 184
3.679426908493042 184
3.6923482418060303 184
3.7035632133483887 184
3.712449073791504 184
3.7224791049957275 184
3.7318973541259766 184
3.741211175918579 184
3.7502171993255615 184
3.7594220638275146 184
3.7682745456695557 184
3.778294086456299 184
3.7876627445220947 184
3.7983226776123047 184
3.8076040744781494 184
3.81648850440979 184
3.826526403427124 184
3.8395442962646484 184
3.848656415939331 184
3.8580780029296875 184
3.867478847503662 184
3.8775405883789062 184
3.8864548206329346 184
3.8961493968963623 184
3.9055018424987793 184
3.9145359992980957 184
3.924917221069336 184
3.933152675628662 184
3.9420063495635986 184
3.9513328075408936 184
3.960430860519409 184
3.969862937927246 184
3.9798333644866943 184
3.9886319637298584 184
3.9983274936676025 184
4.007643938064575 184
4.016501426696777 184
4.026461601257324 184
4.035688400268555 184
4.044936895370483 184
4.053325176239014 184
4.062177419662476 184
4.071464776992798 184
4.081593990325928 184
4.09100341796875 184
4.100434303283691 184
4.109661340713501 184
4.118504047393799 184
4.136157035827637 184
4.158260822296143 184
4.177967548370361 184
4.1978440284729 184
4.20905876159668 184
4.217965126037598 184
4.227254629135132 184
4.240011930465698 184
4.258610725402832 184
4.275317668914795 184
4.285027742385864 184
4.2933337688446045 184
4.305355787277222 184
4.315976858139038 184
4.325337648391724 184
4.333611488342285 184
4.342432737350464 184
4.351722478866577 184
4.361815929412842 184
4.371158599853516 184
4.380235433578491 184
4.3895263671875 184
4.398421049118042 184
4.409155368804932 184
4.418086767196655 184
4.427408218383789 184
4.436163663864136 184
4.445578575134277 184
4.455445289611816 184
4.464542388916016 184
4.472559690475464 184
4.481992483139038 184
4.491337299346924 184
4.500391006469727 184
4.51122784614563 184
4.52022910118103 184
4.5293779373168945 184
4.5382819175720215 184
4.547564506530762 184
4.557640790939331 184
4.566956043243408 184
4.575954437255859 184
4.585251331329346 184
4.593560695648193 184
4.602371454238892 184
4.613325834274292 184
4.622135400772095 184
4.631575584411621 184
4.645357847213745 184
4.6541383266448975 184
4.66495943069458 184
4.673254013061523 184
4.682081937789917 184
4.691540479660034 184
4.700600862503052 184
4.713504076004028 184
4.722350120544434 184
4.731668949127197 184
4.7409348487854 184
4.750110387802124 184
4.761136531829834 184
4.770236968994141 184
4.7794883251190186 184
4.78838849067688 184
4.798027992248535 184
4.8075408935546875 184
4.821494817733765 184
4.830533266067505 184
4.8400022983551025 184
4.849186897277832 184
4.858129024505615 184
4.8682849407196045 184
4.8775529861450195 184
4.886488437652588 184
4.895700931549072 184
4.904953718185425 184
4.915071487426758 184
4.924982309341431 184
4.933268785476685 184
4.9421067237854 184
4.951396226882935 184
4.960393905639648 184
4.970614433288574 184
4.979913949966431 184
4.989257574081421 184
4.998167991638184 184
5.0075156688690186 184
5.017605543136597 184
5.027409553527832 183
5.03618311882019 183
5.0496885776519775 183
5.058594226837158 183
5.068589448928833 182
5.077875375747681 182
5.087301969528198 182
5.0961854457855225 182
5.105559349060059 182
5.114553213119507 182
5.125206708908081 182
5.133492469787598 182
5.142294406890869 182
5.1516149044036865 182
5.160955905914307 182
5.171153545379639 182
5.180184364318848 182
5.189381837844849 182
5.198265314102173 182
5.207548379898071 183
5.21760892868042 182
5.227569341659546 182
5.23651385307312 182
5.245673179626465 182
5.2546467781066895 182
5.263024806976318 182
5.272613048553467 182
5.2819719314575195 182
5.291398763656616 182
5.300410509109497 182
5.309643268585205 182
5.319738149642944 182
5.330204248428345 182
5.33937931060791 182
5.348398447036743 182
5.357792854309082 182
5.366948127746582 182
5.377119064331055 182
5.385878086090088 182
5.395111083984375 182
5.403573751449585 182
5.412431955337524 182
5.422465085983276 182
5.432236433029175 182
5.445976972579956 182
5.455334424972534 182
5.4645702838897705 182
5.474947929382324 182
5.483335018157959 182
5.494920015335083 182
5.50313925743103 182
5.511974096298218 182
5.52203369140625 182
5.531828165054321 182
5.541208505630493 182
5.550217866897583 182
5.559353590011597 182
5.568244218826294 182
5.578302621841431 182
5.58774471282959 182
5.596935272216797 182
5.6083056926727295 182
5.624007940292358 182
5.632418632507324 182
5.642189264297485 182
5.651619911193848 182
5.660659313201904 182
5.66987681388855 182
5.679879903793335 182
5.691167831420898 182
5.70525050163269 182
5.71739649772644 182
5.730542421340942 182
5.743512868881226 182
5.756458520889282 182
5.767525911331177 182
5.77756404876709 182
5.7863428592681885 182
5.795562982559204 182
5.80455470085144 182
5.8125200271606445 182
5.821857213973999 182
5.83209753036499 182
5.8483662605285645 182
5.857775688171387 182
5.867172956466675 182
5.876191854476929 182
5.886278867721558 182
5.895533561706543 182
5.904554605484009 182
5.91254997253418 182
5.921849966049194 182
5.932125568389893 182
5.941861391067505 182
5.951256990432739 182
5.960259675979614 182
5.969465970993042 182
5.979514122009277 182
5.988394021987915 182
5.9980409145355225 182
6.007442951202393 182
6.016192197799683 182
6.025457382202148 182
6.035420179367065 182
6.045097351074219 182
6.053372859954834 182
6.062155723571777 182
6.071548938751221 182
6.081574201583862 182
6.090613842010498 182
6.099890232086182 182
6.108581781387329 182
6.1178672313690186 182
6.129737377166748 182
6.140532732009888 182
6.1503005027771 182
6.159660339355469 182
6.168481349945068 182
6.177747964859009 182
6.18858790397644 182
6.197893857955933 182
6.207179069519043 182
6.215963363647461 182
6.2252302169799805 182
6.2353105545043945 182
6.248471736907959 182
6.259328365325928 182
6.268400430679321 182
6.277770280838013 182
6.2877795696258545 182
6.296941757202148 182
6.305942535400391 182
6.3152244091033936 182
6.323481798171997 182
6.332322835922241 182
6.34222149848938 182
6.351991653442383 182
6.361319303512573 182
6.370461463928223 182
6.37969446182251 182
6.389688968658447 182
6.398575305938721 182
6.407790184020996 182
6.416908502578735 182
6.425927639007568 182
6.435946702957153 182
6.44530987739563 182
6.455106496810913 182
6.463402986526489 182
6.472222566604614 182
6.481555461883545 182
6.491704940795898 182
6.500964641571045 182
6.509974241256714 182
6.5190629959106445 182
6.528090000152588 182
6.538143634796143 182
6.547576189041138 182
6.557214736938477 182
6.565935134887695 182
6.575178623199463 182
6.583462715148926 182
6.593540668487549 182
6.602340936660767 182
6.611698150634766 182
6.620957374572754 182
6.629959583282471 182
6.639943838119507 182
6.6525256633758545 182
6.662461757659912 182
6.671942472457886 182
6.681317329406738 182
6.691344499588013 182
6.700377464294434 182
6.712029695510864 182
6.721309185028076 182
6.730492830276489 182
6.740421295166016 182
6.749701976776123 182
6.760153293609619 182
6.769384384155273 182
6.7783026695251465 182
6.787701845169067 182
6.797764778137207 182
6.806960105895996 182
6.817143440246582 182
6.827253103256226 182
6.836038589477539 182
6.84615421295166 182
6.855386257171631 182
6.867705345153809 182
6.87687873840332 182
6.88583517074585 182
6.895918130874634 182
6.905335903167725 182
6.914053440093994 182
6.922438383102417 182
6.932547330856323 182
6.94181489944458 182
6.9519219398498535 182
6.961225986480713 182
6.970969200134277 182
6.9800636768341064 182
6.991209268569946 182
7.001192569732666 182
7.010246992111206 182
7.0194597244262695 182
7.028403282165527 182
7.037674188613892 182
7.051389694213867 182
7.0605175495147705 182
7.070444583892822 182
7.079811334609985 182
7.08908224105835 182
7.09913182258606 182
7.108014822006226 182
7.117328405380249 182
7.12612771987915 182
7.135378122329712 182
7.151022911071777 182
7.16022801399231 182
7.1698713302612305 182
7.179168939590454 182
7.188103437423706 182
7.198505878448486 182
7.207937955856323 182
7.217242956161499 182
7.2260332107543945 182
7.235342025756836 182
7.243614673614502 182
7.254065990447998 182
7.262494325637817 182
7.271977663040161 182
7.281301021575928 182
7.290364980697632 182
7.300431728363037 182
7.309887409210205 182
7.318647623062134 182
7.328000068664551 182
7.337332010269165 182
7.346070766448975 182
7.35605001449585 182
7.365336656570435 182
7.373561859130859 182
7.383268594741821 182
7.3921544551849365 182
7.402129888534546 182
7.4114391803741455 182
7.420485734939575 182
7.429761648178101 182
7.438982248306274 182
7.452470064163208 182
7.461905002593994 182
7.471312761306763 182
7.481239557266235 182
7.490257501602173 182
7.500347137451172 182
7.510587692260742 182
7.519856214523315 182
7.528628349304199 181
7.537948131561279 181
7.54723334312439 181
7.5573039054870605 181
7.566245794296265 181
7.575453758239746 181
7.585233926773071 181
7.593608617782593 181
7.603639602661133 181
7.612424612045288 181
7.6216881275177 181
7.631049871444702 181
7.6400439739227295 181
7.649168968200684 181
7.659095048904419 181
7.667994260787964 181
7.677255392074585 181
7.687087774276733 181
7.695952653884888 181
7.707094192504883 181
7.7158567905426025 181
7.725069046020508 181
7.733257532119751 181
7.742126941680908 181
7.751516580581665 181
7.761579513549805 181
7.7734904289245605 181
7.7923643589019775 181
7.820014238357544 181
7.831589698791504 181
7.842615842819214 181
7.864047050476074 181
7.876216650009155 181
7.887028932571411 181
7.8958375453948975 181
7.905046224594116 181
7.915518283843994 181
7.925286293029785 181
7.933551549911499 181
7.9422948360443115 181
7.951596021652222 181
7.96172308921814 181
7.970946550369263 181
7.979941129684448 181
7.98978066444397 181
7.998505115509033 181
8.007756233215332 181
8.017741918563843 181
8.026601314544678 181
8.03568720817566 181
8.045125246047974 181
8.053362131118774 181
8.063425779342651 181
8.072258949279785 181
8.081529378890991 181
8.09138035774231 181
8.100403547286987 181
8.109795570373535 181
8.119682788848877 181
8.137085676193237 181
8.145955562591553 181
8.155436992645264 181
8.165587425231934 181
8.17459487915039 181
8.182646751403809 181
8.195473670959473 181
8.204571962356567 181
8.215017318725586 181
8.22342586517334 181
8.232239007949829 181
8.241495370864868 181
8.255982637405396 181
8.265931367874146 181
8.275239944458008 181
8.283626556396484 181
8.292403221130371 181
8.302125215530396 181
8.311388969421387 181
8.321334600448608 181
8.330358982086182 181
8.339487075805664 181
8.348488569259644 181
8.35772156715393 181
8.367769002914429 181
8.376938581466675 181
8.385782480239868 181
8.395342588424683 181
8.405216217041016 181
8.413488388061523 181
8.42359471321106 181
8.432401180267334 181
8.441681861877441 181
8.450913906097412 181
8.459922313690186 181
8.47007942199707 181
8.479349851608276 181
8.488235235214233 181
8.497501373291016 181
8.507301807403564 181
8.51606798171997 181
8.526258945465088 181
8.535481691360474 181
8.544067144393921 181
8.552479267120361 181
8.561761617660522 181
8.571808815002441 181
8.581050872802734 181
8.59020471572876 181
8.60542368888855 181
8.627993106842041 181
8.650064468383789 181
8.671662330627441 181
8.681040287017822 181
8.690193891525269 181
8.699399948120117 181
8.710086822509766 181
8.721526384353638 181
8.730546236038208 181
8.739900350570679 181
8.748952865600586 181
8.757975101470947 181
8.76736330986023 181
8.777297735214233 181
8.786059379577637 181
8.795332670211792 181
8.803578853607178 181
8.813303709030151 181
8.82352352142334 181
8.832334518432617 181
8.84160566329956 181
8.850889682769775 181
8.85989499092102 181
8.869170188903809 181
8.879209280014038 181
8.888285160064697 181
8.897542715072632 181
8.906333446502686 181
8.91608738899231 181
8.925983428955078 181
8.93524718284607 181
8.944008588790894 181
8.952421188354492 181
8.96171498298645 181
8.971137523651123 181
8.981073141098022 181
8.990063190460205 181
8.999345541000366 181
9.00835633277893 181
9.018124103546143 181
9.028171062469482 181
9.037419319152832 181
9.046165943145752 181
9.059258222579956 181
9.068268299102783 181
9.078424215316772 181
9.087778091430664 181
9.09691572189331 181
9.105741739273071 181
9.11537766456604 181
9.129749774932861 181
9.150973796844482 181
9.171210765838623 181
9.190991878509521 181
9.206595182418823 181
9.215667247772217 181
9.226192951202393 181
9.236273765563965 181
9.248321771621704 181
9.2698974609375 181
9.28023099899292 181
9.2893705368042 181
9.298271179199219 181
9.30841875076294 181
9.317608118057251 181
9.327348709106445 181
9.33611273765564 181
9.345327615737915 181
9.355351686477661 181
9.364105939865112 181
9.372491598129272 181
9.381779432296753 181
9.391037940979004 181
9.400198936462402 181
9.410207748413086 181
9.419377565383911 181
9.429301977157593 181
9.438154220581055 181
9.447429656982422 181
9.461008548736572 181
9.470182418823242 181
9.479487895965576 181
9.48856806755066 181
9.497772932052612 181
9.50782585144043 181
9.517037391662598 181
9.526277780532837 181
9.535468578338623 181
9.544548034667969 181
9.552530765533447 181
9.562554597854614 181
9.571836948394775 181
9.581074237823486 181
9.590397357940674 181
9.599675416946411 181
9.609723806381226 181
9.61851191520691 181
9.628248453140259 181
9.637520790100098 181
9.646290063858032 181
9.65569281578064 181
9.665854692459106 181
9.675063848495483 181
9.683365821838379 181
9.692177057266235 181
9.701436758041382 181
9.712252378463745 181
9.721520185470581 181
9.731310367584229 181
9.741403341293335 181
9.750403642654419 181
9.760411500930786 181
9.769681453704834 181
9.778440475463867 181
9.787852048873901 181
9.7971670627594 181
9.805932998657227 181
9.81593656539917 181
9.825197458267212 181
9.834900856018066 181
9.843429565429688 181
9.862313747406006 181
9.875612258911133 181
9.888171911239624 181
9.900246620178223 181
9.914604663848877 181
9.927137851715088 181
9.938297510147095 181
9.947563171386719 181
9.956310749053955 181
9.966509819030762 181
9.975689888000488 181
9.98490309715271 181
9.992657899856567 181
