0 0
0.005922079086303711 0
0.019517898559570312 0
0.028668880462646484 0
0.03871941566467285 2
0.0480046272277832 4
0.05675506591796875 6
0.0660097599029541 10
0.07523679733276367 14
0.08420586585998535 19
0.09431815147399902 24
0.10409069061279297 29
0.11340522766113281 34
0.1217339038848877 40
0.13055419921875 48
0.14051461219787598 54
0.15001130104064941 60
0.1593635082244873 68
0.1685500144958496 74
0.17785143852233887 82
0.18666863441467285 89
0.197129487991333 97
0.20679569244384766 105
0.21616435050964355 115
0.2294001579284668 123
0.23859143257141113 131
0.2487804889678955 139
0.25816965103149414 146
0.26753878593444824 154
0.27645230293273926 162
0.2858560085296631 171
0.29589200019836426 177
0.3055839538574219 186
0.3143479824066162 194
0.32378268241882324 201
0.3330717086791992 208
0.3414325714111328 216
0.35150933265686035 224
0.360337495803833 231
0.3696937561035156 240
0.37874770164489746 248
0.3882138729095459 256
0.3982257843017578 263
0.40787196159362793 270
0.41673851013183594 276
0.42610597610473633 280
0.4353804588317871 285
0.44565582275390625 288
0.45462465286254883 290
0.4638519287109375 292
0.4732091426849365 292
0.4827389717102051 291
0.4916718006134033 290
0.50223708152771 287
0.51161789894104 284
0.5204751491546631 280
0.5298299789428711 276
0.5391242504119873 272
0.5492715835571289 266
0.5585410594940186 260
0.5679831504821777 255
0.577136754989624 248
0.5861916542053223 243
0.5955500602722168 236
0.6057636737823486 228
0.6156089305877686 218
0.6283760070800781 212
0.637704610824585 205
0.6478214263916016 198
0.6571142673492432 193
0.666130542755127 189
0.6754820346832275 184
0.684424877166748 182
0.6937282085418701 179
0.7038202285766602 178
0.7134220600128174 178
0.7217423915863037 179
0.730555534362793 180
0.739842414855957 182
0.7499425411224365 185
0.7593269348144531 189
0.7683563232421875 192
0.77754807472229 196
0.7864518165588379 199
0.7957656383514404 204
0.8059220314025879 206
0.8158442974090576 208
0.8250679969787598 210
0.8350710868835449 212
0.8439898490905762 212
0.8540999889373779 212
0.8634850978851318 211
0.8717916011810303 210
0.8805882930755615 207
0.8899047374725342 205
0.8992288112640381 202
0.9093563556671143 200
0.9193964004516602 196
0.9285733699798584 194
0.9378616809844971 192
0.9471104145050049 189
0.956801176071167 187
0.9661154747009277 186
0.9754765033721924 184
0.9843566417694092 183
0.9944667816162109 183
1.005763292312622 183
1.0146827697753906 183
1.0278301239013672 184
1.0367240905761719 185
1.0461938381195068 186
1.0563278198242188 187
1.065598487854004 188
1.0744755268096924 189
1.083695650100708 190
1.0930907726287842 191
1.1015288829803467 191
1.1116831302642822 192
1.1206307411193848 192
1.1304714679718018 192
1.1398694515228271 191
1.1491467952728271 190
1.159132719039917 190
1.1683666706085205 189
1.1775624752044678 188
1.1864612102508545 188
1.1957533359527588 187
1.205106258392334 187
1.2153394222259521 186
1.224259376525879 186
1.2339458465576172 186
1.243190050125122 185
1.251490592956543 185
1.265702486038208 185
1.2744288444519043 185
1.2839598655700684 185
1.2932143211364746 185
1.3014554977416992 185
1.311673879623413 185
1.3215336799621582 185
1.3303885459899902 185
1.3453035354614258 185
1.3553566932678223 185
1.3653342723846436 185
1.3754920959472656 185
1.38558030128479 185
1.3943431377410889 185
1.4036943912506104 185
1.4137589931488037 185
1.423142910003662 185
1.4365565776824951 185
1.4459168910980225 185
1.4553163051605225 185
1.4655475616455078 184
1.4742743968963623 184
1.483555555343628 184
1.4921889305114746 184
1.500594139099121 184
1.510671854019165 183
1.5200221538543701 183
1.5294015407562256 183
1.539170742034912 182
1.548192024230957 182
1.557319164276123 182
1.5673134326934814 182
1.5762279033660889 182
1.585606575012207 182
1.5944530963897705 182
1.6036949157714844 182
1.6136658191680908 182
1.6226706504821777 182
1.6306545734405518 182
1.6404035091400146 182
1.6498315334320068 182
1.6591506004333496 182
1.6690585613250732 182
1.6780509948730469 182
1.6868047714233398 182
1.696068525314331 182
1.7054283618927002 182
1.7155005931854248 182
1.724391222000122 182
1.733748197555542 182
1.7434909343719482 182
1.7517540454864502 182
1.7605736255645752 182
1.770754098892212 182
1.7800467014312744 181
1.7893099784851074 181
1.7983498573303223 181
1.8075435161590576 181
1.8174879550933838 181
1.831432580947876 181
1.8407115936279297 181
1.8501231670379639 181
1.8595857620239258 181
1.8697123527526855 181
1.8786900043487549 181
1.8887972831726074 181
1.898017168045044 181
1.9067511558532715 181
1.9159507751464844 181
1.926055908203125 181
1.9352941513061523 181
1.9446632862091064 181
1.9555447101593018 181
1.9642415046691895 181
1.975569725036621 181
1.9877166748046875 181
1.9996681213378906 181
2.013122320175171 181
2.0263986587524414 181
2.0385043621063232 181
2.051325559616089 181
2.0644452571868896 181
2.0754480361938477 181
2.0841829776763916 181
2.0934395790100098 181
2.1016876697540283 181
2.1105825901031494 181
2.121636152267456 181
2.1304738521575928 181
2.139819860458374 181
2.1494996547698975 181
2.1585569381713867 181
2.1677989959716797 181
2.177842378616333 181
2.1867716312408447 181
2.1960108280181885 181
2.2052347660064697 181
2.2140164375305176 181
2.223917245864868 181
2.2367305755615234 181
2.246201753616333 181
2.256071090698242 181
2.265336513519287 181
2.2753329277038574 181
2.284213066101074 181
2.2934682369232178 181
2.302258253097534 181
2.3106603622436523 181
2.319946050643921 181
2.3300087451934814 181
2.3393123149871826 181
2.348344326019287 181
2.3581392765045166 181
2.367421865463257 181
2.3775553703308105 181
2.3864827156066895 181
2.3974268436431885 181
2.406599521636963 181
2.415834665298462 181
2.425204038619995 181
2.4352481365203857 181
2.4440648555755615 181
2.453803062438965 181
2.4628117084503174 181
2.4708001613616943 181
2.4814250469207764 181
2.490253448486328 181
2.499549150466919 181
2.508648633956909 181
2.5179169178009033 181
2.5279765129089355 181
2.536803960800171 181
2.5462255477905273 181
2.555952548980713 181
2.56510853767395 181
2.573951244354248 181
2.583991527557373 180
2.5932483673095703 180
2.6017181873321533 180
2.6105408668518066 180
2.6198511123657227 180
2.634319305419922 179
2.643740653991699 179
2.6530916690826416 179
2.662698268890381 178
2.670694351196289 178
2.680004835128784 179
2.6900081634521484 179
2.6993014812469482 179
2.7083561420440674 179
2.7175261974334717 179
2.7265048027038574 179
2.736478090286255 179
2.7456986904144287 179
2.7544326782226562 179
2.7642922401428223 179
2.773503065109253 179
2.783506393432617 179
2.7921676635742188 179
2.800551176071167 179
2.8097944259643555 179
2.8187673091888428 179
2.828012466430664 179
2.8387222290039062 179
2.8480639457702637 179
2.8571248054504395 179
2.866384506225586 179
2.875566005706787 179
2.885565757751465 179
2.8943967819213867 179
2.9044015407562256 179
2.913696765899658 179
2.922661781311035 179
2.930675506591797 179
2.940697193145752 179
2.9499313831329346 179
2.9591288566589355 179
2.9687387943267822 179
2.9779739379882812 179
2.98799467086792 179
2.9967732429504395 179
3.0060486793518066 179
3.0152506828308105 179
3.024224042892456 179
3.038182258605957 179
3.0474488735198975 179
3.0564124584198 179
3.0658321380615234 179
3.0755257606506348 179
3.0843966007232666 179
3.094416379928589 179
3.1036040782928467 179
3.112211227416992 179
3.1205639839172363 179
3.1298069953918457 179
3.1397957801818848 179
3.149137496948242 179
3.1583046913146973 179
3.1674911975860596 179
3.1773171424865723 179
3.186199903488159 179
3.1962244510650635 179
3.205552816390991 179
3.2142486572265625 179
3.2234983444213867 179
3.231673002243042 179
3.2431225776672363 179
3.2512996196746826 179
3.27382230758667 179
3.2834341526031494 179
3.2966465950012207 179
3.3184919357299805 179
3.3343610763549805 179
3.3542370796203613 179
3.3700802326202393 179
3.3804941177368164 179
3.3899006843566895 179
3.3991148471832275 179
3.418403387069702 179
3.438368797302246 179
3.44769549369812 179
3.456620693206787 179
3.4667482376098633 179
3.4759771823883057 179
3.4856491088867188 179
3.494384288787842 179
3.5037007331848145 179
3.5132644176483154 179
3.523530960083008 179
3.5380258560180664 179
3.5474660396575928 179
3.5572381019592285 179
3.5676708221435547 179
3.5776424407958984 179
3.5873425006866455 179
3.596205234527588 179
3.605483293533325 179
3.614187240600586 179
3.6243362426757812 179
3.633559226989746 179
3.6417641639709473 179
3.6504929065704346 179
3.6597445011138916 179
3.669684648513794 179
3.678666830062866 179
3.6886658668518066 179
3.6979472637176514 179
3.706739902496338 179
3.7159337997436523 179
3.725842237472534 179
3.734680652618408 179
3.745103597640991 179
3.7550718784332275 179
3.7638747692108154 179
3.773911714553833 180
3.7831783294677734 180
3.792292356491089 180
3.800624370574951 180
3.8107447624206543 180
3.8200523853302 180
3.8308115005493164 181
3.8446526527404785 181
3.8538997173309326 181
3.863345146179199 181
3.8732235431671143 181
3.8814597129821777 181
3.890726327896118 181
3.899979591369629 181
3.9091570377349854 181
3.9181957244873047 181
3.9281463623046875 181
3.93721604347229 181
3.9462227821350098 181
3.9554619789123535 181
3.964128255844116 181
3.9740190505981445 181
3.9834821224212646 181
3.9931721687316895 181
4.001378536224365 181
4.010206937789917 181
4.0194411277771 181
4.029478073120117 181
4.0385191440582275 181
4.047888278961182 181
4.058794021606445 181
4.070640802383423 181
4.085277318954468 181
4.097807884216309 181
4.109732389450073 181
4.1227476596832275 181
4.13631796836853 181
4.1479811668396 181
4.156728982925415 181
4.166048288345337 181
4.175214767456055 181
4.185321807861328 181
4.194614887237549 181
4.2038750648498535 181
4.213088750839233 181
4.221446514129639 181
4.231412887573242 181
4.245333194732666 181
4.25420069694519 181
4.263525724411011 181
4.271753311157227 181
4.28270959854126 181
4.290677070617676 181
4.300463914871216 181
4.309751987457275 181
4.320666074752808 181
4.330701112747192 181
4.340059518814087 181
4.349453449249268 181
4.358432292938232 181
4.367612361907959 181
4.376453638076782 181
4.38649845123291 181
4.395779609680176 181
4.405706405639648 181
4.414484262466431 181
4.4236838817596436 181
4.4337098598480225 181
4.442723512649536 181
4.450705528259277 181
4.459991693496704 181
4.469475746154785 181
4.478498458862305 181
4.488544702529907 181
4.497701644897461 181
4.50753378868103 181
4.516427278518677 181
4.525851249694824 181
4.5358335971832275 181
4.5447587966918945 181
4.553858280181885 181
4.563058376312256 181
4.571319580078125 181
4.5801591873168945 181
4.590243577957153 181
4.599656105041504 181
4.609398365020752 181
4.618432283401489 181
4.627631664276123 181
4.6417412757873535 181
4.650547027587891 181
4.659918785095215 181
4.669301748275757 181
4.678350210189819 181
4.688379287719727 181
4.697805881500244 181
4.707560300827026 181
4.716424226760864 181
4.725804567337036 181
4.734681844711304 181
4.74465537071228 181
4.753774404525757 181
4.76320743560791 181
4.771466493606567 181
4.780289173126221 181
4.790355205535889 181
4.799598932266235 181
4.809315919876099 181
4.818350791931152 181
4.828382968902588 181
4.840094804763794 181
4.849401950836182 181
4.8585731983184814 181
4.867806911468506 181
4.876609802246094 181
4.885972261428833 181
4.895977258682251 181
4.905333757400513 181
4.914687871932983 181
4.923789024353027 180
4.933056831359863 180
4.943307399749756 180
4.951590538024902 180
4.960395812988281 180
4.969729900360107 179
4.978729486465454 179
4.988191843032837 179
4.998098611831665 178
5.007357358932495 178
5.016560077667236 178
5.025821924209595 178
5.034786701202393 179
5.0487220287323 179
5.058088779449463 179
5.067488431930542 179
5.076357126235962 179
5.085581541061401 179
5.0956034660339355 179
5.104325294494629 179
5.113703727722168 179
5.123492956161499 179
5.1316916942596436 179
5.140479564666748 179
5.150333404541016 179
5.159580945968628 179
5.168578863143921 179
5.177815675735474 179
5.186631917953491 179
5.196534633636475 179
5.20583176612854 179
5.214659690856934 179
5.224138259887695 179
5.233368873596191 179
5.241713285446167 179
5.25218939781189 179
5.260554790496826 179
5.269815444946289 179
5.2790467739105225 179
5.288185358047485 179
5.298198223114014 179
5.307416200637817 179
5.3162572383880615 179
5.326010465621948 179
5.336468935012817 179
5.347280979156494 179
5.356180429458618 179
5.3656415939331055 179
5.374645471572876 179
5.383711814880371 179
5.392701148986816 179
5.403057336807251 179
5.410811185836792 179
5.420040130615234 179
5.429851531982422 179
5.443674325942993 179
5.453843832015991 179
5.463202238082886 179
5.4714674949646 179
5.480284929275513 179
5.489691972732544 179
5.499646186828613 179
5.5087950229644775 179
5.518043279647827 179
5.527673006057739 179
5.536492824554443 179
5.547422885894775 179
5.55738091468811 179
5.566261291503906 179
5.5839457511901855 179
5.59318470954895 179
5.603253126144409 179
5.611485242843628 179
5.62025785446167 179
5.629907131195068 179
5.63923192024231 179
5.648194789886475 179
5.658332824707031 179
5.667611837387085 179
5.676418304443359 179
5.685673475265503 179
5.694400072097778 179
5.704371690750122 179
5.713576078414917 179
5.722287178039551 179
5.731603384017944 179
5.740353584289551 179
5.749628067016602 179
5.759540557861328 179
5.768601655960083 179
5.7778356075286865 179
5.786744594573975 179
5.795908689498901 179
5.805858612060547 179
5.814683198928833 179
5.823766231536865 179
5.834065675735474 179
5.848124742507935 179
5.85824728012085 179
5.86746883392334 179
5.876400709152222 179
5.885669946670532 179
5.894634962081909 179
5.904795408248901 179
5.913913726806641 179
5.9231321811676025 179
5.931301593780518 179
5.940616846084595 179
5.949850797653198 179
5.959805727005005 179
5.969283103942871 179
5.978322982788086 179
5.987491130828857 179
5.996356964111328 179
6.006320953369141 179
6.015634536743164 180
6.024509429931641 180
6.033760070800781 180
6.043493032455444 180
6.051703691482544 180
6.061737775802612 180
6.070509433746338 180
6.079777002334595 180
6.089097023010254 180
6.098061561584473 180
6.107921600341797 180
6.1167614459991455 180
6.126027345657349 180
6.1365156173706055 180
6.149376392364502 180
6.163511037826538 180
6.175589561462402 180
6.1875832080841064 180
6.199538469314575 180
6.213789701461792 180
6.225802898406982 180
6.234684944152832 180
6.2478554248809814 180
6.256676197052002 180
6.267337083816528 180
6.276290655136108 180
6.285786390304565 180
6.294646978378296 180
6.3038060665130615 180
6.31377911567688 180
6.3232176303863525 180
6.331419467926025 180
6.34018087387085 180
6.349924802780151 180
6.363110542297363 180
6.371363878250122 180
6.380155563354492 180
6.389503479003906 180
6.398519039154053 180
6.407617568969727 180
6.4176552295684814 180
6.426424980163574 180
6.435671091079712 180
6.444774866104126 180
6.454289674758911 180
6.464243412017822 180
6.4734814167022705 180
6.481733083724976 180
6.490510702133179 180
6.499735355377197 180
6.5088112354278564 180
6.519094944000244 180
6.528039455413818 180
6.536742210388184 180
6.546053409576416 180
6.55579686164856 180
6.565878391265869 180
6.575081825256348 180
6.583881616592407 180
6.593080043792725 180
6.600781202316284 180
6.6101014614105225 180
6.620116233825684 180
6.629460096359253 180
6.638449192047119 180
6.652738809585571 180
6.660702228546143 180
6.6715123653411865 180
6.6802895069122314 180
6.689697027206421 180
6.698699235916138 180
6.707879066467285 180
6.717649459838867 180
6.726602554321289 180
6.735790967941284 180
6.7448015213012695 180
6.753835201263428 180
6.762808799743652 180
6.772800922393799 180
6.780726194381714 180
6.7899885177612305 180
6.799159049987793 180
6.808253049850464 180
6.817340612411499 180
6.827284336090088 180
6.8372626304626465 180
6.846087694168091 180
6.855291843414307 180
6.865885972976685 180
6.87580680847168 180
6.884638547897339 180
6.893748998641968 180
6.902736663818359 180
6.910692930221558 180
6.9216320514678955 180
6.9304211139678955 180
6.939875602722168 180
6.949090957641602 180
6.958601951599121 180
6.967706203460693 180
6.977804183959961 180
6.986677408218384 180
6.995847225189209 180
7.0046751499176025 180
7.013762712478638 180
7.02359414100647 180
7.031767129898071 180
7.040505647659302 180
7.054182291030884 180
7.064067363739014 180
7.0741119384765625 180
7.083343982696533 180
7.097865104675293 180
7.106794595718384 180
7.115966081619263 180
7.125919342041016 180
7.135051727294922 180
7.143876314163208 180
7.152812719345093 180
7.160810708999634 180
7.170606851577759 180
7.180639266967773 180
7.1898956298828125 180
7.199210166931152 180
7.208167552947998 180
7.217290639877319 180
7.227359771728516 180
7.236222743988037 180
7.245489120483398 180
7.254298448562622 180
7.263492584228516 180
7.273195743560791 180
7.283483028411865 180
7.291684865951538 180
7.300411701202393 180
7.309683799743652 180
7.318635702133179 180
7.32870888710022 180
7.338182687759399 180
7.347453355789185 180
7.356292724609375 180
7.3655478954315186 180
7.376527786254883 180
7.386775732040405 180
7.396107912063599 180
7.405465602874756 180
7.41414213180542 180
7.423346281051636 180
7.433290004730225 180
7.441531419754028 180
7.455449104309082 180
7.464375257492065 180
7.474140644073486 180
7.484147071838379 180
7.493359327316284 180
7.501584053039551 180
7.510375022888184 180
7.51960825920105 180
7.528653621673584 180
7.538703203201294 180
7.5479576587677 180
7.556676626205444 180
7.565918922424316 180
7.575499773025513 180
7.58566951751709 180
7.5944294929504395 180
7.603596448898315 180
7.6117634773254395 180
7.6204633712768555 180
7.6297447681427 180
7.63976788520813 180
7.649139642715454 180
7.658108711242676 180
7.667123079299927 180
7.676488876342773 180
7.686377048492432 180
7.695590972900391 180
7.704408884048462 180
7.7137415409088135 180
7.722697734832764 180
7.73065185546875 180
7.74056077003479 180
7.749820232391357 180
7.758763074874878 180
7.768126487731934 180
7.777658700942993 180
7.787703990936279 180
7.796518564224243 180
7.805751800537109 180
7.8144683837890625 180
7.823776006698608 180
7.833714246749878 180
7.843801021575928 180
7.856576919555664 180
7.865908622741699 180
7.875234603881836 180
7.886545419692993 180
7.89577054977417 180
7.904499292373657 180
7.913725852966309 180
7.92266583442688 180
7.930628299713135 180
7.940676927566528 180
7.950040578842163 180
7.959351301193237 180
7.968329906463623 180
7.977640867233276 180
7.9881062507629395 180
7.9972686767578125 180
8.006264686584473 180
8.015533685684204 180
8.024241209030151 180
8.033456563949585 180
8.043382406234741 180
8.051611423492432 180
8.06037449836731 180
8.069753885269165 180
8.07871699333191 180
8.089432954788208 180
8.098411321640015 180
8.107669591903687 180
8.116475582122803 180
8.12584662437439 180
8.13467001914978 180
8.144656658172607 180
8.153815031051636 180
8.162790536880493 180
8.170724391937256 180
8.179991483688354 180
8.190519571304321 180
8.19978404045105 180
8.20879602432251 180
8.220362424850464 180
8.23355507850647 180
8.257861614227295 180
8.275440454483032 180
8.28749394416809 180
8.308572769165039 180
8.330036878585815 180
8.34993052482605 180
8.366812944412231 180
8.376039743423462 180
8.386076927185059 180
8.395738124847412 180
8.411675214767456 180
8.429783821105957 180
8.439444541931152 180
8.448378086090088 180
8.457510471343994 180
8.467406034469604 180
8.476234436035156 180
8.485598087310791 180
8.495382308959961 180
8.504084825515747 180
8.51333475112915 180
8.528547763824463 180
8.53766918182373 180
8.546591520309448 180
8.55581021308899 180
8.564648628234863 180
8.575942277908325 180
8.585981845855713 180
8.595036745071411 180
8.604467868804932 180
8.613624334335327 180
8.623714685440063 180
8.633456945419312 180
8.643036603927612 180
8.65585732460022 180
8.665296792984009 180
8.675475597381592 180
8.684199571609497 180
8.693449258804321 180
8.71159315109253 180
8.73176908493042 180
8.74052357673645 180
8.749797105789185 180
8.76076054573059 180
8.770117282867432 180
8.78014612197876 180
8.789514541625977 180
8.798534393310547 180
8.80819034576416 180
8.818175792694092 180
8.828049182891846 180
8.838037252426147 180
8.85475206375122 180
8.863803386688232 180
8.87274432182312 180
8.887691497802734 180
8.896622896194458 180
8.908380031585693 180
8.91769814491272 180
8.927839040756226 180
8.936589241027832 180
8.945783138275146 180
8.954506874084473 180
8.964637517929077 180
8.973768711090088 180
8.983827829360962 180
8.992781639099121 180
9.000712394714355 180
9.011634111404419 180
9.020377159118652 180
9.030407190322876 180
9.039694786071777 180
9.048643350601196 180
9.063138723373413 180
9.073700666427612 180
9.083955526351929 180
9.093209981918335 180
9.103692293167114 180
9.11337947845459 180
9.123013496398926 180
9.133377075195312 180
9.142156600952148 180
9.150508880615234 180
9.159772157669067 180
9.168722867965698 180
9.178746223449707 180
9.18799376487732 180
9.196711778640747 180
9.206050872802734 180
9.215681076049805 180
9.22440242767334 180
9.234368324279785 180
9.243576526641846 180
9.251782417297363 180
9.260521173477173 180
9.269847869873047 180
9.279750347137451 180
9.289139986038208 180
9.298099040985107 180
9.307121992111206 180
9.316499948501587 180
9.326279878616333 180
9.33643388748169 180
9.345706462860107 180
9.354432821273804 180
9.363601207733154 180
9.37215542793274 180
9.382665634155273 180
9.39067006111145 180
9.399900913238525 180
9.409241199493408 180
9.41834807395935 180
9.427513122558594 180
9.437408447265625 180
9.446373701095581 180
9.459352493286133 180
9.46846628189087 180
9.477714776992798 180
9.487812995910645 180
9.496585369110107 180
9.505887985229492 180
9.514668941497803 180
9.524261951446533 180
9.534308910369873 180
9.54351806640625 180
9.551719665527344 180
9.560474872589111 180
9.56982684135437 180
9.578806161880493 180
9.588762283325195 180
9.597981214523315 180
9.606734037399292 180
9.615924596786499 180
9.625767230987549 180
9.63741683959961 180
9.6465904712677 180
9.655776739120483 180
9.664783716201782 180
9.673859596252441 180
9.683173656463623 180
9.693235158920288 180
9.701440811157227 180
9.710159540176392 180
9.719390869140625 180
9.729082584381104 180
9.744208335876465 180
9.75347089767456 180
9.76168704032898 180
9.770452737808228 180
9.779751539230347 180
9.789737701416016 180
9.799089908599854 180
9.808192729949951 180
9.817275762557983 180
9.826586246490479 180
9.836520910263062 180
9.846524238586426 180
9.859357833862305 180
9.868561267852783 180
9.877904891967773 180
9.886709928512573 180
9.89661431312561 180
9.905850887298584 180
9.914668560028076 180
9.923882961273193 180
9.933532476425171 180
9.943547010421753 180
9.951764106750488 180
9.96056842803955 180
9.96979570388794 180
9.97871994972229 180
9.988070726394653 180
9.998053312301636 180
