0 0
0.005866527557373047 0
0.02059340476989746 1
0.03042316436767578 3
0.04079890251159668 4
0.05007481575012207 7
0.06013035774230957 11
0.06948590278625488 15
0.07940959930419922 20
0.08801698684692383 26
0.0969231128692627 32
0.10703277587890625 37
0.11644601821899414 43
0.125823974609375 52
0.13935112953186035 59
0.14745140075683594 67
0.1584470272064209 74
0.16736578941345215 81
0.17684650421142578 89
0.18668580055236816 96
0.19608831405639648 104
0.2063601016998291 112
0.2154865264892578 120
0.2249133586883545 126
0.23420095443725586 135
0.24316644668579102 143
0.25261807441711426 151
0.2628462314605713 157
0.27223920822143555 166
0.2820713520050049 174
0.2910885810852051 181
0.30039262771606445 190
0.31048059463500977 195
0.320026159286499 200
0.32838869094848633 205
0.3372824192047119 209
0.3467118740081787 212
0.3568282127380371 214
0.36623311042785645 215
0.3753848075866699 215
0.3853123188018799 214
0.3947029113769531 212
0.40397119522094727 209
0.4141519069671631 206
0.42327070236206055 201
0.432767391204834 198
0.4422445297241211 193
0.45107507705688477 188
0.46135687828063965 183
0.47066164016723633 180
0.4800291061401367 176
0.48984575271606445 174
0.498319149017334 171
0.5071675777435303 170
0.5171854496002197 169
0.5265896320343018 169
0.5422308444976807 170
0.5514397621154785 172
0.5619800090789795 173
0.5708415508270264 175
0.5801875591278076 178
0.5900106430053711 179
0.5983548164367676 182
0.6072375774383545 184
0.6173796653747559 186
0.6268582344055176 187
0.6362621784210205 188
0.6453406810760498 189
0.6547818183898926 189
0.6649394035339355 189
0.6742279529571533 189
0.6833217144012451 189
0.6930930614471436 188
0.702498197555542 187
0.7124459743499756 186
0.7218968868255615 185
0.7307374477386475 185
0.7401599884033203 184
0.7489013671875 183
0.7573802471160889 183
0.7678613662719727 182
0.7768590450286865 182
0.7862277030944824 182
0.7959551811218262 182
0.8052279949188232 182
0.8154256343841553 182
0.8247592449188232 181
0.8340103626251221 182
0.8429591655731201 182
0.8523242473602295 182
0.8613729476928711 182
0.8713786602020264 182
0.8806815147399902 182
0.889979362487793 182
0.8994512557983398 182
0.9074885845184326 182
0.9180569648742676 182
0.9269697666168213 182
0.9419233798980713 182
0.9509084224700928 182
0.9603116512298584 182
0.9703915119171143 182
0.980583667755127 182
0.9899084568023682 182
0.9994933605194092 182
1.007887840270996 182
1.018014669418335 182
1.0269124507904053 182
1.0362372398376465 182
1.0454044342041016 182
1.056586742401123 182
1.0658857822418213 182
1.0761785507202148 182
1.0852453708648682 182
1.0945510864257812 182
1.1042485237121582 182
1.113133192062378 182
1.1232619285583496 182
1.132655143737793 182
1.141922950744629 182
1.150775671005249 182
1.160214900970459 182
1.170194149017334 182
1.178853988647461 182
1.1872992515563965 182
1.1965909004211426 182
1.2064716815948486 182
1.215843677520752 182
1.2259292602539062 182
1.2349927425384521 182
1.2443337440490723 182
1.2532191276550293 182
1.262511968612671 182
1.2725634574890137 182
1.2820591926574707 182
1.2908446788787842 182
1.3001022338867188 182
1.3097729682922363 182
1.3180925846099854 182
1.3282909393310547 182
1.3424842357635498 182
1.351783275604248 182
1.3607900142669678 182
1.3700826168060303 182
1.3800711631774902 182
1.3883850574493408 182
1.3972139358520508 182
1.4157509803771973 182
1.4260070323944092 182
1.435347318649292 182
1.4446899890899658 182
1.453498125076294 182
1.4640798568725586 182
1.4740662574768066 182
1.4830505847930908 182
1.4923856258392334 182
1.5011587142944336 182
1.5107839107513428 182
1.5209577083587646 182
1.5322210788726807 182
1.5409958362579346 182
1.550286054611206 182
1.5589265823364258 182
1.5673742294311523 182
1.577439308166504 182
1.5868992805480957 182
1.596341609954834 182
1.6054155826568604 182
1.6151695251464844 182
1.624495029449463 182
1.6346757411956787 182
1.6439628601074219 182
1.652876853942871 182
1.6621999740600586 182
1.671027660369873 182
1.6810595989227295 182
1.6903057098388672 182
1.699714183807373 182
1.7078735828399658 182
1.717235803604126 182
1.7274341583251953 182
1.7417664527893066 182
1.7508091926574707 182
1.761091709136963 182
1.7732586860656738 182
1.7865424156188965 182
1.7999722957611084 182
1.8120999336242676 182
1.8251399993896484 182
1.8383784294128418 182
1.8518729209899902 182
1.864126205444336 182
1.8745322227478027 182
1.884659767150879 182
1.8934273719787598 182
1.9027907848358154 182
1.9121417999267578 182
1.9218056201934814 182
1.931891918182373 182
1.9409539699554443 182
1.9502532482147217 182
1.9588813781738281 182
1.970174789428711 182
1.980320692062378 182
1.9903173446655273 182
1.999821424484253 182
2.008120059967041 182
2.0169906616210938 182
2.026782989501953 182
2.038191795349121 182
2.047022819519043 182
2.056389331817627 182
2.065732955932617 182
2.074873685836792 182
2.0849874019622803 182
2.0942955017089844 182
2.103158950805664 182
2.112626075744629 182
2.12203049659729 182
2.132047414779663 182
2.1454291343688965 182
2.1548733711242676 182
2.1641855239868164 182
2.1731112003326416 182
2.182544469833374 182
2.192622423171997 182
2.2018983364105225 182
2.2107656002044678 182
2.2200727462768555 182
2.229889154434204 182
2.2402219772338867 182
2.2488462924957275 182
2.2573487758636475 182
2.2666730880737305 182
2.2760183811187744 182
2.2850723266601562 182
2.2950685024261475 182
2.3043596744537354 182
2.3132264614105225 182
2.322533130645752 182
2.331434488296509 182
2.341756820678711 182
2.3511385917663574 182
2.360530376434326 182
2.3699162006378174 182
2.378237724304199 182
2.3883018493652344 182
2.3971574306488037 182
2.4109578132629395 182
2.4203927516937256 182
2.4302077293395996 182
2.4424619674682617 182
2.462449073791504 182
2.4823110103607178 182
2.502718687057495 182
2.516550302505493 182
2.525878667831421 182
2.5353970527648926 182
2.5584352016448975 182
2.5765814781188965 182
2.586468458175659 182
2.5966243743896484 182
2.606088876724243 182
2.6169588565826416 182
2.6262753009796143 182
2.6365256309509277 182
2.6469342708587646 182
2.656217575073242 182
2.6663503646850586 182
2.6760878562927246 182
2.68520188331604 182
2.6944010257720947 182
2.7045764923095703 182
2.71470046043396 182
2.7247860431671143 182
2.7339603900909424 182
2.7432854175567627 182
2.7525758743286133 182
2.7620058059692383 182
2.7721455097198486 182
2.7810773849487305 182
2.790395975112915 182
2.7994420528411865 182
2.807483673095703 182
2.817899465560913 182
2.8268978595733643 182
2.8361659049987793 182
2.8460583686828613 182
2.85516619682312 182
2.864374876022339 182
2.874499559402466 181
2.88334321975708 182
2.8927481174468994 182
2.902249813079834 182
2.9110732078552246 182
2.9210071563720703 181
2.9303109645843506 181
2.9438164234161377 182
2.9529244899749756 182
2.9625306129455566 182
2.9727954864501953 182
2.982835292816162 181
2.9921977519989014 181
3.0009799003601074 181
3.0102529525756836 182
3.01940655708313 182
3.029771089553833 182
3.038053274154663 182
3.047390937805176 181
3.057879686355591 181
3.066845178604126 181
3.076885938644409 182
3.0863990783691406 182
3.095463275909424 182
3.104753255844116 182
3.113945960998535 182
3.124039888381958 181
3.1330041885375977 181
3.1424543857574463 182
3.152362823486328 182
3.1614584922790527 182
3.170604944229126 182
3.1806654930114746 182
3.189936876296997 181
3.19838547706604 181
3.2071948051452637 182
3.2165091037750244 182
3.226694345474243 182
3.236058473587036 182
3.2450551986694336 181
3.254734992980957 181
3.264055013656616 181
3.2729623317718506 182
3.283130168914795 182
3.2925212383270264 182
3.3014655113220215 182
3.3105618953704834 182
3.3200340270996094 181
3.3301005363464355 181
3.3383948802948 182
3.3526530265808105 182
3.3621177673339844 182
3.371032238006592 182
3.3810997009277344 181
3.3903861045837402 181
3.399446725845337 181
3.4074647426605225 182
3.416898727416992 182
3.427032947540283 182
3.4364638328552246 182
3.445887327194214 181
3.455338716506958 181
3.464684247970581 181
3.4734621047973633 182
3.4834985733032227 182
3.4928834438323975 182
3.5022943019866943 182
3.5110890865325928 182
3.5203394889831543 181
3.530261516571045 181
3.5394344329833984 181
3.5474514961242676 182
3.56584095954895 182
3.5749480724334717 182
3.5849266052246094 182
3.594148635864258 181
3.6030726432800293 181
3.612419843673706 181
3.621776580810547 182
3.631927967071533 182
3.6408071517944336 182
3.650122880935669 182
3.6584279537200928 182
3.6682400703430176 181
3.6771018505096436 181
3.6872940063476562 182
3.696626901626587 182
3.705909013748169 182
3.71494197845459 182
3.724241256713867 182
3.734212875366211 181
3.7471015453338623 181
3.7565598487854004 182
3.7665464878082275 182
3.7760627269744873 182
3.786198616027832 182
3.7952635288238525 181
3.8047306537628174 181
3.814014434814453 181
3.822927474975586 181
3.8322343826293945 182
3.8441553115844727 182
3.8562028408050537 182
3.8702094554901123 181
3.8824102878570557 181
3.895899772644043 182
3.9080870151519775 182
3.921295166015625 182
3.9340291023254395 182
3.9443860054016113 181
3.9533731937408447 181
3.962679386138916 181
3.9725258350372314 182
3.982738733291626 182
3.9928746223449707 182
4.002214431762695 182
4.010964870452881 182
4.020257234573364 181
4.02889609336853 181
4.039752721786499 181
4.0480263233184814 182
4.056892156600952 182
4.066394567489624 182
4.076862573623657 182
4.086182117462158 181
4.096306324005127 181
4.10574746131897 181
4.114828109741211 181
4.124002695083618 182
4.132954835891724 182
4.146907091140747 182
4.156342506408691 182
4.165874004364014 181
4.175807237625122 181
4.184835195541382 181
4.194951057434082 182
4.204120397567749 182
4.213027000427246 182
4.222419023513794 182
4.23134446144104 181
4.241490125656128 181
4.250657320022583 181
4.259937286376953 181
4.268221139907837 182
4.2781593799591064 182
4.287081956863403 182
4.297242164611816 182
4.306565999984741 181
4.3158886432647705 181
4.325081825256348 181
4.334288835525513 181
4.344535827636719 182
4.353346109390259 182
4.362677574157715 182
4.371976375579834 182
4.381437540054321 181
4.390602350234985 181
4.4009411334991455 181
4.410185098648071 181
4.418483018875122 182
4.427379369735718 182
4.43671727180481 182
4.4468278884887695 181
4.456303358078003 181
4.465736627578735 181
4.47477912902832 181
4.484548807144165 182
4.49455189704895 182
4.503471851348877 182
4.512770175933838 182
4.5221848487854 181
4.531018018722534 181
4.540319919586182 181
4.5541791915893555 182
4.563212156295776 182
4.5726237297058105 182
4.584021806716919 182
4.593304634094238 181
4.6034345626831055 181
4.612807512283325 181
4.622159719467163 181
4.630967140197754 182
4.640413999557495 182
4.650505065917969 182
4.659762382507324 181
4.668152093887329 181
4.677037715911865 181
4.6868016719818115 181
4.6960999965667725 182
4.706310749053955 182
4.715789556503296 182
4.724859952926636 182
4.734049558639526 181
4.742998123168945 181
4.7531418800354 181
4.762557744979858 181
4.771762132644653 182
4.780665874481201 182
4.790438890457153 182
4.800516843795776 182
4.809802770614624 181
4.818244934082031 181
4.8271424770355225 181
4.836479902267456 181
4.845892667770386 182
4.855914115905762 182
4.865358829498291 182
4.874680519104004 182
4.884022235870361 181
4.8934197425842285 181
4.903451204299927 181
4.912835121154785 181
4.922158718109131 182
4.9309515953063965 182
4.940428733825684 182
4.954558849334717 181
4.963796138763428 181
4.973074197769165 181
4.983103275299072 181
4.992391109466553 182
5.002411127090454 182
5.0117738246917725 182
5.02066445350647 182
5.029966592788696 181
5.038404226303101 181
5.047261953353882 181
5.057416200637817 181
5.066819190979004 182
5.076126337051392 182
5.085236072540283 182
5.095321178436279 182
5.10577917098999 181
5.11490273475647 181
5.124241828918457 181
5.133124589920044 181
5.142448902130127 182
5.1513450145721436 182
5.1613664627075195 182
5.170539140701294 182
5.1799421310424805 181
5.188252687454224 181
5.198103189468384 181
5.208151578903198 181
5.216967582702637 182
5.226275682449341 182
5.235456466674805 182
5.244946002960205 182
5.254170656204224 181
5.264318943023682 181
5.273253679275513 181
5.282531499862671 181
5.291466236114502 182
5.301337718963623 182
5.311378002166748 182
5.320580244064331 182
5.3298962116241455 181
5.338183641433716 181
5.35199761390686 181
5.362362384796143 182
5.371363401412964 182
5.380706071853638 182
5.390011787414551 182
5.398359775543213 181
5.410045862197876 181
5.418480157852173 181
5.4273762702941895 181
5.4367029666900635 182
5.4460084438323975 182
5.455077171325684 182
5.465051889419556 182
5.4742653369903564 181
5.483315706253052 181
5.492802143096924 181
5.50252628326416 182
5.512498617172241 182
5.521770238876343 182
5.530656337738037 182
5.540047645568848 181
5.548369646072388 181
5.557174921035767 181
5.569905757904053 182
5.57817268371582 182
5.587162017822266 182
5.596498727798462 181
5.608398675918579 181
5.619371652603149 181
5.627446889877319 181
5.636806011199951 182
5.646129846572876 182
5.655225038528442 182
5.665427923202515 181
5.674713134765625 181
5.691787481307983 181
5.700653791427612 181
5.710399150848389 182
5.720658302307129 182
5.729902505874634 182
5.738191366195679 181
5.7520294189453125 181
5.760953187942505 181
5.771141290664673 182
5.7806456089019775 182
5.789928674697876 182
5.798221588134766 181
5.807133436203003 181
5.818098783493042 181
5.826968193054199 181
5.836294174194336 182
5.845474481582642 182
5.854789972305298 182
5.864002466201782 181
5.874112367630005 181
5.883115530014038 181
5.892449617385864 181
5.901780605316162 182
5.910658359527588 182
5.922578811645508 182
5.935239553451538 181
5.947250604629517 181
5.960494518280029 181
5.9741902351379395 182
5.987289905548096 182
6.00045108795166 182
6.0101683139801025 181
6.020832777023315 181
6.03008508682251 181
6.038370609283447 181
6.047163009643555 182
6.056494474411011 182
6.065829515457153 182
6.075829029083252 181
6.0850419998168945 181
6.094259977340698 181
6.103156089782715 181
6.113279342651367 182
6.124071836471558 182
6.133008003234863 182
6.14243221282959 181
6.15514349937439 181
6.164586544036865 181
6.174763202667236 181
6.184049367904663 182
6.193016529083252 182
6.202462196350098 182
6.211438179016113 181
6.222226858139038 181
6.23104190826416 181
6.240270614624023 181
6.248888969421387 182
6.2573466300964355 182
6.2668116092681885 182
6.277014493942261 182
6.286392450332642 181
6.295410633087158 181
6.304698705673218 181
6.313821077346802 182
6.324620008468628 182
6.333472490310669 182
6.342793941497803 182
6.3520827293396 181
6.360902547836304 181
6.370242595672607 181
6.3804404735565186 182
6.389499187469482 182
6.398123264312744 182
6.410981178283691 181
6.420263290405273 181
6.430882930755615 181
6.440292119979858 181
6.448937654495239 182
6.457382440567017 182
6.4699060916900635 182
6.481123447418213 181
6.494175672531128 181
6.5032219886779785 181
6.512501955032349 181
6.522602558135986 182
6.533233880996704 182
6.542552947998047 182
6.5550806522369385 181
6.564624547958374 181
6.573990821838379 181
6.58425760269165 181
6.593161582946777 182
6.602464914321899 182
6.6114606857299805 182
6.6207053661346436 181
6.631085634231567 181
6.6404078006744385 181
6.6494340896606445 181
6.657456398010254 182
6.6669628620147705 182
6.676306962966919 182
6.686447858810425 181
6.695762395858765 181
6.7048609256744385 181
6.714031934738159 181
6.7229979038238525 181
6.733846664428711 182
6.742963790893555 182
6.752312660217285 181
6.761135578155518 181
6.770437002182007 181
6.77945613861084 181
6.78991436958313 181
6.798337936401367 182
6.807211399078369 182
6.8165974617004395 181
6.825885057449341 181
6.837061882019043 181
6.846802234649658 181
6.856509685516357 182
6.866727113723755 182
6.876424789428711 181
6.886560916900635 181
6.895880937576294 181
6.904906988143921 181
6.915324926376343 181
6.925285577774048 182
6.935283660888672 182
6.9450883865356445 181
6.957380771636963 181
6.966833114624023 181
6.97627329826355 181
6.9872894287109375 182
6.996597051620483 182
7.005953311920166 181
7.0151002407073975 181
7.024360656738281 181
7.036339998245239 181
7.0461273193359375 181
7.055323600769043 182
7.064642429351807 182
7.073496580123901 181
7.082780122756958 181
7.0929834842681885 181
7.102386474609375 181
7.111319303512573 181
7.120649814605713 182
7.129914999008179 182
7.1405463218688965 181
7.149899244308472 181
7.158356666564941 181
7.173383474349976 181
7.18292760848999 182
7.1930108070373535 182
7.202360153198242 181
7.211169958114624 181
7.220621824264526 181
7.229906320571899 181
7.239912986755371 181
7.249749422073364 182
7.257995128631592 182
7.267292499542236 181
7.276604890823364 181
7.286039113998413 181
7.296006917953491 181
7.305078506469727 181
7.3143885135650635 182
7.323301315307617 182
7.3326215744018555 181
7.342848062515259 181
7.35622501373291 181
7.365366220474243 181
7.374774932861328 181
7.384115219116211 182
7.394213676452637 181
7.407094478607178 181
7.416511058807373 181
7.425784587860107 181
7.4350502490997314 182
7.452349662780762 182
7.470144271850586 181
7.492089748382568 181
7.511346101760864 181
7.520729303359985 182
7.5300657749176025 182
7.539830923080444 181
7.552390098571777 181
7.573024034500122 181
7.585024118423462 181
7.594254732131958 182
7.603213548660278 182
7.613274812698364 181
7.622602939605713 181
7.631882190704346 181
7.6408185958862305 181
7.650190353393555 182
7.6599695682525635 182
7.670095205307007 181
7.67842698097229 181
7.687293529510498 181
7.696649789810181 181
7.706086158752441 181
7.7161865234375 182
7.725270986557007 182
7.734543085098267 181
7.7433435916900635 181
7.7526726722717285 181
7.766941547393799 181
7.776413917541504 181
7.785797834396362 182
7.7949817180633545 181
7.8042333126068115 181
7.813183307647705 181
7.823405742645264 181
7.832830429077148 181
7.842168807983398 182
7.850947856903076 182
7.860772132873535 181
7.8708178997039795 181
7.880210638046265 181
7.888881206512451 181
7.897287607192993 181
7.906591176986694 182
7.915872573852539 182
7.926131725311279 181
7.935207366943359 181
7.944662570953369 181
7.95350193977356 181
7.963440418243408 181
7.9738993644714355 182
7.983965635299683 182
7.99294900894165 181
8.004080057144165 181
8.016087532043457 181
8.030306339263916 181
8.04242753982544 182
8.05526852607727 182
8.07047963142395 181
8.082656860351562 181
8.09529423713684 181
8.106812477111816 181
8.116172790527344 181
8.126440286636353 181
8.135746955871582 181
8.144813299179077 181
8.154027223587036 181
8.16717267036438 181
8.177415609359741 181
8.186990737915039 181
8.196287155151367 181
8.205382823944092 181
8.21470308303833 181
8.224881649017334 181
8.234058856964111 181
8.243112325668335 181
8.252438306808472 181
8.261352062225342 181
8.271036863327026 181
8.281172275543213 181
8.290504455566406 181
8.29995846748352 181
8.308264017105103 181
8.31712555885315 181
8.327255725860596 181
8.33654260635376 181
8.345815658569336 181
8.355053901672363 181
8.364343643188477 181
8.373902082443237 181
8.384012699127197 181
8.39296817779541 181
8.410462856292725 181
8.4200279712677 181
8.430343627929688 181
8.439387559890747 181
8.447414636611938 181
8.456742525100708 181
8.467288255691528 181
8.478376150131226 181
8.487260103225708 181
8.49656081199646 181
8.505824565887451 181
8.514896631240845 181
8.525999546051025 181
8.536134719848633 181
8.545294761657715 181
8.554541826248169 181
8.566936254501343 181
8.578184843063354 181
8.587048530578613 181
8.596521615982056 181
8.605912446975708 181
8.615068197250366 181
8.624287843704224 181
8.634323596954346 181
8.643216371536255 181
8.652548551559448 181
8.662009716033936 181
8.67081594467163 181
8.681377172470093 181
8.690566301345825 181
8.699878454208374 181
8.708170175552368 181
8.717035293579102 181
8.72646689414978 181
8.736549615859985 181
8.745995283126831 181
8.75504732131958 181
8.764243841171265 181
8.773186683654785 181
8.784165143966675 181
8.793107032775879 181
8.80240774154663 181
8.811310052871704 181
8.82047986984253 181
8.829783201217651 181
8.840025663375854 181
8.848350763320923 181
8.857170343399048 181
8.866513013839722 181
8.875880718231201 181
8.886533737182617 181
8.895814895629883 181
8.904953002929688 181
8.914205312728882 181
8.923181533813477 181
8.932528495788574 181
8.942564964294434 181
8.95180368423462 181
8.964717149734497 181
8.974040508270264 181
8.985492467880249 181
8.994898080825806 181
9.004261493682861 181
9.013174772262573 181
9.02260684967041 181
9.03276515007019 181
9.042868852615356 181
9.052207469940186 181
9.061000347137451 181
9.070261001586914 181
9.079374551773071 181
9.090190410614014 181
9.098472595214844 181
9.107277631759644 181
9.116642713546753 181
9.125973463058472 181
9.135210037231445 181
9.145455121994019 181
9.154758214950562 181
9.163949966430664 181
9.174590110778809 181
9.183454275131226 181
9.194287061691284 181
9.203439712524414 181
9.212761402130127 181
9.222084999084473 181
9.230925798416138 181
9.240878105163574 181
9.250210046768188 181
9.259376764297485 181
9.267473697662354 181
9.276794195175171 181
9.286094903945923 181
9.296620607376099 181
9.305888652801514 181
9.314899206161499 181
9.324235677719116 181
9.333134412765503 181
9.343172073364258 181
9.35253381729126 181
9.36498737335205 181
9.374326944351196 181
9.383477210998535 181
9.394616842269897 181
9.40342903137207 181
9.412719249725342 181
9.421979904174805 181
9.430921792984009 181
9.440589427947998 181
9.450685024261475 181
9.45998740196228 181
9.468300104141235 181
9.477155685424805 181
9.48646593093872 181
9.49742341041565 181
9.506860494613647 181
9.516168594360352 181
9.525357246398926 181
9.534666299819946 181
9.546559810638428 181
9.555884838104248 181
9.565052509307861 181
9.5742347240448 181
9.583176136016846 181
9.59252142906189 181
9.60297703742981 181
9.612338066101074 181
9.62137770652771 181
9.630568742752075 181
9.639906644821167 181
9.650140523910522 181
9.658450841903687 181
9.667287588119507 181
9.676616907119751 181
9.686033248901367 181
9.69507908821106 181
9.70591425895691 181
9.714954853057861 181
9.724217891693115 181
9.733119010925293 181
9.742530345916748 181
9.752599239349365 181
9.76531434059143 181
9.77471375465393 181
9.784188985824585 181
9.793195247650146 181
9.80417513847351 181
9.813127517700195 181
9.822429418563843 181
9.831312656402588 181
9.84053635597229 181
9.85048794746399 181
9.859967708587646 181
9.868265151977539 181
9.877105474472046 181
9.886414527893066 181
9.89548373222351 181
9.906248569488525 181
9.915415525436401 181
9.924858331680298 181
9.934052228927612 181
9.942944049835205 181
9.953014373779297 181
9.962344884872437 181
9.971149682998657 181
9.981442928314209 181
9.99057126045227 181
9.999862670898438 181
