0 0
0.0048351287841796875 0
0.0187680721282959 1
0.027170181274414062 2
0.036493539810180664 4
0.046762943267822266 6
0.056081295013427734 10
0.06585001945495605 18
0.08038163185119629 22
0.09035944938659668 28
0.10229253768920898 35
0.11128616333007812 42
0.12067508697509766 47
0.13004851341247559 52
0.1388247013092041 60
0.14929628372192383 67
0.15798640251159668 74
0.16790509223937988 82
0.1768815517425537 88
0.18629121780395508 98
0.19650816917419434 104
0.20592975616455078 112
0.21506333351135254 120
0.22465109825134277 127
0.23392319679260254 135
0.24402284622192383 143
0.2532997131347656 152
0.26319217681884766 160
0.27259159088134766 166
0.28215456008911133 175
0.2910428047180176 183
0.301074743270874 192
0.3104538917541504 198
0.3198988437652588 205
0.32829904556274414 214
0.33721399307250977 222
0.3480391502380371 230
0.35700368881225586 239
0.36688733100891113 246
0.37633419036865234 254
0.38587379455566406 262
0.3960254192352295 271
0.40534186363220215 279
0.414703369140625 285
0.42402124404907227 292
0.4330120086669922 298
0.4424326419830322 303
0.45261311531066895 306
0.462160587310791 310
0.47528839111328125 311
0.48479413986206055 312
0.4941880702972412 311
0.5045945644378662 310
0.5140225887298584 308
0.5231838226318359 304
0.5332636833190918 301
0.542625904083252 296
0.5540585517883301 291
0.5630722045898438 285
0.5741086006164551 279
0.5832650661468506 273
0.5926327705383301 265
0.6047210693359375 259
0.6140036582946777 252
0.624070405960083 244
0.6330893039703369 237
0.642890453338623 230
0.6529960632324219 222
0.6638638973236084 214
0.6741673946380615 206
0.6831784248352051 198
0.692558765411377 190
0.7028651237487793 184
0.7123353481292725 176
0.7213873863220215 169
0.7305986881256104 164
0.7399194240570068 160
0.748300313949585 156
0.7593226432800293 152
0.7680540084838867 150
0.7779271602630615 148
0.7868731021881104 148
0.8002359867095947 149
0.8138434886932373 152
0.8260207176208496 155
0.8382389545440674 161
0.8512773513793945 168
0.8649802207946777 178
0.8831818103790283 185
0.8927836418151855 190
0.9023356437683105 196
0.9124929904937744 200
0.9219851493835449 204
0.9308450222015381 206
0.9403223991394043 208
0.9496884346008301 209
0.9598617553710938 209
0.9682838916778564 208
0.9773328304290771 206
0.9872961044311523 203
0.9966821670532227 200
1.0088598728179932 195
1.0182597637176514 191
1.0298898220062256 186
1.03828763961792 181
1.0471930503845215 176
1.0572924613952637 172
1.066864252090454 169
1.076207160949707 166
1.0860490798950195 164
1.0966713428497314 162
1.1060476303100586 162
1.118811845779419 162
1.1272549629211426 164
1.1366009712219238 166
1.1459872722625732 168
1.1550824642181396 171
1.1653177738189697 174
1.1746430397033691 177
1.1839585304260254 180
1.193392038345337 183
1.2028112411499023 186
1.21286940574646 188
1.2222015857696533 189
1.2314014434814453 191
1.240718126296997 191
1.2500598430633545 192
1.2601165771484375 191
1.269310474395752 190
1.282606601715088 189
1.2926695346832275 187
1.3022775650024414 185
1.3124430179595947 183
1.3218135833740234 181
1.3307242393493652 180
1.3400623798370361 178
1.3487510681152344 177
1.3572475910186768 176
1.3680393695831299 175
1.376946210861206 174
1.3863282203674316 174
1.396186113357544 174
1.405261754989624 175
1.415280818939209 175
1.42474365234375 176
1.4340436458587646 177
1.4429714679718018 178
1.4522857666015625 179
1.4612314701080322 180
1.4716646671295166 181
1.48069167137146 181
1.4900286197662354 182
1.4998383522033691 182
1.508129596710205 183
1.5183029174804688 183
1.530146837234497 183
1.53934645652771 183
1.5480046272277832 182
1.5568914413452148 182
1.5670242309570312 182
1.5763771533966064 182
1.586561679840088 181
1.5964159965515137 181
1.6059417724609375 180
1.6160154342651367 180
1.6251142024993896 180
1.6344308853149414 180
1.6465108394622803 180
1.6558775901794434 179
1.666114330291748 179
1.680619478225708 179
1.691981554031372 179
1.7018909454345703 180
1.7107090950012207 180
1.7209384441375732 180
1.7302019596099854 180
1.7388062477111816 179
1.74727463722229 179
1.7573699951171875 179
1.767960548400879 179
1.776845932006836 179
1.786325454711914 180
1.795409917831421 180
1.8050520420074463 179
1.8166155815124512 179
1.8267452716827393 179
1.8360278606414795 179
1.845198154449463 179
1.8544583320617676 180
1.8632521629333496 180
1.8732094764709473 180
1.8824968338012695 179
1.891681432723999 179
1.9007353782653809 179
1.91070556640625 179
1.9205741882324219 180
1.9298672676086426 180
1.938335657119751 180
1.9471423625946045 179
1.9627406597137451 179
1.9753422737121582 180
1.995307207107544 180
2.016901731491089 179
2.0351457595825195 179
2.048069715499878 179
2.0569376945495605 179
2.066267967224121 180
2.08510684967041 180
2.103330612182617 180
2.1157867908477783 180
2.124825954437256 179
2.134056568145752 179
2.1444051265716553 179
2.1532392501831055 179
2.1625373363494873 180
2.1718263626098633 180
2.180608034133911 180
2.1898672580718994 180
2.2001068592071533 180
2.2083706855773926 180
2.2179882526397705 179
2.226849317550659 179
2.23618745803833 179
2.246314287185669 180
2.255404472351074 180
2.2649619579315186 180
2.2741355895996094 180
2.2830827236175537 180
2.292389392852783 180
2.302525520324707 179
2.3123128414154053 179
2.3225083351135254 179
2.3319590091705322 180
2.3407440185546875 180
2.3508763313293457 180
2.360170841217041 180
2.3688008785247803 180
2.3771920204162598 180
2.3865761756896973 179
2.3966779708862305 179
2.406033515930176 179
2.4157660007476807 180
2.424842596054077 180
2.4340453147888184 180
2.4430549144744873 180
2.453063726425171 180
2.4624478816986084 180
2.471379280090332 180
2.4845499992370605 180
2.493865728378296 180
2.504225730895996 179
2.513101100921631 179
2.52290940284729 179
2.532911539077759 180
2.5422720909118652 180
2.552306890487671 180
2.5613770484924316 180
2.5705795288085938 180
2.5798356533050537 180
2.5882678031921387 180
2.5970990657806396 179
2.607025146484375 179
2.61635422706604 179
2.6262261867523193 180
2.6352639198303223 180
2.644545555114746 180
2.6544899940490723 180
2.663320541381836 180
2.6725664138793945 180
2.6819863319396973 180
2.690843105316162 180
2.7008562088012695 180
2.710171699523926 180
2.7200405597686768 180
2.729813575744629 180
2.738239049911499 180
2.7479450702667236 181
2.75801944732666 181
2.7668936252593994 181
2.7762975692749023 181
2.7853612899780273 181
2.794656991958618 181
2.8048505783081055 180
2.81404447555542 180
2.8238048553466797 180
2.8348069190979004 180
2.844113826751709 181
2.8543126583099365 181
2.8633713722229004 181
2.8748939037323 180
2.892174243927002 180
2.9057776927948 180
2.9181275367736816 181
2.9319241046905518 181
2.9440343379974365 181
2.9570610523223877 180
2.968780994415283 180
2.9773709774017334 180
2.986833333969116 181
2.9961938858032227 181
3.006239652633667 181
3.0158920288085938 181
3.0249927043914795 180
3.034728527069092 180
3.044159173965454 180
3.0530636310577393 180
3.0631752014160156 181
3.0724427700042725 181
3.08170223236084 181
3.090590476989746 181
3.1000144481658936 181
3.110307216644287 181
3.119636297225952 181
3.127967119216919 181
3.1373043060302734 181
3.146641969680786 181
3.155991554260254 181
3.1663126945495605 181
3.1756863594055176 181
3.184765577316284 181
3.193984031677246 180
3.20291805267334 180
3.2129974365234375 180
3.2224462032318115 180
3.231400489807129 180
3.241217613220215 180
3.2505102157592773 180
3.2605037689208984 180
3.2698075771331787 180
3.2828404903411865 180
3.2922868728637695 180
3.3013641834259033 180
3.3113927841186523 180
3.320568084716797 180
3.3298239707946777 180
3.3400628566741943 180
3.3497111797332764 180
3.357990026473999 180
3.368220329284668 180
3.377073049545288 180
3.386382818222046 180
3.3956382274627686 180
3.4048359394073486 180
3.4149012565612793 180
3.4241158962249756 180
3.433043956756592 180
3.442826986312866 180
3.452150583267212 180
3.461045503616333 180
3.4710686206817627 180
3.4803197383880615 180
3.4893505573272705 180
3.4973630905151367 180
3.506791591644287 180
3.516846179962158 180
3.5270578861236572 180
3.5364272594451904 180
3.54616117477417 180
3.555180072784424 180
3.5652527809143066 180
3.5745861530303955 180
3.5839157104492188 180
3.598870038986206 180
3.60734224319458 180
3.6179158687591553 180
3.6267693042755127 180
3.6361684799194336 180
3.6461374759674072 180
3.6551923751831055 180
3.664440393447876 180
3.674530029296875 180
3.6869263648986816 180
3.6963586807250977 180
3.705947160720825 180
3.7150826454162598 180
3.725119113922119 180
3.73431396484375 180
3.7432000637054443 180
3.7530319690704346 180
3.762540817260742 180
3.772575616836548 180
3.7818198204040527 180
3.7906816005706787 180
3.7999837398529053 180
3.8082752227783203 180
3.818880319595337 180
3.827317953109741 180
3.8366074562072754 180
3.8460164070129395 180
3.8580069541931152 180
3.86690092086792 180
3.8768608570098877 180
3.8863327503204346 180
3.895792245864868 180
3.904805898666382 180
3.9139554500579834 180
3.92399263381958 180
3.9329190254211426 180
3.9423389434814453 180
3.9544806480407715 180
3.964271068572998 180
3.9744677543640137 180
3.9834036827087402 180
3.992691993713379 180
4.002125978469849 180
4.012203931808472 180
4.022427320480347 180
4.031350374221802 180
4.0405333042144775 180
4.049837112426758 180
4.0597429275512695 180
4.069408893585205 180
4.084841012954712 180
4.094155550003052 180
4.103158235549927 180
4.112554550170898 180
4.121953248977661 180
4.13209867477417 180
4.140854120254517 180
4.150261878967285 180
4.160024642944336 180
4.168318033218384 180
4.179323196411133 180
4.187328815460205 180
4.19674277305603 180
4.2060866355896 180
4.215720891952515 180
4.225794553756714 180
4.2348785400390625 180
4.244236707687378 180
4.253126382827759 180
4.262934923171997 180
4.272219181060791 180
4.28239107131958 180
4.29135537147522 180
4.300614833831787 180
4.309876918792725 180
4.318192720413208 180
4.328342914581299 180
4.337164878845215 180
4.346469163894653 180
4.3557448387146 180
4.365287780761719 180
4.374624013900757 180
4.3847150802612305 180
4.393921375274658 180
4.4028308391571045 180
4.412288427352905 180
4.42136549949646 180
4.4316699504852295 180
4.440582275390625 180
4.449877500534058 180
4.458175420761108 180
4.4679975509643555 180
4.476839303970337 180
4.4921486377716064 180
4.50106143951416 180
4.510453939437866 180
4.519766330718994 180
4.530522346496582 180
4.539954662322998 180
4.548278331756592 180
4.557146072387695 180
4.566894054412842 180
4.576215744018555 180
4.586966037750244 180
4.596319198608398 180
4.605742692947388 180
4.614805459976196 180
4.6240479946136475 180
4.6342384815216064 180
4.643175363540649 180
4.652460098266602 180
4.661962032318115 180
4.671912670135498 180
4.68071174621582 180
4.6907525062561035 180
4.700062036514282 180
4.708347320556641 180
4.717199087142944 180
4.726691961288452 180
4.736694097518921 180
4.746028900146484 180
4.755135536193848 180
4.764424085617065 180
4.774038076400757 180
4.784231185913086 180
4.793139219284058 180
4.802595615386963 180
4.811940908432007 180
4.8207221031188965 180
4.829982757568359 180
4.840225458145142 180
4.849280595779419 180
4.857327699661255 180
4.866612672805786 180
4.876466512680054 180
4.890848875045776 180
4.900381326675415 180
4.909855604171753 180
4.918124437332153 180
4.927006244659424 180
4.937215805053711 180
4.946503400802612 180
4.959963798522949 180
4.972092628479004 180
4.984976768493652 180
4.998205900192261 180
5.011202812194824 180
5.023362636566162 180
5.034684658050537 180
5.044836759567261 180
5.054087162017822 180
5.063117504119873 180
5.072420597076416 180
5.082298517227173 180
5.094067096710205 180
5.103293418884277 180
5.112556457519531 180
5.121796131134033 180
5.130613565444946 180
5.140738010406494 180
5.1499879360198975 180
5.1582982540130615 180
5.1671528816223145 180
5.176452875137329 180
5.186218500137329 180
5.196338891983032 180
5.2057859897613525 180
5.214836359024048 180
5.224003791809082 180
5.232921123504639 180
5.242967128753662 180
5.252248287200928 180
5.261359930038452 180
5.270437955856323 180
5.279787063598633 180
5.294489622116089 180
5.303704023361206 180
5.312864065170288 180
5.322307825088501 180
5.331213712692261 180
5.340395212173462 180
5.350419044494629 180
5.359673023223877 180
5.367959499359131 180
5.37682843208313 180
5.3868091106414795 180
5.396906852722168 180
5.406219959259033 180
5.415259122848511 180
5.4245734214782715 180
5.433708429336548 180
5.443987846374512 180
5.4530463218688965 180
5.462382555007935 180
5.471271276473999 180
5.480464458465576 180
5.490312576293945 180
5.500462532043457 180
5.509726047515869 180
5.518071889877319 180
5.528148412704468 180
5.5369873046875 180
5.5471014976501465 180
5.556423664093018 180
5.565845012664795 180
5.574960708618164 180
5.584252834320068 180
5.5939531326293945 180
5.606412887573242 180
5.615647792816162 180
5.6248180866241455 180
5.63403582572937 180
5.64290452003479 180
5.6530561447143555 180
5.662373065948486 180
5.671278238296509 180
5.680577993392944 180
5.694122076034546 180
5.70443058013916 180
5.713759183883667 180
5.722768306732178 180
5.7321085929870605 180
5.741016626358032 180
5.75090479850769 180
5.760202646255493 180
5.768826484680176 180
5.777287483215332 180
5.78659462928772 180
5.796372890472412 180
5.806530237197876 180
5.8158118724823 180
5.824845790863037 180
5.8341169357299805 180
5.84316873550415 180
5.85323691368103 180
5.862658739089966 180
5.871976137161255 180
5.8807783126831055 180
5.8900792598724365 180
5.911924600601196 180
5.933373928070068 180
5.960239887237549 180
5.975788116455078 180
5.985180854797363 180
5.994584083557129 180
6.005176067352295 180
6.015329837799072 180
6.024625062942505 180
6.033743381500244 180
6.042916297912598 180
6.052234411239624 180
6.062351226806641 180
6.071344375610352 180
6.080487489700317 180
6.093209505081177 180
6.104912281036377 180
6.114264488220215 180
6.123286247253418 180
6.132567405700684 180
6.141835689544678 180
6.153199911117554 180
6.1702001094818115 180
6.178856134414673 180
6.187292098999023 180
6.196580648422241 180
6.207143545150757 180
6.2164576053619385 180
6.2266926765441895 180
6.236131906509399 180
6.245174884796143 180
6.254462003707886 180
6.2645909786224365 180
6.273406028747559 180
6.282809495925903 180
6.2921669483184814 180
6.300966501235962 180
6.312066555023193 180
6.320862531661987 180
6.330168724060059 180
6.339307069778442 180
6.347336769104004 180
6.356700897216797 180
6.366843223571777 180
6.376124143600464 180
6.385216236114502 180
6.394482612609863 180
6.403365612030029 180
6.414214849472046 180
6.423129081726074 180
6.432405710220337 180
6.4413697719573975 180
6.45050835609436 180
6.459940195083618 180
6.470089435577393 180
6.478376388549805 180
6.492208957672119 180
6.501347303390503 180
6.5105860233306885 180
6.521813154220581 180
6.531964302062988 180
6.540740013122559 180
6.550051689147949 180
6.558351278305054 180
6.5687596797943115 180
6.577211856842041 180
6.586675405502319 180
6.595982313156128 180
6.604996204376221 180
6.616167783737183 180
6.6253321170806885 180
6.634615898132324 180
6.643947124481201 180
6.6528966426849365 180
6.662178039550781 180
6.672333478927612 180
6.6812403202056885 180
6.6904237270355225 180
6.699830055236816 180
6.70815110206604 180
6.71933650970459 180
6.727363109588623 180
6.739846467971802 180
6.748226881027222 180
6.757109642028809 180
6.767246246337891 180
6.776551961898804 180
6.785902500152588 180
6.794967412948608 180
6.804156303405762 180
6.813071966171265 180
6.8240532875061035 180
6.8329386711120605 180
6.842224597930908 180
6.851071119308472 180
6.860379219055176 180
6.870462656021118 180
6.879915475845337 180
6.8925042152404785 180
6.901995420455933 180
6.910910129547119 180
6.921875715255737 180
6.930716514587402 180
6.940117120742798 180
6.952901124954224 180
6.96230149269104 180
6.976354360580444 180
6.99641489982605 180
7.016398668289185 180
7.037330865859985 180
7.055883407592773 180
7.0682053565979 180
7.087984323501587 180
7.112504720687866 180
7.129680871963501 180
7.142091512680054 180
7.155638933181763 180
7.167318820953369 180
7.180556774139404 180
7.192852020263672 180
7.202946901321411 180
7.2122626304626465 180
7.221071720123291 180
7.230829954147339 180
7.242317199707031 180
7.251242399215698 180
7.261286735534668 180
7.270596742630005 180
7.279838562011719 180
7.288122177124023 180
7.302145004272461 180
7.31237006187439 180
7.326802015304565 180
7.336597681045532 180
7.345904350280762 180
7.355895280838013 180
7.365113258361816 180
7.374444484710693 180
7.383288145065308 180
7.392515182495117 180
7.401904821395874 180
7.411972761154175 180
7.420874118804932 180
7.43011999130249 180
7.439848899841309 180
7.448147773742676 180
7.458221435546875 180
7.467061996459961 180
7.476406574249268 180
7.485830307006836 180
7.494926929473877 180
7.504143953323364 180
7.514287233352661 180
7.523232936859131 180
7.5338945388793945 180
7.543729066848755 180
7.5527143478393555 180
7.562863826751709 180
7.572221040725708 180
7.581064939498901 180
7.590333700180054 180
7.599731922149658 180
7.609878778457642 180
7.618207216262817 180
7.627092361450195 180
7.636908769607544 180
7.646225452423096 180
7.655313968658447 180
7.665360689163208 180
7.674659490585327 180
7.68383002281189 180
7.696505069732666 180
7.7059550285339355 180
7.716124534606934 180
7.725368976593018 180
7.734691619873047 180
7.744293451309204 180
7.755276203155518 180
7.7657310962677 180
7.7747931480407715 180
7.784105062484741 180
7.793166637420654 180
7.802448034286499 180
7.812525033950806 180
7.822224855422974 180
7.831042051315308 180
7.840887546539307 180
7.850197076797485 180
7.858832120895386 180
7.868797779083252 180
7.877230167388916 180
7.886585474014282 180
7.895923137664795 180
7.905157804489136 180
7.915227651596069 180
7.924663066864014 180
7.933837890625 180
7.9432384967803955 180
7.952555179595947 180
7.961962938308716 180
7.972136974334717 180
7.981046199798584 180
7.990351676940918 180
7.999679327011108 180
8.007971286773682 180
8.018139600753784 180
8.027003288269043 180
8.036319494247437 180
8.046088457107544 180
8.055278778076172 180
8.06523323059082 180
8.074585914611816 180
8.083913326263428 180
8.096579313278198 180
8.106042861938477 180
8.116267442703247 180
8.125710010528564 180
8.134779214859009 180
8.144124031066895 180
8.153883457183838 180
8.162835121154785 180
8.172956466674805 180
8.182374715805054 180
8.191279172897339 180
8.200587272644043 180
8.21049189567566 180
8.220607280731201 180
8.23040771484375 180
8.239679336547852 180
8.247968912124634 180
8.257264375686646 180
8.270389080047607 180
8.279722452163696 180
8.28804898262024 180
8.2973051071167 180
8.30687665939331 180
8.316366195678711 180
8.326756715774536 180
8.336077451705933 180
8.345860004425049 180
8.356311559677124 180
8.365342140197754 180
8.375649690628052 180
8.384823560714722 180
8.394060134887695 180
8.402944087982178 180
8.412235736846924 180
8.422330617904663 180
8.431262254714966 180
8.440595149993896 180
8.44986629486084 180
8.45967173576355 180
8.468058824539185 180
8.478193044662476 180
8.487014293670654 180
8.500962734222412 180
8.510381698608398 180
8.519814491271973 180
8.53062915802002 180
8.539989471435547 180
8.548294067382812 180
8.55815863609314 180
8.566997766494751 180
8.577219724655151 180
8.586533069610596 180
8.595837354660034 180
8.604973316192627 180
8.614181995391846 180
8.623189210891724 180
8.633255243301392 180
8.642509698867798 180
8.651696681976318 180
8.66107988357544 180
8.670337438583374 180
8.680508852005005 180
8.68982219696045 180
8.698237419128418 180
8.70708179473877 180
8.716442108154297 180
8.726499319076538 180
8.73581075668335 180
8.745014905929565 180
8.754247426986694 180
8.763957738876343 180
8.774665117263794 180
8.78498649597168 180
8.794217348098755 180
8.80327033996582 180
8.812521934509277 180
8.821712732315063 180
8.832096338272095 180
8.840900182723999 180
8.850128650665283 180
8.85930323600769 180
8.868222951889038 180
8.878260612487793 180
8.887115955352783 180
8.901061534881592 180
8.91045331954956 180
8.920697212219238 180
8.930586814880371 180
8.939837455749512 180
8.948142290115356 180
8.95694637298584 180
8.96636176109314 180
8.97618818283081 180
8.986462831497192 180
8.995738506317139 180
9.004810810089111 180
9.0139479637146 180
9.022891521453857 180
9.033005475997925 180
9.042389631271362 180
9.051358699798584 180
9.060526132583618 180
9.06981873512268 180
9.078096389770508 180
9.088776111602783 180
9.097251415252686 180
9.106689929962158 180
9.11999225616455 180
9.133183479309082 180
9.145322561264038 180
9.157267332077026 180
9.170523166656494 180
9.18467664718628 180
9.196646213531494 180
9.208277463912964 180
9.217150688171387 180
9.226593017578125 180
9.236669540405273 180
9.246015071868896 180
9.25507640838623 180
9.264414310455322 180
9.273271799087524 180
9.285041570663452 180
9.298015832901001 180
9.306886434555054 180
9.316351175308228 180
9.326922178268433 180
9.349690198898315 180
9.358189105987549 180
9.367047309875488 180
9.37696647644043 180
9.387046098709106 180
9.396371364593506 180
9.405798435211182 180
9.414881944656372 180
9.42411756515503 180
9.433011054992676 180
9.44309663772583 180
9.45241117477417 180
9.461712837219238 180
9.470601558685303 180
9.479987859725952 180
9.490548372268677 180
9.499855279922485 180
9.50814700126648 180
9.516967535018921 180
9.526418924331665 180
9.536486864089966 180
9.546583652496338 180
9.555996894836426 180
9.565066814422607 180
9.57426404953003 180
9.584195137023926 180
9.594423532485962 180
9.603240966796875 180
9.612666130065918 180
9.622021436691284 180
9.630802631378174 180
9.640938758850098 180
9.65028166770935 180
9.659340381622314 180
9.667364835739136 180
9.67675256729126 180
9.68653130531311 180
9.701263189315796 180
9.710578203201294 180
9.719976902008057 180
9.728389501571655 180
9.737199068069458 180
9.747788906097412 180
9.756774187088013 180
9.7662935256958 180
9.775335788726807 180
9.784655094146729 180
9.797141313552856 180
9.806427478790283 180
9.815743684768677 180
9.824943780899048 180
9.834166288375854 180
9.84425401687622 180
9.853169202804565 180
9.86243987083435 180
9.871835470199585 180
9.880813121795654 180
9.890511512756348 180
9.900614261627197 180
9.909872055053711 180
9.918165683746338 180
9.927024126052856 180
9.936458826065063 180
9.946694374084473 180
9.9560227394104 180
9.965126514434814 180
9.974424123764038 180
9.98337173461914 180
9.993085145950317 180
