0 0
0.006021022796630859 0
0.019788503646850586 0
0.029126405715942383 2
0.038727760314941406 4
0.04939413070678711 6
0.05852460861206055 10
0.06795668601989746 14
0.0773766040802002 19
0.08645081520080566 24
0.09592008590698242 33
0.11033749580383301 40
0.1201941967010498 46
0.12977957725524902 53
0.1398468017578125 60
0.15001726150512695 66
0.1595325469970703 74
0.1691727638244629 82
0.17838215827941895 88
0.1878519058227539 96
0.19727468490600586 104
0.20758962631225586 118
0.22410821914672852 127
0.2351996898651123 134
0.24557900428771973 143
0.2557988166809082 151
0.2652866840362549 159
0.27560973167419434 168
0.28513097763061523 176
0.2941906452178955 184
0.3045082092285156 193
0.31400322914123535 200
0.3234288692474365 206
0.33338022232055664 218
0.34476494789123535 225
0.3553955554962158 232
0.3643972873687744 238
0.374011754989624 242
0.38348841667175293 245
0.39273738861083984 248
0.4032132625579834 250
0.4117858409881592 250
0.42078208923339844 250
0.43032002449035645 249
0.43979525566101074 248
0.449326753616333 245
0.4594748020172119 241
0.4690678119659424 237
0.47837162017822266 233
0.4878716468811035 228
0.4972808361053467 220
0.511646032333374 214
0.5206530094146729 208
0.5304102897644043 202
0.5399942398071289 197
0.5499765872955322 193
0.5602469444274902 190
0.5697391033172607 188
0.5792126655578613 186
0.588630199432373 186
0.598064661026001 186
0.6082184314727783 187
0.6175961494445801 189
0.6266560554504395 191
0.6362292766571045 194
0.645817756652832 197
0.6565253734588623 200
0.6660091876983643 203
0.6755242347717285 205
0.6844801902770996 208
0.6939809322357178 209
0.703603982925415 210
0.7139132022857666 211
0.7234234809875488 211
0.7322821617126465 211
0.7413723468780518 211
0.7513151168823242 210
0.7616167068481445 208
0.7706530094146729 207
0.7801856994628906 206
0.78965163230896 203
0.7999160289764404 201
0.8100934028625488 200
0.8196098804473877 198
0.8292455673217773 196
0.838456392288208 195
0.8487980365753174 194
0.8582363128662109 193
0.8685133457183838 193
0.8780245780944824 193
0.8875532150268555 193
0.8967642784118652 193
0.9062161445617676 193
0.9206373691558838 193
0.9302420616149902 194
0.9398386478424072 194
0.9494309425354004 194
0.959388017654419 194
0.9696235656738281 195
0.9787867069244385 195
0.9882264137268066 195
0.9975814819335938 196
1.0067832469940186 196
1.0174963474273682 195
1.0267415046691895 195
1.0361380577087402 195
1.0455877780914307 195
1.0545268058776855 195
1.065699577331543 195
1.0747978687286377 194
1.084444522857666 194
1.0938422679901123 194
1.1033358573913574 194
1.1121764183044434 194
1.1227519512176514 194
1.131425380706787 194
1.1404063701629639 194
1.1498832702636719 193
1.159614086151123 193
1.169874906539917 192
1.1793773174285889 192
1.1886885166168213 192
1.1981275081634521 192
1.2074620723724365 192
1.217700481414795 191
1.2267560958862305 191
1.2362420558929443 191
1.2459437847137451 191
1.256779432296753 191
1.2707576751708984 191
1.2844531536102295 191
1.296816110610962 191
1.3154792785644531 191
1.3294548988342285 191
1.343256950378418 191
1.3564774990081787 191
1.3701331615447998 191
1.379612684249878 191
1.3888299465179443 191
1.3982656002044678 191
1.4076709747314453 191
1.417245864868164 191
1.4276225566864014 191
1.437446117401123 191
1.4495809078216553 191
1.4599006175994873 190
1.4705541133880615 190
1.4800400733947754 190
1.4896345138549805 189
1.499140739440918 188
1.5083580017089844 188
1.5176901817321777 188
1.5280072689056396 187
1.5373029708862305 187
1.546534538269043 187
1.5559837818145752 187
1.565431833267212 186
1.5762052536010742 186
1.5856993198394775 186
1.5947785377502441 186
1.604140281677246 186
1.613616943359375 186
1.6238014698028564 186
1.6332669258117676 186
1.641706943511963 186
1.650700569152832 186
1.6601545810699463 186
1.6697273254394531 186
1.680497407913208 186
1.6899809837341309 186
1.6994290351867676 186
1.7086782455444336 186
1.7236876487731934 186
1.7333545684814453 186
1.742305040359497 186
1.751305341720581 186
1.760333776473999 186
1.7697968482971191 186
1.7803254127502441 186
1.790665626525879 186
1.8001611232757568 186
1.8097577095031738 186
1.8192229270935059 186
1.8294768333435059 186
1.8387227058410645 186
1.8482921123504639 186
1.8576691150665283 186
1.866736650466919 186
1.8785207271575928 186
1.887998104095459 186
1.8973021507263184 186
1.9065313339233398 186
1.915985107421875 186
1.9254350662231445 186
1.9358582496643066 186
1.9453189373016357 186
1.9542624950408936 186
1.9656035900115967 186
1.9746708869934082 186
1.9856464862823486 186
1.9948015213012695 186
2.004049062728882 186
2.0135226249694824 186
2.023101806640625 185
2.033338785171509 185
2.041779041290283 184
2.0507562160491943 184
2.0603890419006348 184
2.06996488571167 183
2.08050274848938 183
2.090085506439209 183
2.0995209217071533 183
2.108736515045166 182
2.122713088989258 182
2.1332499980926514 182
2.1426639556884766 182
2.15132474899292 182
2.1603055000305176 182
2.1697819232940674 183
2.179324150085449 182
2.1899380683898926 182
2.1995596885681152 182
2.208808660507202 182
2.2182118892669678 182
2.2275595664978027 182
2.2377192974090576 182
2.247231960296631 182
2.2562925815582275 182
2.2658119201660156 182
2.2751190662384033 182
2.286142349243164 182
2.29556941986084 182
2.3044545650482178 182
2.3138461112976074 182
2.3234403133392334 182
2.33219051361084 182
2.342811346054077 182
2.3514275550842285 182
2.360346555709839 182
2.3698666095733643 182
2.3792645931243896 182
2.3922934532165527 182
2.4013478755950928 182
2.4103212356567383 182
2.4197986125946045 182
2.4292333126068115 182
2.439452886581421 182
2.448728561401367 182
2.4583818912506104 182
2.467710018157959 182
2.4767115116119385 182
2.4868197441101074 182
2.4967329502105713 182
2.506304979324341 182
2.51947283744812 182
2.52872896194458 182
2.539278030395508 182
2.548550844192505 182
2.5579559803009033 182
2.5674188137054443 182
2.576455593109131 182
2.5860424041748047 182
2.596665620803833 182
2.6060712337493896 182
2.6155152320861816 182
2.6246771812438965 182
2.6339950561523438 182
2.6441290378570557 182
2.6535181999206543 182
2.662304162979126 182
2.6713380813598633 182
2.6803267002105713 182
2.6905107498168945 182
2.7004165649414062 182
2.709836006164551 182
2.7194297313690186 182
2.7285947799682617 182
2.737985134124756 182
2.7483065128326416 182
2.757646083831787 182
2.766677141189575 182
2.7760703563690186 182
2.785517930984497 182
2.7967894077301025 182
2.806373119354248 182
2.815781354904175 182
2.8251333236694336 182
2.83417010307312 182
2.844388246536255 182
2.8537919521331787 182
2.863363027572632 182
2.871743679046631 182
2.880685806274414 182
2.8901264667510986 182
2.9027533531188965 182
2.9113941192626953 182
2.925687551498413 182
2.9351096153259277 182
2.9455575942993164 182
2.954500913619995 182
2.9638924598693848 182
2.973470449447632 182
2.9827282428741455 182
2.991361618041992 182
3.00305438041687 182
3.0115959644317627 182
3.0205507278442383 182
3.0300073623657227 182
3.0394680500030518 182
3.0497641563415527 182
3.0592546463012695 182
3.068554162979126 182
3.07798171043396 182
3.087286949157715 182
3.0975282192230225 182
3.1076295375823975 182
3.1166534423828125 182
3.1260669231414795 182
3.135551929473877 182
3.144472360610962 182
3.1553049087524414 182
3.164443016052246 182
3.173837423324585 182
3.1833627223968506 182
3.1917781829833984 182
3.202781915664673 182
3.216247081756592 181
3.2273600101470947 181
3.2365520000457764 180
3.2460479736328125 180
3.2679176330566406 180
3.291799783706665 180
3.3115479946136475 180
3.3301093578338623 180
3.343873977661133 180
3.356642246246338 180
3.384432315826416 180
3.4038169384002686 180
3.4167661666870117 180
3.4304840564727783 180
3.440166711807251 180
3.4495625495910645 180
3.4587109088897705 180
3.4682416915893555 180
3.477598190307617 180
3.4882326126098633 180
3.497689962387085 180
3.506722927093506 180
3.516556739807129 180
3.5260894298553467 180
3.5362675189971924 180
3.545646905899048 180
3.5546374320983887 180
3.5639383792877197 180
3.5733070373535156 180
3.5837666988372803 180
3.593154191970825 180
3.601558208465576 180
3.610468626022339 180
3.62168025970459 180
3.632251262664795 180
3.640805959701538 180
3.656676769256592 180
3.666123628616333 180
3.6768178939819336 180
3.687685489654541 180
3.696693181991577 180
3.706212282180786 180
3.715654134750366 180
3.7293124198913574 180
3.7402687072753906 180
3.749852418899536 180
3.7594940662384033 180
3.7687628269195557 180
3.7782580852508545 180
3.7884678840637207 180
3.7986302375793457 180
3.8080685138702393 180
3.8173959255218506 180
3.8274247646331787 180
3.83762788772583 180
3.8466477394104004 180
3.856034994125366 180
3.865507125854492 180
3.8744263648986816 180
3.8839707374572754 180
3.894118309020996 180
3.9034740924835205 180
3.9122793674468994 180
3.921205759048462 180
3.9306390285491943 180
3.9414525032043457 180
3.9504034519195557 180
3.9598331451416016 180
3.969202995300293 180
3.9783477783203125 180
3.9885618686676025 180
3.997960090637207 180
4.0074076652526855 180
4.016569375991821 180
4.026437282562256 180
4.035886764526367 180
4.0460710525512695 180
4.055516242980957 180
4.064637184143066 180
4.073931694030762 180
4.08336067199707 180
4.093533039093018 180
4.102247953414917 180
4.110809087753296 180
4.125288724899292 180
4.135294198989868 180
4.145704030990601 180
4.154772043228149 180
4.164014577865601 180
4.173409700393677 180
4.182270526885986 180
4.193190336227417 180
4.201599836349487 180
4.210529088973999 180
4.219982862472534 180
4.229438781738281 180
4.239407300949097 180
4.252225160598755 180
4.260744333267212 180
4.2701685428619385 180
4.279780149459839 180
4.289217710494995 180
4.299449443817139 180
4.308766603469849 180
4.318166017532349 180
4.327470302581787 180
4.336825132369995 180
4.347280502319336 180
4.356312036514282 180
4.365963459014893 180
4.375343322753906 180
4.384265899658203 180
4.394397258758545 180
4.403934955596924 180
4.413324594497681 180
4.422274589538574 180
4.431351900100708 180
4.440767765045166 180
4.451596021652222 180
4.460535526275635 180
4.469983816146851 180
4.479473829269409 180
4.4887590408325195 180
4.499152898788452 180
4.508309602737427 180
4.517680883407593 180
4.5302934646606445 180
4.5405113697052 180
4.551471948623657 180
4.560417413711548 180
4.5698769092559814 180
4.57928466796875 180
4.58849310874939 180
4.598736524581909 180
4.608269453048706 180
4.617609739303589 180
4.626623630523682 180
4.636000871658325 180
4.645925521850586 180
4.656114101409912 180
4.665643215179443 180
4.674645185470581 180
4.683954477310181 180
4.6933839321136475 180
4.7035133838653564 180
4.712670803070068 180
4.721399307250977 180
4.7303619384765625 180
4.739840269088745 180
4.750389099121094 180
4.760650157928467 180
4.770086288452148 180
4.7795069217681885 180
4.788790941238403 180
4.800068378448486 180
4.809566974639893 180
4.818729639053345 180
4.828149318695068 180
4.8374645709991455 180
4.847436428070068 180
4.857673645019531 180
4.8666832447052 180
4.876109838485718 180
4.885575532913208 180
4.894473552703857 180
4.905245065689087 180
4.914169073104858 180
4.927588224411011 180
4.936702013015747 180
4.946662187576294 180
4.957171678543091 180
4.966355562210083 180
4.975795745849609 180
4.985133171081543 180
4.994119882583618 180
5.004192352294922 180
5.013625860214233 180
5.023181915283203 180
5.0316314697265625 180
5.040548324584961 180
5.05047082901001 180
5.061338901519775 180
5.070310831069946 180
5.079751968383789 180
5.089298248291016 180
5.0984978675842285 180
5.108668327331543 180
5.118119955062866 180
5.1273908615112305 180
5.136404514312744 180
5.145900249481201 180
5.156489372253418 180
5.165954113006592 180
5.175509452819824 180
5.184500694274902 180
5.193875551223755 180
5.203403472900391 180
5.213645696640015 180
5.226328611373901 180
5.235745429992676 180
5.2452239990234375 180
5.254786491394043 180
5.265499591827393 180
5.275710582733154 180
5.285923480987549 180
5.295316934585571 180
5.304226875305176 180
5.314526319503784 180
5.327733755111694 180
5.338105201721191 180
5.347567796707153 180
5.357613801956177 180
5.3679187297821045 180
5.3768310546875 180
5.386326789855957 180
5.395727157592773 180
5.404773473739624 180
5.416021823883057 180
5.428642272949219 180
5.440703392028809 180
5.453953266143799 180
5.468183279037476 180
5.4801905155181885 180
5.49368691444397 180
5.505995512008667 180
5.517242431640625 180
5.5263025760650635 180
5.535731077194214 180
5.544766187667847 180
5.554005861282349 180
5.564655303955078 180
5.574114799499512 180
5.583489418029785 180
5.592228174209595 180
5.600755453109741 180
5.6102094650268555 180
5.620394706726074 180
5.629902601242065 180
5.639341831207275 180
5.648490905761719 180
5.6593077182769775 180
5.669997692108154 180
5.679424047470093 180
5.688690423965454 180
5.698112487792969 180
5.70758843421936 180
5.717691659927368 180
5.730471849441528 180
5.740004301071167 180
5.749663591384888 180
5.759211301803589 180
5.769809722900391 180
5.779216766357422 180
5.788413763046265 180
5.798573732376099 180
5.80809473991394 180
5.8259148597717285 180
5.835441827774048 180
5.845712661743164 180
5.855931043624878 180
5.865524053573608 180
5.876081466674805 180
5.885810852050781 180
5.895238161087036 180
5.904161691665649 180
5.913543224334717 180
5.923816442489624 180
5.933232069015503 180
5.94164776802063 180
5.950580596923828 180
5.960092782974243 180
5.97135591506958 180
5.980366468429565 180
5.989891767501831 180
5.99928617477417 180
6.008486032485962 180
6.017875671386719 180
6.028076410293579 180
6.037493705749512 180
6.046634912490845 180
6.056010723114014 180
6.065428256988525 180
6.076138257980347 180
6.085561990737915 180
6.094682693481445 180
6.104114532470703 180
6.113471984863281 180
6.123647451400757 180
6.136788606643677 180
6.146342515945435 180
6.155871629714966 180
6.165392160415649 180
6.175986051559448 180
6.185486078262329 180
6.194380521774292 180
6.203739643096924 180
6.213212728500366 180
6.2217652797698975 180
6.232219696044922 180
6.241339445114136 180
6.250311374664307 180
6.259741544723511 180
6.269141435623169 180
6.279786586761475 180
6.289414644241333 180
6.298607587814331 180
6.308021545410156 180
6.31730580329895 180
6.327502965927124 180
6.336523771286011 180
6.346052885055542 180
6.356337547302246 180
6.36576509475708 180
6.37504768371582 180
6.385784149169922 180
6.395125865936279 180
6.404221773147583 180
6.413627624511719 180
6.4227917194366455 180
6.433291912078857 180
6.441738605499268 180
6.450692176818848 180
6.4600911140441895 180
6.4696149826049805 180
6.479840993881226 180
6.489722728729248 180
6.499104261398315 180
6.508254528045654 180
6.51758337020874 180
6.531654596328735 180
6.540615081787109 180
6.550144195556641 180
6.559701442718506 180
6.569104909896851 180
6.579310894012451 180
6.589358806610107 180
6.59849214553833 180
6.607895135879517 180
6.6174938678741455 180
6.626529932022095 180
6.63670539855957 180
6.646223068237305 180
6.655619144439697 180
6.664658069610596 180
6.673937559127808 180
6.684136390686035 180
6.694016933441162 180
6.703498363494873 180
6.7122673988342285 180
6.720810651779175 180
6.731387615203857 180
6.740392208099365 180
6.749956369400024 180
6.759357929229736 180
6.768682479858398 180
6.778085947036743 180
6.78822922706604 180
6.798830270767212 180
6.808220624923706 180
6.817531108856201 180
6.826695203781128 180
6.836780548095703 180
6.8461830615997314 180
6.855597019195557 180
6.865846395492554 180
6.876193523406982 180
6.886476993560791 180
6.89622688293457 180
6.905691385269165 180
6.914705991744995 180
6.92399001121521 180
6.938190221786499 180
6.947707176208496 180
6.956827640533447 180
6.96626353263855 180
6.975646018981934 180
6.985746145248413 180
6.99564003944397 180
7.005096197128296 180
7.0140745639801025 180
7.023497104644775 180
7.032247066497803 180
7.0432093143463135 180
7.051645994186401 180
7.060575246810913 180
7.070207118988037 180
7.079629898071289 180
7.089848518371582 180
7.108823299407959 180
7.118215084075928 180
7.127601146697998 180
7.138008117675781 180
7.147379636764526 180
7.15639328956604 180
7.165772914886475 180
7.1748130321502686 180
7.184135437011719 180
7.1942994594573975 180
7.204235315322876 180
7.218111515045166 180
7.230426073074341 180
7.241564989089966 180
7.2505598068237305 180
7.259986400604248 180
7.269546747207642 180
7.279756784439087 180
7.28977370262146 180
7.299260377883911 180
7.31544303894043 180
7.324406623840332 180
7.339651346206665 180
7.350019216537476 180
7.35956072807312 180
7.369180917739868 180
7.378339052200317 180
7.387662887573242 180
7.398061752319336 180
7.407933473587036 180
7.417129755020142 180
7.426333904266357 180
7.43575382232666 180
7.445908546447754 180
7.455289602279663 180
7.464217901229858 180
7.47361421585083 180
7.4832000732421875 180
7.4922168254852295 180
7.5060975551605225 180
7.5193870067596436 180
7.532192707061768 180
7.547126054763794 180
7.5594282150268555 180
7.571748733520508 180
7.585096836090088 180
7.598765850067139 180
7.609765291213989 180
7.619711637496948 180
7.6291663646698 180
7.638298034667969 180
7.648514270782471 180
7.658073425292969 180
7.667530536651611 180
7.676551580429077 180
7.685977935791016 180
7.695431470870972 180
7.705653429031372 180
7.71551251411438 180
7.724628925323486 180
7.737889528274536 180
7.748066425323486 180
7.757561683654785 180
7.769368410110474 180
7.779180526733398 180
7.788471698760986 180
7.799646854400635 180
7.809074878692627 180
7.818676948547363 180
7.828109979629517 180
7.837394714355469 180
7.84766697883606 180
7.857966184616089 180
7.867173671722412 180
7.876257658004761 180
7.885716438293457 180
7.894795656204224 180
7.905428171157837 180
7.914458751678467 180
7.924339294433594 180
7.935297966003418 180
7.945917844772339 180
7.956076622009277 180
7.965602874755859 180
7.974501132965088 180
7.983880519866943 180
7.993319034576416 180
8.003533363342285 180
8.012695789337158 180
8.022703170776367 180
8.031225204467773 180
8.04027009010315 180
8.049899339675903 180
8.060025215148926 180
8.069490432739258 180
8.078729391098022 180
8.090190172195435 180
8.09986138343811 180
8.110447645187378 180
8.11985182762146 180
8.129755735397339 180
8.144170045852661 180
8.154401540756226 180
8.163977861404419 180
8.173480749130249 180
8.182230710983276 180
8.190776824951172 180
8.200183153152466 180
8.210478782653809 180
8.225502967834473 180
8.23444128036499 180
8.243942022323608 180
8.253384828567505 180
8.2755446434021 180
8.295382022857666 180
8.313417911529541 180
8.331475496292114 180
8.340447187423706 180
8.349875688552856 180
8.361471176147461 180
8.370429515838623 180
8.393322467803955 180
8.405822277069092 180
8.415642738342285 180
8.424761295318604 180
8.435843706130981 180
8.445218324661255 180
8.454286575317383 180
8.468634605407715 180
8.497619867324829 180
8.514816999435425 180
8.52438497543335 180
8.538716316223145 180
8.553962230682373 180
8.56360936164856 180
8.573712587356567 180
8.585468769073486 180
8.595623016357422 180
8.604681015014648 180
8.6139976978302 180
8.623439311981201 180
8.633296728134155 180
8.644052505493164 180
8.653747320175171 180
8.663132667541504 180
8.671608209609985 180
8.680542469024658 180
8.69078278541565 180
8.700472116470337 180
8.713053226470947 180
8.721450567245483 180
8.73038625717163 180
8.741537809371948 180
8.75051760673523 180
8.760029792785645 180
8.769456148147583 180
8.778637409210205 180
8.788798570632935 180
8.799221515655518 180
8.808393239974976 180
8.817874431610107 180
8.827332019805908 180
8.83634901046753 180
8.847377300262451 180
8.85639500617981 180
8.865799188613892 180
8.875407695770264 180
8.884272336959839 180
8.894500732421875 180
8.903932094573975 180
8.913355350494385 180
8.92177438735962 180
8.93071985244751 180
8.946423768997192 180
8.956054210662842 180
8.965559244155884 180
8.974462032318115 180
8.98388123512268 180
8.994056701660156 180
9.003471851348877 180
9.012263774871826 180
9.020812273025513 180
9.030245780944824 180
9.03966498374939 180
9.050075769424438 180
9.05962610244751 180
9.068810224533081 180
9.078214645385742 180
9.087604761123657 180
9.09791350364685 180
9.107133388519287 180
9.116357564926147 180
9.125775337219238 180
9.13519811630249 180
9.144145727157593 180
9.155105590820312 180
9.164093732833862 180
9.173556566238403 180
9.182675838470459 180
9.191205978393555 180
9.201503992080688 180
9.210433959960938 180
9.220792293548584 180
9.23024606704712 180
9.239796876907349 180
9.250573635101318 180
9.260008096694946 180
9.269434928894043 180
9.278598546981812 180
9.287995100021362 180
9.29813027381897 180
9.307496309280396 180
9.318230152130127 180
9.327562808990479 180
9.340299129486084 180
9.352256536483765 180
9.360815525054932 180
9.370343923568726 180
9.379775762557983 180
9.389195680618286 180
9.398338794708252 180
9.408419132232666 180
9.417987585067749 180
9.427284717559814 180
9.436328649520874 180
9.445776224136353 180
9.456380367279053 180
9.465783596038818 180
9.475388050079346 180
9.484777212142944 180
9.494007110595703 180
9.504156112670898 180
9.51363205909729 180
9.522747993469238 180
9.544689178466797 180
9.573389291763306 180
9.594358444213867 180
9.608642816543579 180
9.62119746208191 180
9.635895252227783 180
9.648354530334473 180
9.66435956954956 180
9.677283763885498 180
9.686630010604858 180
9.696057796478271 180
9.706265211105347 180
9.715799331665039 180
9.72520661354065 180
9.734225273132324 180
9.747714281082153 180
9.758129358291626 180
9.768135786056519 180
9.777582883834839 180
9.786612510681152 180
9.798151731491089 180
9.808361053466797 180
9.817658185958862 180
9.826658010482788 180
9.836230039596558 180
9.847178220748901 180
9.857962608337402 180
9.867892503738403 180
9.87682580947876 180
9.886249780654907 180
9.895777940750122 180
9.905996799468994 180
9.916119575500488 180
9.925513505935669 180
9.934400081634521 180
9.943804025650024 180
9.953325986862183 180
9.96345829963684 180
9.973309993743896 180
9.98174500465393 180
9.990685939788818 180
