00
0.0 0.0
0.0 0.0
0.000719915146246594 6.9109015740608815e-06
0.0026391483476626205 5.605047830772925e-05
0.005035831705420999 0.00017885917297746722
0.00862214760683485 0.000489467791920477
0.012670129696280074 0.0009972583411091936
0.016223899385964927 0.0015707218984280062
0.02069699123359121 0.0024550658291815127
0.025592203848589117 0.0036529167353466312
0.029984266379331444 0.004877825544691472
0.03455458600881001 0.006343728289000497
0.039307112279399245 0.008020465414132056
0.04355096855324138 0.009687888213583962
0.048841502432668694 0.011964527905191813
0.05319382476680949 0.01398788715928117
0.05830264041494947 0.01664736825304601
0.0700747200994426 0.023613979602073287
0.08049686828954523 0.03047742389295236
0.09021257520894616 0.037519040637519374
0.0955766670332438 0.041566068676511456
0.10940812854825961 0.053083193266921375
0.12488136667128807 0.06674069464655474
0.13877762863536666 0.08033309142001219
0.1456556843332384 0.08736900283983948
0.1524431259266 0.09449236835814517
0.15911573806552434 0.10172340887346255
0.1635098972789623 0.1064853136030618
0.1683583366563883 0.11180745541242833
0.17377558565889212 0.11790904981046318
0.17853826001448134 0.12330807665038489
0.18296727608194008 0.12836136604661752
0.18781689909651655 0.1340028915529594
0.1925100826590099 0.13946243236554837
0.19718577294916526 0.14493696231305336
0.20167164791415698 0.15025782422718584
0.2066027668038487 0.15614492869087868
0.2110715932976318 0.16148011711110033
0.21723549190974645 0.1688389976907164
0.22256684549415565 0.17532949376923976
0.22778611780883115 0.18160127481281269
0.23285188211425148 0.18768859170804525
0.23896856137474942 0.19508676745005582
0.24447357270919756 0.20174512561786534
0.25043733498818305 0.20895834696632565
0.2555030992936034 0.2150456638615582
0.2604153555897685 0.22094851660845038
0.2660951519322095 0.22777369009704446
0.27068266137758296 0.2333223219035524
0.2759219751978804 0.23957737039622606
0.2809682355877912 0.2456808653833848
0.28589935447748294 0.25156796984707763
0.2905222784365689 0.2570871302817897
0.29516283874518107 0.26259147019296125
0.2996487137101728 0.26791233210709375
0.3041175402039559 0.2732475205273154
0.3099732438854648 0.28023845707795064
0.3144249761538645 0.2855879173798217
0.31858560771704186 0.29055516177106255
0.32291679733841316 0.295692545688156
0.32707742890159053 0.30065979007939686
0.33139215793007076 0.3058110064851281
0.3354292205229788 0.3105685411122808
0.33958985208615616 0.3155357855035217
0.3437504836493335 0.32050302989476254
0.34778754624224156 0.32526056452191526
0.3519798804733384 0.3302010812501123
0.35603214539147304 0.3349456738712833
0.3599285539666025 0.33950778216087085
0.36398081888473716 0.34425237478204185
0.3680178814776452 0.3490099094091946
0.37191429005277465 0.3535720176987821
0.3758106986279041 0.3581341259883696
0.37940880602581567 0.3623197739446878
0.3833197923278935 0.3668693912885119
0.38690448821701257 0.3710665309149324
0.3903333277631265 0.37508118620976943
0.39438559268126117 0.37982577883094043
0.3981401395312558 0.3841934114810116
0.4015818074770843 0.38819707474357684
0.40499778351723725 0.3922226809665523
0.4081149103773408 0.39587236759822225
0.4113878935804496 0.39970453856147575
0.41451668262211183 0.40334423243653506
0.417489032211691 0.4068019416178414
0.42060615907179455 0.41045162824951137
0.42498646373012167 0.41554719967459436
0.42780237386761766 0.4188229241621477
0.4317278978539276 0.4233600039788548
0.4354964008807852 0.4277156006028936
0.4380180146273333 0.43061127793831894
0.44039070180632905 0.4333183972577293
0.44275471469371797 0.43603309475969054
0.4447959871665991 0.4383923762643782
0.4466802386800279 0.44057017457639763
0.4487290498490982 0.4429229124114307
0.4509435578828276 0.44544955710954703
0.45284170762602416 0.4476152525650753
0.4544292657445539 0.4494149281783825
0.45616923634248413 0.45140014901261677
0.45775679446101386 0.453199824625924
0.4593443525795436 0.45499950023923125
0.46077315488622034 0.4566192082912078
0.4622071325633537 0.45823433622009935
0.46347717905817754 0.4596740767107451
0.4647518258822961 0.46110974598087096
0.4660218723771199 0.4625494864715167
0.46729651920123844 0.46398515574164256
0.46840780988420927 0.4652449286709576
0.4693637950022982 0.466321680623552
0.47064302910521294 0.46775326397402767
0.47144255041953465 0.46864800356807496
0.47256188025958507 0.46990063899974116
0.47335853452465915 0.4707979322935698
0.47431451964274807 0.4718746842461642
0.47527394521993416 0.47294837175902094
0.4759158493620569 0.4736621131457854
0.476878705575241 0.4747327252259321
0.4776810857528944 0.47562490195938767
0.47832298989501715 0.4763386433461521
0.4789648940371399 0.47705238473291656
0.4796067981792626 0.477766126119681
0.48073412133538074 0.47901157275329187
0.48282772148245723 0.48132454507285494
0.48363010166011067 0.48221672180631053
0.48298591699947174 0.48150503801567573
0.48152628375170853 0.47991305780624266
0.47940325197316697 0.477627070362225
0.4764233995663253 0.4744997391590664
0.4732360079014579 0.47123919484256105
0.46947354662059426 0.4675353748038228
0.4660103127046325 0.46421231849754363
0.4624943591932481 0.4609450928736919
0.4576502269931474 0.4566417505593078
0.4530892523158681 0.4527440150855381
0.44808349476291404 0.44862980031624555
0.44377482445296973 0.44517996179519254
0.4390203632023931 0.44152073646091333
0.43361767043438093 0.4375253856750181
0.4287151529856295 0.43406704004524754
0.42375793575791426 0.4306875683132296
0.41873675487132767 0.42740388526907885
0.41286391082171225 0.4236696720347145
0.40731959645266763 0.4203163229589357
0.40236293132235473 0.41738301291724
0.3956681076322609 0.41362092995307437
0.3901898871353422 0.4106341071771543
0.3831770024368829 0.40695486225636285
0.37761505095168163 0.40412701753221647
0.37178386731623625 0.4013018327140965
0.36350219609444473 0.39748392998683957
0.3571542957880941 0.3946310704719951
0.3503301339293641 0.3916685599913267
0.34389421362906764 0.3890202443758765
0.3376559629053383 0.386523016922124
0.33003340160227823 0.3836122438058625
0.3239655226938437 0.38133953234168655
0.3174326831705338 0.37894022963600626
0.30949408445852283 0.3761964146136373
0.30289486825044004 0.37398621300523527
0.29467677801065706 0.3713212784668231
0.2878073673859005 0.3691663409957896
0.28114081989612183 0.36716839448065697
0.27400098880037904 0.3650783070790202
0.2661415084822086 0.36288636499914
0.25943188613820023 0.36103822709530564
0.25179010845273536 0.358959614869087
0.2436509606009625 0.35688497209639064
0.23643615828140108 0.3550705077368985
0.2282711242875075 0.35310020566211847
0.22101749399602885 0.3514477828903196
0.21305614116486374 0.3496609135467586
0.2062559611274381 0.34818030651942056
0.1977971040388045 0.3464234285961399
0.19074340788735583 0.3449819264495509
0.18344062589363097 0.3435624094280453
0.17566190131058393 0.34207619314427157
0.16668856677077407 0.34045085419583637
0.15959628876195386 0.33921305353289116
0.1520149134239595 0.33798966461061103
0.14419262324377888 0.33675306794309806
0.13540927164216895 0.3354508336003204
0.1282910501878282 0.3343721857604092
0.12116280257459114 0.33336191658837516
0.11117013886952862 0.33204340021181133
0.10426202127327718 0.3311992693053956
0.09520651218420348 0.3301221367237935
0.0885315263823465 0.3293498145158436
0.0809001859477093 0.32849157466511536
0.0727862171972423 0.32763160253201806
0.0646669112074243 0.32682357332650375
0.055108898605925584 0.32593409899012793
0.046740828169293265 0.32520934554592756
0.0393251524156909 0.3246148654876833
0.030944710700506264 0.32405089115696134
0.02352047340446975 0.3235751244133186
0.015136594143519838 0.32306479224194967
0.007467207398693028 0.3226718044190065
-0.0018827313608679383 0.3222526768315187
-0.01027593732838268 0.3219302423820642
-0.01723187527201991 0.3217075923538294
-0.027547753729631055 0.32144346712888594
-0.03522578720909662 0.32129604135463785
-0.04266464380048292 0.3212008256258701
-0.050344053196158735 0.3211762531959383
-0.05922341576567989 0.3211762531959383
-0.06786239752063902 0.321259184014827
-0.07626110657542999 0.3213666856440809
-0.08297938586996237 0.321495683196548
-0.0935342496469554 0.3217997255070086
-0.10456661984370623 0.3221881974962055
-0.11559475273959866 0.3226825531122167
-0.12445939169762901 0.3231936849785524
-0.13284327095857892 0.3237040171499213
-0.14145718836308227 0.32436682197159417
-0.14911207946357502 0.3249804788059108
-0.15628471126640273 0.3256016960437968
-0.1658455210466474 0.3264605824341053
-0.17348722080177023 0.3272210805098835
-0.18135704062498986 0.32810614035594704
-0.18827041877691317 0.32890604549989516
-0.19708422398592362 0.3299830401046325
-0.2044597614825174 0.3309562307635248
-0.21182561734952904 0.3320001755746267
-0.219422029545516 0.33312643230351546
-0.22724823649988668 0.3343379931515188
-0.23435206959686014 0.33550765684930833
-0.24167662666177891 0.33681016106233974
-0.24828075782909007 0.3380500677414226
-0.2553523256318601 0.33940117345394416
-0.2626505281200925 0.3408440503935946
-0.27251258567432385 0.3429253082235544
-0.28747682989414697 0.3463846614596835
-0.2998216775054727 0.34944732527262334
-0.30979627450326735 0.35209204174480757
-0.31674935599010445 0.3539594505573028
-0.32802426667039186 0.35729923125529606
-0.3339837013217743 0.3591477844039821
-0.34196518007703725 0.3617642452323925
-0.3492470738238872 0.36420308838649124
-0.35491750147532364 0.3661629562596119
-0.36056885478089257 0.3681771651976073
-0.3666367336893271 0.37044987666178325
-0.3722346811097107 0.3726080741756559
-0.3778045478273262 0.37483774154507776
-0.3833380311242438 0.3771562312329995
-0.38885656394448675 0.3795100849544884
-0.3949943534652384 0.3822449445206884
-0.40022488265794887 0.3846562515063243
-0.40563246942751424 0.38725487367198963
-0.40993838384888026 0.38937520227087286
-0.4144452539224083 0.39163043518118895
-0.41932479179576043 0.39421038397983954
-0.42312400304550724 0.39626603830404067
-0.42772669433244676 0.3988524703419046
-0.43208821415621196 0.401377366016252
-0.43559251896912926 0.4034663509411568
-0.4394635519715247 0.40587585677421195
-0.44310133048374656 0.40820529625975915
-0.4465085712382032 0.41044911458562344
-0.4502678187732735 0.41302955501997357
-0.4534054299404744 0.41524289622302674
-0.4564999723937137 0.41751606364378047
-0.4593666410505571 0.41969329819034806
-0.46258368480132334 0.4222022102541659
-0.4653719606051676 0.424478974954479
-0.46776301396560244 0.4264829376174189
-0.470121701588389 0.4285248962910989
-0.4726191428081734 0.4307722873598035
-0.47437711956386563 0.43240590017172936
-0.4771477066966351 0.4350643452167527
-0.4788471074475853 0.4367588097872033
-0.48068638987390344 0.4386523883038158
-0.4826528534422963 0.4407562491090681
-0.4842633150938936 0.4425354585856551
-0.48599692454464544 0.44452623675376
-0.4873943692883444 0.44617307566315906
-0.48875994140481166 0.4478464384450834
-0.48994500466922003 0.4493569005726354
-0.4911106388689427 0.4508824062893917
-0.4926591727266066 0.4530203123523439
-0.49348506350601656 0.45419980662274495
-0.4946954365073003 0.45598864071314177
-0.4954793091104992 0.45719646771042965
-0.4963666068922317 0.45862289592875166
-0.497230970878921 0.46006333673420235
-0.4980721798298722 0.4615174214347382
-0.49853951617343223 0.46235591081263316
-0.4991000660189729 0.4634168430177598
-0.4996435711532853 0.46448660721709845
-0.5001698924619971 0.46556492959617
-0.5007765204007738 0.46687080281257304
-0.5013537491622747 0.4681899348265578
-0.5019055475866557 0.4695199050564028
-0.5025194064123517 0.4710836096824777
-0.5035171798995675 0.4737849662157402
-0.5039088235655043 0.474919165718536
-0.5036825664020869 0.4742356942309389
-0.5029092919653813 0.47171168034669086
-0.5014437002187688 0.4666395566690171
-0.5001535115624601 0.46176786634936745
-0.49890011195725464 0.4566391835556057
-0.4973030351446132 0.4496190764702326
-0.49586795703544584 0.4428091428045209
-0.49456387670307167 0.43597291429769636
-0.49326011269734854 0.4288924653533876
-0.4920301123333693 0.42155538469914733
-0.4908574730650491 0.41396599410324963
-0.4896750161176379 0.4054079172836156
-0.48882926710656754 0.39898381575444475
-0.487754768711317 0.3899279937233286
-0.4869491598220913 0.38253227552021835
-0.48620006774830915 0.37416634870651044
-0.485365365151809 0.3648443159712359
-0.4846896986831625 0.3567129252060343
-0.48410969379922375 0.34881476153872143
-0.4835381541615015 0.3406753891184564
-0.48300343646743743 0.3322930298219949
-0.48256218502998016 0.32414555548191865
-0.4821470058532928 0.31599671095005377
-0.4818160150515348 0.30856461175054306
-0.48148687944458773 0.2999315037913271
-0.4811499414871545 0.29177904932864535
-0.4808819325922656 0.2841042787325319
-0.48061392369737665 0.2764295081364185
-0.4803780814499981 0.26899378141628094
-0.4801871018852926 0.2603565127456245
-0.4799806313927857 0.25219971123467777
-0.479837390941828 0.24308149092401107
-0.4797353340750715 0.23492271495275124
-0.4795657072252532 0.2241248224795933
-0.47948752321658417 0.21572578934189773
-0.4794347485768274 0.2070865707359915
-0.47940891959453374 0.1982072457332288
-0.4794651147430529 0.1898080366935273
-0.4794399838413618 0.181168693447596
-0.4794424271268819 0.17276929677773478
-0.4794986222754011 0.1643700877380333
-0.4795516062725763 0.1564508335006005
-0.47961743487512737 0.14661176005409304
-0.4796910114748894 0.13917265796404324
-0.4797407843207207 0.13173335852887907
-0.479844446475961 0.12381460552486226
-0.47999878254388845 0.11589667805871362
-0.48012387323185673 0.10821824821984094
-0.480241145751827 0.1010197202458978
-0.4803908049692112 0.09334172997569305
-0.4805158956571795 0.08566330013682037
-0.48071831076868293 0.07870674396056188
-0.4809306489676183 0.06934982485054458
-0.4810885414745189 0.06239211576873686
-0.4812627676890299 0.05471464367846626
-0.4813839492929992 0.04727616477205835
-0.4815472863691033 0.04007853468742967
-0.4817203298392038 0.031200858437505433
-0.48188366691530793 0.02400322835287675
-0.482063821646769 0.017046060108286337
-0.4822688253067074 0.009129282450648969
-0.48246140450240715 0.001692309499535076
-0.48266019593022624 -0.005984565804840554
-0.48281808843712687 -0.012942274886648281
-0.48300445540070724 -0.020139345484500436
-0.4831908223642876 -0.02733641608235259
-0.483377189327868 -0.03453348668020474
-0.4835935641022337 -0.04196980535137761
-0.48387973719091093 -0.051804936497122374
-0.4841030917967078 -0.05948113641575243
-0.48435436572822926 -0.06811686132421124
-0.4845612593579611 -0.07723385943140758
-0.4847627084184895 -0.08611093653578296
-0.48494286314995055 -0.09306810478037338
-0.48515923792431626 -0.10050442345154624
-0.4853171304312169 -0.10746213253335396
-0.48551592185903597 -0.1151390078377296
-0.4857333499832131 -0.12353559020189044
-0.4859197169467935 -0.13073266079974258
-0.4861247206067319 -0.13864943845737995
-0.4863271357182353 -0.14560599463363844
-0.4865072904496964 -0.15256316287822885
-0.4867122941096348 -0.16047994053586623
-0.48683856907430273 -0.1669582448263515
-0.4870073507196103 -0.17439579591380114
-0.48718129321895204 -0.18111306180512982
-0.4873982192787866 -0.18782907700258503
-0.4876355335474458 -0.19598503941612946
-0.48796358562471 -0.20725945804661736
-0.48829672207374164 -0.2175733385284236
-0.48861975814394765 -0.23004826089803398
-0.4888989514011937 -0.23964351079632157
-0.48915986515020626 -0.24971940963331457
-0.489352444345906 -0.25715638258442847
-0.48951033685280665 -0.2641140916662362
-0.4896918124700166 -0.2703510041001231
-0.4899081872443823 -0.277787322771296
-0.49010961858565727 -0.2840236225975044
-0.4902841143714361 -0.29002065378393416
-0.4904935093143707 -0.29721709120764983
-0.49067169857780624 -0.30273381797698806
-0.4908653825598014 -0.3087302601175731
-0.49103289851414905 -0.3144874100565456
-0.4912004144684967 -0.32024455999551815
-0.4914217994714776 -0.32648018336356005
-0.4916232308127526 -0.3327164831897685
-0.4917907467671003 -0.338473633128741
-0.4919844307490954 -0.34447007526932605
-0.49221648497797216 -0.35046515514078114
-0.49241232555753217 -0.3559812835048182
-0.49258262171367134 -0.36077791686485045
-0.49278682943508284 -0.3660535871517309
-0.492948610783415 -0.3706103888437615
-0.4931495994927649 -0.37540583417345547
-0.4933445250450213 -0.3804417012654777
-0.4935153654479687 -0.3845178297957176
-0.4936962552863836 -0.38883373059244214
-0.4938540521620198 -0.3929103849050316
-0.49405956754090247 -0.397465423685789
-0.494243449722008 -0.4015409847001509
-0.494416515304225 -0.40537680683131505
-0.49459027007767975 -0.40897235251140274
-0.49475251906100814 -0.41256843575936913
-0.494903951445448 -0.41592478012413775
-0.4950662004287764 -0.41952086337210415
-0.4952167878991039 -0.42263700296151346
-0.4953465870857666 -0.42551386955988657
-0.4955087582076577 -0.4288697121946351
-0.49563226406405053 -0.43126635972739397
-0.4957804710917219 -0.4341423367667046
-0.4958963076073584 -0.4365393672200964
-0.49601981346375124 -0.43893601475285526
-0.49613096873450474 -0.4410929975323382
-0.49625447459089755 -0.4434896450650971
-0.49635941373700293 -0.44540663712429657
-0.4964643528831083 -0.44732362918349605
-0.4965692920292137 -0.44924062124269554
-0.4966557461286886 -0.4509182745156267
-0.4967545508138029 -0.4528355925418338
-0.49683325517338195 -0.4542733365862334
-0.4969250769262242 -0.45595070463803294
-0.49700378128580325 -0.45738844868243256
-0.4970916848723227 -0.4588256596178559
-0.49717498927182885 -0.46026314446662686
-0.497258293671335 -0.46170062931539785
-0.49734159807084116 -0.46313811416416883
-0.4974002004618541 -0.4640962547877844
-0.49747345345062033 -0.4652939305673038
-0.4975613570371398 -0.4667311415027271
-0.4976168933034772 -0.4676894647352411
-0.4976901462922434 -0.4688871405147605
-0.49774874868325636 -0.46984528113837604
-0.497810416598943 -0.47080322934315
-0.4979491694092379 -0.47295861280389145
-0.49799542034600286 -0.47367707395747194
-0.49803477252579237 -0.4743959459796717
-0.4980254903566373 -0.4741561427848135
-0.49801376310464024 -0.47343628998741916
-0.49801376310464024 -0.47343628998741916
-0.49801376310464024 -0.47343628998741916
-0.49801376310464024 -0.47343628998741916
-0.4980007851211856 -0.4736759215856567
-0.49798320921561173 -0.47391525987860555
-0.4979167071666903 -0.4746321301987089
-0.49786473239964346 -0.475109273308587
-0.49773639161510547 -0.47606058626333897
-0.49758981170656547 -0.4770092600878262
-0.4973838554481388 -0.4781913663828883
-0.4971979517168372 -0.47913312404680347
-0.4968830305278376 -0.4805381603303714
-0.4965322500926442 -0.4819346757795193
-0.4960866189709364 -0.48355436949095315
-0.4956692403015317 -0.48493244690523335
-0.49514130692022446 -0.4865272137096265
-0.49449150227590327 -0.48833376420812846
-0.4936217134243068 -0.4905704225294822
-0.4929581424039024 -0.492113688001257
-0.491940136869757 -0.4942868971088423
-0.49074442557426967 -0.49664037834738733
-0.48957608471536956 -0.4987366017921248
-0.48796228582435885 -0.5014065560363538
-0.4859259593998239 -0.5043749755066504
-0.48296330123880304 -0.5081511308255305
-0.4796294291898906 -0.5119304496134758
-0.4760379888763389 -0.5154659141959078
-0.47244974280219026 -0.5186535751695257
-0.4691038118375771 -0.5213856928099014
-0.46563888838433143 -0.5239652327463935
-0.46167311460215926 -0.526668810132008
-0.4576064795142288 -0.5292181573882645
-0.45344497802051464 -0.5316095163511108
-0.4489747643283922 -0.533936562308155
-0.44487133880715285 -0.5359246553283135
-0.4395954826106053 -0.5382351051564039
-0.4346939998991037 -0.5401972124414952
-0.4299689065754112 -0.541949766697954
-0.4235904539060977 -0.5440633557292495
-0.41854287622399844 -0.5456113729489636
-0.4125220816839352 -0.5472490674302267
-0.4048356671334872 -0.5491560090496044
-0.3987432327054869 -0.5505029510855256
-0.3930930114242748 -0.5516200171033195
-0.38647728246241264 -0.5527964725215414
-0.3803142659568158 -0.5537707608050365
-0.37366123485112784 -0.554713678698935
-0.3672320868267148 -0.5555201695711759
-0.3607908592203147 -0.5562237026332066
-0.3538633989872571 -0.5568907411854741
-0.34668693858054517 -0.5574660444676459
-0.3397416843358658 -0.5579111165826666
-0.3327937240714637 -0.5583117334508756
-0.326318965182238 -0.5585604685975977
-0.31912246715247006 -0.5587677701729117
-0.31168486728309835 -0.5589343883151963
-0.30496565925146346 -0.5589988900632208
-0.29776621294301736 -0.5590219267162818
-0.29056672977854076 -0.5590219267162818
-0.2840877256505592 -0.5589389968880002
-0.2768891638679784 -0.5588238183398693
-0.26753290201107527 -0.5585842629032927
-0.26009804383500407 -0.558322466562747
-0.2533843388061296 -0.5580430352954368
-0.24595130823844716 -0.5577336649637719
-0.23899982250082957 -0.5573997611595044
-0.2318109881121225 -0.5570083304921768
-0.22486302784772033 -0.5566077136239678
-0.21744035089998537 -0.5561081935024711
-0.2088223682651747 -0.5555005269908546
-0.20140669251157234 -0.5549060469326104
-0.1947053637459908 -0.5544119722181451
-0.18704854827532116 -0.5538228123766581
-0.1796328725217188 -0.5532283323184138
-0.17222115299213017 -0.5525864078392649
-0.1643334849234283 -0.5518778265672604
-0.15668707484222935 -0.5511662470981598
-0.1499926184929235 -0.5505864443427995
-0.14258299091323387 -0.5499208073903104
-0.13493434308903812 -0.5492336982780636
-0.12824177624286684 -0.5486324778048476
-0.116290764017561 -0.5475588698169619
-0.10625191374830409 -0.5466570391071379
-0.09836201876519361 -0.5459737001454633
-0.08736398333419114 -0.5450211670473715
-0.0778004742637542 -0.5441928773968567
-0.06967616355248028 -0.5434368242109373
-0.062025356296130735 -0.5427741924905256
-0.054374549039781186 -0.5421115607701139
-0.04672590121558545 -0.5414244516578671
-0.03955529388040195 -0.5407802868651357
-0.03142631117053055 -0.5400762406621982
-0.022824099829181713 -0.5392757137594599
-0.015890555753114932 -0.5386752037628367
-0.007763867439906962 -0.5379451503310745
-0.000828437367688852 -0.5373668291191361
0.006826453732803909 -0.5367531722848196
0.013999085535631613 -0.5361319550469336
0.021175545942343575 -0.5355566517647617
0.030744159817959527 -0.534789580721866
0.039829493434874616 -0.5340027055538771
0.04796281522914818 -0.5333506951674156
0.05561770632964094 -0.532737038333099
0.06279033813246865 -0.532115821095213
0.07044522923296141 -0.5315021642608965
0.07785694876255003 -0.5308602397817476
0.08502958056537774 -0.5302390225438616
0.0924452563189801 -0.5296445424856173
0.10033936276636325 -0.5290117088752283
0.10703381911566912 -0.528431906119868
0.1142084019489982 -0.5278336427971733
0.1213810337518259 -0.5272124255592873
0.12831646382404402 -0.5266341043473489
0.13524805091472142 -0.5260114117143753
0.1424226337480505 -0.5254131483916805
0.14935806382026862 -0.5248348271797422
0.1572521702676518 -0.5242019935693532
0.16418571434371856 -0.52360148357273
0.1708819916548257 -0.5230431044715481
0.17949374414288005 -0.5223527405329419
0.1861882004921859 -0.5217729377775816
0.19312174456825268 -0.5211724277809584
0.20029632740158176 -0.5205741644582637
0.20890582680157666 -0.51985624847103
0.21895024276823738 -0.5190186798192572
0.22780121060318215 -0.5183091391045785
0.2373698244787981 -0.5175420680616828
0.24454628488551006 -0.516966764779511
0.25100340943550625 -0.5164283277890857
0.2576996867466134 -0.5158699486879038
0.2641568112966096 -0.5153315116974785
0.27037641031576 -0.5148329155195962
0.2763582974022206 -0.5143726343934345
0.28282029299760286 -0.5138962052044858
0.2911949349186478 -0.5132518116278594
0.2971768220051084 -0.5127915305016977
0.3038765355419443 -0.5122760156403966
0.311533351012614 -0.5116868557989096
0.3175152380990746 -0.5112265746727479
0.3232564064244442 -0.5107663320470104
0.32923829351090483 -0.5103060509208487
0.3342618157956032 -0.5099033386233284
0.3400058118803874 -0.5094798460109295
0.3450318084545736 -0.5091092899750805
0.35029586909065896 -0.5087042425840582
0.3558005320052438 -0.508298395497176
0.36082531715787075 -0.5079117593512003
0.36561198056185756 -0.5075588488408679
0.3701603602857854 -0.5072381359597369
0.3747076905195729 -0.5069028709749211
0.37901568758316106 -0.5065852515156221
0.3833256290366846 -0.5062952075741078
0.3876346203540899 -0.5059913743182995
0.39194456180761345 -0.5057013303767853
0.39601506206927456 -0.5054273999875775
0.39984612113907325 -0.505169583150676
0.40367718020887194 -0.5049117663137744
0.40727095275942476 -0.504704550692287
0.4118222015010833 -0.5044275132278296
0.41517437818715713 -0.5042019234955408
0.4185272595466575 -0.503987061095186
0.42164127184358174 -0.5037975091458204
0.42451574473305026 -0.5036225381156368
0.4276297570299745 -0.5034329861662713
0.4307437693268988 -0.5032434342169058
0.43361766763504195 -0.5030592664451731
0.4362526011170548 -0.5028988763341714
0.43864844948409 -0.5027607325865131
0.4410442978511252 -0.5026225888388548
0.44367973105486397 -0.5024706307164307
0.4458359945851957 -0.5023463013435383
0.4477530170888509 -0.502241919832251
0.45014929521841995 -0.5021114429431418
0.45230594553503206 -0.5019940137429435
0.4537437124127735 -0.501915727609478
0.45542110710347183 -0.5018243937871015
0.4570987854539027 -0.5017384277008328
0.4590158079575579 -0.5016340461895454
0.4602141496364371 -0.5015726418422106
0.46165215965109213 -0.5014989566254088
0.4630901696657472 -0.5014252714086069
0.46428851134462634 -0.5013638670612721
0.4652471846877297 -0.5013147435834042
0.4666854231162023 -0.5012456600376937
0.46764424873518406 -0.5011996043405533
0.4688427807589112 -0.5011420347191279
0.469801606377893 -0.5010959790219875
0.47076057445579667 -0.501052991577117
0.47315819361131634 -0.5009501260035372
0.47411716168922 -0.5009071385586666
0.4748362809034563 -0.5008725967858114
0.47531545057686336 -0.5008449680362798
0.4757942273899084 -0.5008112087856343
0.47627253291213034 -0.5007713245641213
0.4769891667293432 -0.5007023205759558
0.4777046048950905 -0.50062186058995
0.47818024268593223 -0.5005575518375371
0.4791283990714087 -0.500407661332384
0.4800735032088176 -0.500239596272638
0.4812498819604206 -0.5000031088395946
0.4824206691414743 -0.49974033393612977
0.4838181990597376 -0.4993936172780611
0.4849760441635959 -0.49907867603166434
0.48658521079905975 -0.4985964130797358
0.488407625847435 -0.49799253049936565
0.49043743100467146 -0.4972544104353796
0.49222206224155435 -0.49654662365409513
0.4942060124463396 -0.4956928837697422
0.4963756548115329 -0.49466729852218794
0.49872878813219496 -0.49347090267735677
0.5008284012692444 -0.49230866441969545
0.5032925409888198 -0.49081828705268266
0.5056976521096127 -0.489234415293249
0.5084243449455588 -0.487271477331832
0.510689520959642 -0.4854932234470014
0.5137824870138998 -0.4828328529416913
0.5165445535643404 -0.48016555627866075
0.5196581208809624 -0.47683444333701136
0.5224530103683603 -0.4735407655182133
0.5251302635914231 -0.4701507749576941
0.5276417882506923 -0.46663623875689997
0.5302804083739715 -0.46262695250915015
0.5327631758986034 -0.45851933059495176
0.5353335257881836 -0.4539076390165293
0.5376018590922079 -0.4494073482080049
0.5406277624935478 -0.4426110578943135
0.5431501501631776 -0.43612474876238766
0.5456798834924315 -0.4288739293774099
0.5475106000302044 -0.4231604970649912
0.5491575939402986 -0.4173914206319408
0.5504928826707143 -0.4122834462999984
0.5521663983769135 -0.40503465339336076
0.5541560180313604 -0.39442029195422096
0.5560262016726467 -0.3825677926199486
0.5575394490846164 -0.36945577262573526
0.5582411084397485 -0.36301434064238114
0.5588716457209125 -0.35512005044514894
0.5595101402534971 -0.3445801303406467
0.5598735237902266 -0.3378704455899957
0.5601831603467099 -0.33091783666142116
0.5603774855161282 -0.32324084700405953
0.5604868005971222 -0.3162822051880244
0.5605471139752383 -0.3098029510532307
0.5605203076967349 -0.30212354913028516
0.5604491045356749 -0.29492441807539826
0.5603674313224553 -0.288685400557082
0.5602084184039845 -0.2805275358949894
0.5600406881367621 -0.2740501723569225
0.5598005199990881 -0.26661458410259703
0.5594889874995957 -0.2591816438415714
0.5591298943011226 -0.25175084943605686
0.5587593767319442 -0.24456090683778026
0.5582026540173213 -0.2354585709134327
0.557717157950031 -0.2282754760787373
0.5572154786804976 -0.22085294474955205
0.5566425724333152 -0.21343557110019643
0.5560266889074328 -0.20578085882910135
0.5554722635069337 -0.19860275529746688
0.5548919248846614 -0.19166749374549177
0.5541810492130329 -0.1837800321284352
0.5536207222673907 -0.1770839175265282
0.5529974186218 -0.16991146673192697
0.5523117846116502 -0.16202177085786565
0.5516677041778731 -0.15461023837011106
0.550837154831026 -0.14601087379674343
0.550123351141531 -0.13836467102912275
0.5493909337828834 -0.13023819542367052
0.5486988093271774 -0.1230720582791975
0.5479850056376824 -0.11542585551157683
0.5472956716530728 -0.1077774078829159
0.5465574055669865 -0.10013352826214468
0.5459111549564151 -0.09296310861027506
0.5451141125367103 -0.08411959103963584
0.5444894036131579 -0.07718818537616187
0.5438216113155674 -0.0697787517358966
0.5432184440790341 -0.06308636006081828
0.5425328100688843 -0.05519666418675695
0.54193028321148 -0.04826329508530912
0.5413693099304483 -0.041808089370168035
0.5407689596315459 -0.03463368086812482
0.5401248791977689 -0.02722214838037024
0.5395431291285508 -0.02052786097207578
0.5389227671530185 -0.013114305519964457
0.5383224168541161 -0.00593989701792124
0.5377620899084739 0.0007562175839857617
0.5371617396095715 0.007930626086028979
0.5366414360171894 0.014148446787799765
0.536041085718287 0.02132285528984298
0.5354607470960148 0.02825811684181809
0.5348360381724624 0.035189522505292066
0.53423568787356 0.04236393100733528
0.5336753609279178 0.04906004560924228
0.5330520572823271 0.056232496403843486
0.532251590217124 0.06579837440656777
0.531669840147906 0.07249266181486223
0.5310049829259426 0.08014327599577019
0.5304024560685382 0.08707664509721802
0.5297992888320049 0.09376903677229634
0.5291552083982278 0.10118056926005092
0.5284637110740295 0.10858782819118346
0.5278837455763147 0.11480036793987525
0.526655869416229 0.12842416527842754
0.5259665354316194 0.13607261290708847
0.5251581883038988 0.14611942276290074
0.5239774993827242 0.16022909281691908
0.523397160760452 0.16716435436889418
0.5228582626753049 0.17386222760610237
0.5221778656698822 0.18199322390841802
0.5216419211160664 0.18893205732233134
0.5210601710468484 0.1956263447306258
0.5205641470157936 0.20232752949218108
0.5196035865375498 0.21380658309545023
0.5188631545022369 0.22265502024797018
0.5183494153272158 0.2295955330367239
0.5177290533516834 0.23700908848883523
0.5170849729179063 0.24442062097658981
0.5165460748327593 0.251118494213798
0.5160649158281636 0.25709873817559104
0.5155837568235679 0.26307898213738407
0.5151025978189723 0.2690592260991771
0.5146021924541928 0.2752786798194418
0.514121912215071 0.2810182066210764
0.5134675359688209 0.2891513384091149
0.5128131597225708 0.2972844701971534
0.5122639902596172 0.30470363904030395
0.511628860373551 0.31259756106987074
0.5111483583597851 0.31881858413062064
0.5107048180393858 0.32456106695592823
0.5103352011057197 0.3293464693103512
0.5098731799386371 0.33532822225337994
0.5094303013394811 0.34131142293334005
0.50905828331619 0.34633731150450653
0.5086886663825239 0.3511227138589295
0.5083327319252054 0.35614976707145163
0.5079815958382227 0.3606958993081535
0.5076426106407765 0.365483569034365
0.5073060229054179 0.3700308015511347
0.5069871503140255 0.37433870604070596
0.5066505625786669 0.37888593855747565
0.50637937442071 0.38271607433844484
0.5060912370028808 0.3867855936057246
0.5057861503251794 0.391094496359315
0.5055149621672225 0.39492463214028417
0.5052315198637626 0.39875388057545863
0.504977280965678 0.4023446328701173
0.5047399913274657 0.40569600167846537
0.5044933196647192 0.4095277944975612
0.5042991212378031 0.4124010324314394
0.5041141174907432 0.41527487704576127
0.5039037358615841 0.41838755147412926
0.5037033151356026 0.4215008831396446
0.5034720604517778 0.425093188907547
0.503296253278739 0.42796761077839357
0.5031420834895224 0.4303624812903285
0.5029809269142368 0.4329973680052712
0.5028267571250202 0.43539223851720615
0.502701800525761 0.43754846579036266
0.5025629598599174 0.4399442738716477
0.5024380032606581 0.4421005011448042
0.5023130466613989 0.4442567284179607
0.5022081075152934 0.4461737204771602
0.5021162857624513 0.4478510885289597
0.5019982292230827 0.4500077045955591
0.5019117751236077 0.4516853578684903
0.5018253210241328 0.45336301114142147
0.5017512175102972 0.4548009996610768
0.5016647634108222 0.45647865293400797
0.5015836778498767 0.45815657425138223
0.5015079616576568 0.45983474643376654
0.5014500433998385 0.46103326166046243
0.5013805414904565 0.4624714799324975
0.5013156418971252 0.463909913231684
0.5012615589026824 0.4651086076476728
0.5012113117253449 0.4663074689800963
0.5011610645480075 0.46750633031251976
0.50111081737067 0.46870519164494323
0.5010706196288 0.469664280710882
0.5010304218869299 0.4706233697768208
