0 0
0.006262779235839844 0
0.01994776725769043 1
0.03508305549621582 3
0.044883012771606445 5
0.05429553985595703 7
0.06380152702331543 12
0.0721895694732666 16
0.08109235763549805 22
0.09131240844726562 27
0.10081219673156738 32
0.11030840873718262 39
0.11947298049926758 45
0.12899565696716309 52
0.1391925811767578 59
0.15006422996520996 67
0.159193754196167 73
0.1685957908630371 81
0.17793488502502441 88
0.18820643424987793 96
0.19719696044921875 104
0.20658469200134277 110
0.2160046100616455 118
0.22491073608398438 125
0.23446202278137207 134
0.2448289394378662 142
0.25464463233947754 149
0.2639806270599365 155
0.27240657806396484 163
0.2813069820404053 170
0.2914762496948242 176
0.3022620677947998 182
0.3111567497253418 187
0.3206636905670166 191
0.33022356033325195 195
0.34026527404785156 198
0.3501460552215576 201
0.35935115814208984 202
0.3688945770263672 203
0.37821435928344727 203
0.387223482131958 202
0.3973996639251709 201
0.40685582160949707 200
0.41629624366760254 199
0.42577290534973145 196
0.44046974182128906 194
0.45005297660827637 192
0.4600954055786133 189
0.4693934917449951 187
0.47878289222717285 185
0.48824238777160645 184
0.4985353946685791 182
0.5074548721313477 181
0.5167956352233887 180
0.5261964797973633 179
0.5350632667541504 178
0.5454709529876709 177
0.5551018714904785 177
0.5706751346588135 177
0.5806469917297363 177
0.5900454521179199 177
0.6109201908111572 177
0.6341042518615723 177
0.6540460586547852 177
0.6697878837585449 177
0.6789069175720215 177
0.689070463180542 177
0.6983225345611572 177
0.7150397300720215 177
0.7338101863861084 177
0.7429080009460449 177
0.751354455947876 177
0.7612340450286865 177
0.7714107036590576 177
0.7807261943817139 178
0.7901589870452881 178
0.7992849349975586 178
0.8085596561431885 178
0.8173925876617432 178
0.827824592590332 179
0.8406658172607422 179
0.8502218723297119 179
0.859980583190918 179
0.8708157539367676 179
0.8809270858764648 179
0.8907268047332764 179
0.9000630378723145 179
0.9092614650726318 179
0.918562650680542 179
0.9285836219787598 179
0.9374375343322754 179
0.9467756748199463 179
0.9561078548431396 179
0.9650919437408447 179
0.9768507480621338 179
0.9862568378448486 179
0.9950485229492188 179
1.0043935775756836 179
1.0138294696807861 179
1.0243427753448486 179
1.0334393978118896 179
1.0423827171325684 179
1.0514674186706543 179
1.0608947277069092 179
1.0706188678741455 179
1.0806035995483398 179
1.0900774002075195 179
1.0991151332855225 179
1.1083579063415527 179
1.1173038482666016 179
1.1273119449615479 179
1.1366257667541504 179
1.146920919418335 179
1.1562421321868896 179
1.165053367614746 179
1.1760482788085938 179
1.18485689163208 179
1.1950047016143799 179
1.2070512771606445 179
1.2191932201385498 179
1.2381963729858398 179
1.250504732131958 179
1.2642550468444824 179
1.2788891792297363 179
1.2905256748199463 179
1.3022360801696777 179
1.3110995292663574 179
1.3204677104949951 179
1.330723762512207 179
1.3400425910949707 179
1.3491005897521973 179
1.3583486080169678 179
1.3673274517059326 179
1.378127098083496 179
1.3872323036193848 179
1.3965632915496826 179
1.4060232639312744 179
1.4148142337799072 179
1.4241082668304443 179
1.434156894683838 179
1.443352222442627 179
1.4514334201812744 179
1.460808515548706 179
1.470130443572998 179
1.4806792736053467 179
1.4900176525115967 179
1.4991064071655273 179
1.5085182189941406 179
1.517378807067871 179
1.5266897678375244 179
1.5369353294372559 179
1.546299695968628 179
1.5551629066467285 179
1.564568281173706 179
1.5738699436187744 179
1.584397792816162 179
1.5938560962677002 179
1.6021535396575928 179
1.6110515594482422 179
1.6203968524932861 179
1.6298067569732666 179
1.6444265842437744 179
1.6538410186767578 179
1.662447452545166 179
1.671288251876831 179
1.6824417114257812 179
1.6913788318634033 179
1.700744390487671 179
1.7108426094055176 179
1.7201964855194092 179
1.7292664051055908 179
1.739283561706543 179
1.7487823963165283 179
1.7579538822174072 179
1.7669463157653809 179
1.7762956619262695 179
1.7867534160614014 179
1.7962288856506348 179
1.8051764965057373 179
1.814464807510376 179
1.8234951496124268 179
1.8320014476776123 179
1.842188835144043 179
1.8510518074035645 179
1.8604183197021484 179
1.8698749542236328 179
1.8789594173431396 179
1.8894898891448975 179
1.898895502090454 179
1.9080777168273926 179
1.917008638381958 179
1.926469326019287 179
1.935450792312622 179
1.9457685947418213 179
1.9546740055084229 179
1.9651398658752441 179
1.9744210243225098 179
1.9838216304779053 179
1.9943580627441406 179
2.0037035942077637 179
2.012021064758301 179
2.0208725929260254 179
2.0302393436431885 179
2.0450289249420166 179
2.054556131362915 179
2.0639898777008057 179
2.072335958480835 179
2.0811970233917236 179
2.092343807220459 179
2.1011886596679688 179
2.1106374263763428 179
2.119943380355835 179
2.1290712356567383 179
2.1383280754089355 179
2.1492817401885986 179
2.158635139465332 179
2.1681172847747803 179
2.1770339012145996 179
2.186452627182007 179
2.19701886177063 179
2.2063159942626953 179
2.217048168182373 179
2.227202892303467 179
2.2365775108337402 179
2.2466392517089844 179
2.255920648574829 179
2.2648394107818604 179
2.2741053104400635 179
2.2828972339630127 179
2.292877197265625 179
2.302316427230835 179
2.3111507892608643 179
2.320646047592163 179
2.3300106525421143 179
2.339083433151245 179
2.349234104156494 179
2.358541965484619 179
2.3673324584960938 179
2.3766651153564453 179
2.3861045837402344 179
2.396202564239502 179
2.4062459468841553 179
2.4150619506835938 179
2.4243202209472656 179
2.4333837032318115 179
2.4479286670684814 179
2.4570512771606445 179
2.4665346145629883 179
2.475797414779663 179
2.4846725463867188 179
2.4939427375793457 179
2.504063844680786 179
2.51237416267395 179
2.5211896896362305 179
2.5306625366210938 179
2.5399973392486572 179
2.550089120864868 179
2.559126377105713 179
2.5749192237854004 179
2.5850472450256348 179
2.5962939262390137 179
2.6068274974823 179
2.6162126064300537 179
2.6263105869293213 179
2.635173797607422 179
2.644582509994507 179
2.654688835144043 179
2.6639678478240967 179
2.6722910404205322 179
2.6811459064483643 179
2.6934845447540283 179
2.7044386863708496 179
2.7137441635131836 179
2.7220520973205566 179
2.730926275253296 179
2.7402408123016357 179
2.750339984893799 179
2.7594144344329834 179
2.768826961517334 179
2.7780418395996094 179
2.786989450454712 179
2.796323299407959 179
2.806796073913574 179
2.816169261932373 179
2.825108051300049 179
2.8345799446105957 179
2.8474676609039307 179
2.858096122741699 179
2.8671321868896484 179
2.8765084743499756 179
2.8858790397644043 179
2.8947155475616455 179
2.9047417640686035 179
2.9145352840423584 179
2.9238829612731934 179
2.932194232940674 179
2.9410595893859863 179
2.9505116939544678 179
2.9604809284210205 179
2.969921112060547 179
2.979006767272949 179
2.988222122192383 179
2.9971120357513428 179
3.007220506668091 179
3.0170187950134277 179
3.0263419151306152 179
3.035297155380249 179
3.0445377826690674 179
3.0538504123687744 179
3.0640580654144287 179
3.0724265575408936 179
3.0812714099884033 179
3.0905683040618896 179
3.1000592708587646 179
3.1101527214050293 179
3.1198973655700684 179
3.129079580307007 179
3.1383249759674072 179
3.148517370223999 179
3.1585893630981445 179
3.1674273014068604 179
3.1767563819885254 179
3.1863200664520264 179
3.1964309215545654 179
3.2053699493408203 179
3.216265916824341 179
3.225451946258545 179
3.2346131801605225 179
3.2479584217071533 179
3.258197784423828 179
3.2672486305236816 179
3.276578187942505 179
3.2872092723846436 179
3.299370050430298 179
3.3139595985412598 179
3.3265273571014404 179
3.3387012481689453 179
3.3506953716278076 179
3.365997791290283 179
3.3780784606933594 179
3.3903095722198486 179
3.4006621837615967 179
3.410714626312256 179
3.4200637340545654 179
3.430297613143921 179
3.439363479614258 179
3.44868803024292 179
3.457818031311035 179
3.4679901599884033 179
3.4769673347473145 179
3.4864420890808105 179
3.495436668395996 179
3.5046117305755615 179
3.514688014984131 179
3.5243406295776367 179
3.5334980487823486 179
3.542146682739258 179
3.551008462905884 179
3.5602829456329346 179
3.5704121589660645 179
3.579765796661377 179
3.59602427482605 179
3.605055809020996 179
3.6153082847595215 179
3.6245522499084473 179
3.6343820095062256 179
3.6469452381134033 179
3.656404972076416 179
3.666642427444458 179
3.6760787963867188 179
3.6849732398986816 179
3.6943283081054688 179
3.704164981842041 179
3.7159276008605957 179
3.724999189376831 179
3.7347893714904785 179
3.744227170944214 179
3.7529001235961914 179
3.7613821029663086 179
3.772094249725342 179
3.7809529304504395 179
3.790438652038574 179
3.799820899963379 179
3.8089070320129395 179
3.818915843963623 179
3.8282065391540527 179
3.8380987644195557 179
3.8471736907958984 179
3.8565568923950195 179
3.865792751312256 179
3.87618088722229 179
3.884992837905884 179
3.8942997455596924 179
3.9037768840789795 179
3.912153482437134 179
3.9223783016204834 179
3.9312689304351807 179
3.941035270690918 179
3.9504077434539795 179
3.9594991207122803 179
3.9699714183807373 179
3.979090929031372 179
3.988332986831665 179
3.9972479343414307 179
4.006701946258545 179
4.016023874282837 179
4.026275157928467 179
4.036084890365601 179
4.048927545547485 179
4.058286190032959 179
4.067356586456299 179
4.078034400939941 179
4.087120771408081 179
4.096528053283691 179
4.105868816375732 179
4.114693880081177 179
4.124818801879883 179
4.13429594039917 179
4.145011901855469 179
4.154392242431641 179
4.163499116897583 179
4.173862457275391 179
4.182237148284912 179
4.191108703613281 179
4.200491189956665 179
4.209988117218018 179
4.220120191574097 179
4.230232238769531 179
4.239340782165527 179
4.24918794631958 179
4.258515357971191 179
4.267894744873047 179
4.277901887893677 179
4.2869086265563965 179
4.296334505081177 179
4.305163621902466 179
4.314518928527832 179
4.324713945388794 179
4.334106683731079 179
4.342412948608398 179
4.352065086364746 179
4.360968351364136 179
4.370301008224487 179
4.380483865737915 179
4.389920234680176 179
4.399198055267334 179
4.408569574356079 179
4.417446851730347 179
4.427807807922363 179
4.4369025230407715 179
4.450623989105225 179
4.4600794315338135 179
4.469325542449951 179
4.47983193397522 179
4.489062786102295 179
4.498312950134277 179
4.507382392883301 179
4.516667127609253 179
4.526158571243286 179
4.536291599273682 179
4.545149564743042 179
4.5544915199279785 179
4.563918828964233 179
4.572282791137695 179
4.58240270614624 179
4.591392517089844 179
4.600724935531616 179
4.61008358001709 179
4.619201898574829 179
4.629411697387695 179
4.638774871826172 179
4.648027658462524 179
4.658011198043823 179
4.666989088058472 179
4.676358699798584 179
4.686633348464966 179
4.695923328399658 179
4.704814434051514 179
4.714093446731567 179
4.723794460296631 179
4.735162258148193 179
4.744606018066406 179
4.754349946975708 179
4.76345419883728 179
4.772030591964722 179
4.782299995422363 179
4.7912278175354 179
4.800617218017578 179
4.81015944480896 179
4.819293022155762 179
4.8285791873931885 179
4.838764429092407 179
4.851327180862427 179
4.8612916469573975 179
4.870884895324707 179
4.880285024642944 179
4.890336513519287 179
4.899450063705444 179
4.908767223358154 179
4.918148756027222 179
4.927178859710693 179
4.937194585800171 179
4.94651198387146 179
4.955798625946045 179
4.9654340744018555 179
4.974573850631714 179
4.98403000831604 179
4.99415922164917 179
5.002850770950317 179
5.011327266693115 179
5.020763397216797 179
5.0301291942596436 179
5.040266752243042 179
5.049855947494507 179
5.059385538101196 179
5.068705797195435 179
5.077913045883179 179
5.0879058837890625 179
5.0968828201293945 179
5.106375455856323 179
5.115314960479736 179
5.124531269073486 179
5.13387393951416 179
5.144733667373657 179
5.154078245162964 179
5.1640636920928955 179
5.172888517379761 179
5.182197332382202 179
5.193699598312378 179
5.202078580856323 179
5.210948705673218 179
5.220272779464722 179
5.230176687240601 179
5.241082668304443 179
5.255029916763306 179
5.2649641036987305 179
5.274822235107422 179
5.284254312515259 179
5.294319152832031 179
5.303778409957886 179
5.312835216522217 179
5.322869777679443 179
5.332282304763794 179
5.34288763999939 179
5.351356506347656 179
5.360859632492065 179
5.37455677986145 179
5.386724233627319 179
5.400623321533203 179
5.4142539501190186 179
5.426351308822632 179
5.438632965087891 179
5.452247381210327 179
5.464205503463745 179
5.474008798599243 179
5.482381105422974 179
5.4912426471710205 179
5.501326322555542 179
5.510730266571045 179
5.52006721496582 179
5.529263257980347 179
5.5386176109313965 179
5.548642873764038 179
5.557815313339233 179
5.570838212966919 179
5.580678701400757 179
5.5901782512664795 179
5.609407186508179 179
5.630490779876709 179
5.65404486656189 179
5.669313430786133 179
5.679296493530273 179
5.6886656284332275 179
5.6980016231536865 179
5.714721441268921 179
5.731500148773193 179
5.74127197265625 179
5.753761529922485 179
5.7622435092926025 179
5.772416830062866 179
5.782244920730591 179
5.791153907775879 179
5.800528526306152 179
5.809830665588379 179
5.819967746734619 179
5.829751253128052 179
5.838855266571045 179
5.848130702972412 179
5.857110261917114 179
5.866453647613525 179
5.876584768295288 179
5.88652491569519 179
5.895790100097656 179
5.9047064781188965 179
5.913996934890747 179
5.926608324050903 179
5.9410529136657715 179
5.950550079345703 179
5.960038185119629 179
5.969153881072998 179
5.979280471801758 179
5.989106178283691 179
5.998362064361572 179
6.007443189620972 179
6.01682448387146 179
6.0269410610198975 179
6.036279916763306 179
6.045137643814087 179
6.058547496795654 179
6.068009376525879 179
6.078138113021851 179
6.087492227554321 179
6.096840143203735 179
6.10624361038208 179
6.1150596141815186 179
6.125117301940918 179
6.134473085403442 179
6.144566535949707 179
6.153908014297485 179
6.162290334701538 179
6.171175718307495 179
6.181317329406738 179
6.191309928894043 179
6.200695276260376 179
6.210036516189575 179
6.219277620315552 179
6.229426145553589 179
6.238756418228149 179
6.248134136199951 179
6.258295774459839 179
6.267239332199097 179
6.277310371398926 179
6.286664724349976 179
6.2964701652526855 179
6.305886507034302 179
6.314749479293823 179
6.324077844619751 179
6.334302663803101 179
6.343767166137695 179
6.352142333984375 179
6.3610146045684814 179
6.370552062988281 179
6.380690336227417 179
6.390542507171631 179
6.399892807006836 179
6.408982753753662 179
6.41825532913208 179
6.428510904312134 179
6.437498092651367 179
6.446861743927002 179
6.46010947227478 179
6.4693238735198975 179
6.479873180389404 179
6.489119529724121 179
6.498763799667358 179
6.507955074310303 179
6.516974210739136 179
6.526286840438843 179
6.536424160003662 179
6.545864820480347 179
6.554697275161743 179
6.564120292663574 179
6.572439908981323 179
6.5828986167907715 179
6.59145975112915 179
6.601289987564087 179
6.610809326171875 179
6.620185852050781 179
6.629286527633667 179
6.6394219398498535 179
6.648749589920044 179
6.658021926879883 179
6.667107582092285 179
6.676441669464111 179
6.686574697494507 179
6.695916652679443 179
6.7053773403167725 179
6.714604139328003 179
6.724063873291016 179
6.734169244766235 179
6.74289608001709 179
6.7514026165008545 179
6.760735988616943 179
6.772310733795166 179
6.781179904937744 179
6.791379451751709 179
6.801336765289307 179
6.810721397399902 179
6.820073127746582 179
6.829211473464966 179
6.839355230331421 179
6.848875045776367 179
6.861333131790161 179
6.870940923690796 179
6.880427360534668 179
6.890683889389038 179
6.900071382522583 179
6.909935235977173 179
6.919037342071533 179
6.928269624710083 179
6.938229560852051 179
6.9471595287323 179
6.9565229415893555 179
6.965926647186279 179
6.974807262420654 179
6.984097719192505 179
6.99442982673645 179
7.003853797912598 179
7.013428688049316 179
7.022063255310059 179
7.03096342086792 179
7.041095972061157 179
7.05045485496521 179
7.059803485870361 179
7.068893194198608 179
7.078045606613159 179
7.087191343307495 179
7.097250461578369 179
7.1065404415130615 179
7.116418838500977 179
7.125874757766724 179
7.134704113006592 179
7.146106481552124 179
7.154989242553711 179
7.164282560348511 179
7.1733574867248535 179
7.181495666503906 179
7.192109107971191 179
7.200964450836182 179
7.210927486419678 179
7.2338783740997314 179
7.25945782661438 179
7.280939340591431 179
7.298372507095337 179
7.30749773979187 179
7.317200660705566 179
7.326670408248901 179
7.33692741394043 179
7.348272323608398 179
7.357233285903931 179
7.3665406703948975 179
7.375770807266235 179
7.384860992431641 179
7.394934177398682 179
7.404271364212036 179
7.412948369979858 179
7.424161911010742 179
7.432476043701172 179
7.44132399559021 179
7.456425666809082 179
7.468711853027344 179
7.4814605712890625 179
7.496223211288452 179
7.508623838424683 179
7.521495819091797 179
7.534855842590332 179
7.5494842529296875 179
7.562269449234009 179
7.5762646198272705 179
7.586296081542969 179
7.595486164093018 179
7.605929374694824 179
7.614792823791504 179
7.62587833404541 179
7.634812593460083 179
7.644270658493042 179
7.6580424308776855 179
7.667111158370972 179
7.676582098007202 179
7.687027931213379 179
7.697144031524658 179
7.707226276397705 179
7.716546058654785 179
7.726336717605591 179
7.735173940658569 179
7.744634389877319 179
7.754690647125244 179
7.764035224914551 179
7.772876262664795 179
7.781344413757324 179
7.790751218795776 179
7.800870895385742 179
7.8103415966033936 179
7.819441795349121 179
7.82927393913269 179
7.838557958602905 179
7.84798002243042 179
7.858159065246582 179
7.867229700088501 179
7.876567602157593 179
7.885886907577515 179
7.894718885421753 179
7.905006408691406 179
7.914335012435913 179
7.9237892627716064 179
7.933383941650391 179
7.94147515296936 179
7.950846433639526 179
7.961005210876465 179
7.970423221588135 179
7.979763031005859 179
7.988947629928589 179
7.99822998046875 179
8.008302688598633 179
8.01723837852478 179
8.026585340499878 179
8.036582708358765 179
8.046009540557861 179
8.05944275856018 179
8.068895816802979 179
8.078229665756226 179
8.087302923202515 179
8.09667158126831 179
8.106872797012329 179
8.116250038146973 179
8.125050067901611 179
8.134835243225098 179
8.144959926605225 179
8.154277086257935 179
8.164552927017212 179
8.17390489578247 179
8.182202100753784 179
8.191112995147705 179
8.201311826705933 179
8.211395025253296 179
8.220735311508179 179
8.23057770729065 179
8.24034833908081 179
8.24942946434021 179
8.259895324707031 179
8.268980979919434 179
8.278218984603882 179
8.287311315536499 179
8.296754360198975 179
8.306111097335815 179
8.316352367401123 179
8.325176000595093 179
8.334508419036865 179
8.344477891921997 179
8.353744268417358 179
8.36392617225647 179
8.372272729873657 179
8.381156921386719 179
8.39052438735962 179
8.399824857711792 179
8.41006588935852 179
8.41916298866272 179
8.428658485412598 179
8.437823295593262 179
8.447275638580322 179
8.460938215255737 179
8.470522165298462 179
8.480077743530273 179
8.489300012588501 179
8.498615264892578 179
8.50746464729309 179
8.518080949783325 179
8.527140617370605 179
8.536509275436401 179
8.546370506286621 179
8.555766105651855 179
8.565974950790405 179
8.574816942214966 179
8.58426547050476 179
8.593448400497437 179
8.601897239685059 179
8.610904932022095 179
8.621000289916992 179
8.630338191986084 179
8.639425277709961 179
8.649340152740479 179
8.65869688987732 179
8.668737888336182 179
8.678003787994385 179
8.687110662460327 179
8.696467876434326 179
8.706721067428589 179
8.71797490119934 179
8.726941585540771 179
8.736282110214233 179
8.745173454284668 179
8.755019187927246 179
8.7644784450531 179
8.774677038192749 179
8.783984899520874 179
8.79232907295227 179
8.801183223724365 179
8.810564041137695 179
8.820839166641235 179
8.830291986465454 179
8.839446067810059 179
8.849191665649414 179
8.862235307693481 179
8.87290358543396 179
8.88136100769043 179
8.89095401763916 179
8.900254011154175 179
8.909311056137085 179
8.919447898864746 179
8.928768634796143 179
8.937998294830322 179
8.947100162506104 179
8.956958770751953 179
8.9662926197052 179
8.976509094238281 179
8.985726833343506 179
8.994666337966919 179
9.004145860671997 179
9.012855052947998 179
9.023342847824097 179
9.031450748443604 179
9.040839672088623 179
9.050178527832031 179
9.059923887252808 179
9.070125341415405 179
9.079383373260498 179
9.088726282119751 179
9.097930669784546 179
9.106904029846191 179
9.116276979446411 179
9.12650465965271 179
9.135467052459717 179
9.14586853981018 179
9.154722929000854 179
9.163995742797852 179
9.174159049987793 179
9.182960987091064 179
9.191431045532227 179
9.200807809829712 179
9.21027946472168 179
9.220469236373901 179
9.230672121047974 179
9.240079879760742 179
9.249288558959961 179
9.26386547088623 179
9.27407431602478 179
9.28291630744934 179
9.291395425796509 179
9.303383350372314 179
9.311467170715332 179
9.320825099945068 179
9.330885171890259 179
9.340327739715576 179
9.34941577911377 179
9.358762741088867 179
9.368736743927002 179
9.378894090652466 179
9.388125896453857 179
9.397056818008423 179
9.406406164169312 179
9.41545057296753 179
9.424745082855225 179
9.434813976287842 179
9.444107055664062 179
9.452473878860474 179
9.461323499679565 179
9.471182823181152 179
9.481284618377686 179
9.4908607006073 179
9.500198125839233 179
9.50928544998169 179
9.5185546875 179
9.531031608581543 179
9.544883728027344 179
9.557184934616089 179
9.58140754699707 179
9.595948696136475 179
9.608972311019897 179
9.62230658531189 179
9.634830236434937 179
9.644200325012207 179
9.652902126312256 179
9.66629433631897 179
9.676270484924316 179
9.68737006187439 179
9.696795225143433 179
9.706183433532715 179
9.714998722076416 179
9.72447156906128 179
9.734499216079712 179
9.74376654624939 179
9.752142190933228 179
9.761043071746826 179
9.770879030227661 179
9.780978918075562 179
9.790529727935791 179
9.799871444702148 179
9.80892276763916 179
9.81821322441101 179
9.827163696289062 179
9.837270975112915 179
9.846728086471558 179
9.85624361038208 179
9.865057229995728 179
9.874746561050415 179
9.884767770767212 179
9.89407730102539 179
9.902894973754883 179
9.911382913589478 179
9.920727968215942 179
9.930067777633667 179
9.940132141113281 179
9.949223518371582 179
9.958586931228638 179
9.968010187149048 179
9.977461338043213 179
9.988131046295166 179
9.997089862823486 179
