0 0
0.0049037933349609375 0
0.019235849380493164 1
0.029375314712524414 2
0.038465261459350586 4
0.04668879508972168 6
0.05541872978210449 10
0.0650334358215332 15
0.07516145706176758 19
0.08447742462158203 24
0.09364986419677734 29
0.1029505729675293 35
0.11182689666748047 42
0.1210794448852539 48
0.13304710388183594 56
0.14181923866271973 66
0.1550147533416748 72
0.16489028930664062 81
0.1750965118408203 89
0.18529915809631348 95
0.19460511207580566 109
0.21466588973999023 127
0.23404765129089355 149
0.26120591163635254 167
0.283402681350708 184
0.30751943588256836 202
0.3296675682067871 212
0.3507685661315918 218
0.3708202838897705 220
0.391040563583374 220
0.41086769104003906 215
0.42964863777160645 204
0.45157885551452637 195
0.46945834159851074 183
0.4915177822113037 176
0.5051834583282471 172
0.5147116184234619 168
0.5238480567932129 166
0.5339870452880859 163
0.543426513671875 162
0.5578806400299072 161
0.5659048557281494 162
0.5759730339050293 163
0.5865602493286133 164
0.5953860282897949 166
0.604708194732666 168
0.613682746887207 170
0.6230571269989014 173
0.6332187652587891 175
0.6419909000396729 178
0.6512305736541748 180
0.6604294776916504 181
0.6691248416900635 182
0.6787102222442627 184
0.6888298988342285 185
0.697455883026123 185
0.7058463096618652 186
0.7151205539703369 186
0.7244272232055664 186
0.7343497276306152 185
0.743394136428833 184
0.753460168838501 184
0.7626004219055176 183
0.7714858055114746 182
0.7812085151672363 182
0.7912635803222656 181
0.8004343509674072 181
0.8093252182006836 180
0.8185117244720459 180
0.8266792297363281 180
0.8366115093231201 180
0.8465473651885986 179
0.8560452461242676 179
0.8654894828796387 179
0.8749129772186279 179
0.8847265243530273 179
0.8947668075561523 179
0.9037444591522217 179
0.9128727912902832 179
0.9216828346252441 179
0.9310054779052734 179
0.9409816265106201 179
0.9499289989471436 179
0.9636149406433105 179
0.9728524684906006 179
0.9817838668823242 179
0.9926052093505859 179
1.0014276504516602 179
1.0107920169830322 179
1.0194621086120605 179
1.0286188125610352 179
1.036844253540039 179
1.0468847751617432 179
1.0556097030639648 179
1.064784049987793 179
1.073777675628662 179
1.0828752517700195 179
1.0933704376220703 179
1.1024596691131592 179
1.1114239692687988 179
1.1206791400909424 179
1.1306591033935547 179
1.1406874656677246 179
1.1494026184082031 179
1.1586029529571533 179
1.1669714450836182 179
1.175729751586914 179
1.1850359439849854 179
1.1954259872436523 179
1.204620361328125 179
1.2135636806488037 179
1.2226638793945312 179
1.2317721843719482 179
1.2416677474975586 179
1.250934362411499 179
1.2609820365905762 179
1.2711694240570068 179
1.2799265384674072 179
1.289093017578125 179
1.299562692642212 179
1.3087413311004639 179
1.3169221878051758 179
1.3256525993347168 179
1.334869384765625 179
1.3447661399841309 179
1.358597993850708 179
1.3668925762176514 179
1.3756542205810547 179
1.3850069046020508 179
1.3953335285186768 179
1.4047026634216309 179
1.413801908493042 179
1.4229004383087158 179
1.4316375255584717 179
1.4408292770385742 179
1.4508075714111328 179
1.459468126296997 179
1.4687485694885254 179
1.4769597053527832 179
1.485666036605835 179
1.4960300922393799 179
1.5052478313446045 179
1.5144641399383545 179
1.5234086513519287 179
1.5326614379882812 179
1.5414528846740723 179
1.551429033279419 179
1.560628890991211 179
1.5692927837371826 179
1.5786211490631104 179
1.5869967937469482 179
1.5969641208648682 179
1.606720209121704 179
1.6154325008392334 179
1.6246325969696045 179
1.633596420288086 179
1.6427114009857178 179
1.652738332748413 179
1.6616828441619873 179
1.6709070205688477 179
1.679612159729004 179
1.6887669563293457 179
1.6969687938690186 179
1.7084746360778809 179
1.7166786193847656 179
1.7254230976104736 179
1.734630823135376 179
1.7435810565948486 179
1.7535874843597412 179
1.7658412456512451 179
1.7760324478149414 179
1.785356044769287 179
1.7947542667388916 179
1.8052091598510742 179
1.8144094944000244 179
1.8233671188354492 179
1.8345632553100586 179
1.8466274738311768 179
1.8607511520385742 179
1.8727548122406006 179
1.8846795558929443 179
1.896852970123291 179
1.9113130569458008 179
1.9235243797302246 179
1.9330899715423584 179
1.9417731761932373 179
1.951066493988037 179
1.9626390933990479 179
1.9714457988739014 179
1.9806458950042725 179
1.989356279373169 179
1.9985265731811523 179
2.0088324546813965 179
2.0174005031585693 179
2.0257456302642822 179
2.0349690914154053 179
2.043893337249756 179
2.053905487060547 179
2.063185453414917 179
2.072021484375 179
2.0811874866485596 179
2.0900015830993652 179
2.0990219116210938 179
2.108983039855957 179
2.1186983585357666 179
2.128741979598999 179
2.1369404792785645 179
2.1456551551818848 179
2.165234327316284 179
2.1745331287384033 179
2.1837804317474365 179
2.193181037902832 179
2.2019104957580566 179
2.2148385047912598 179
2.22375226020813 179
2.232851266860962 179
2.241663694381714 179
2.2509303092956543 179
2.2609121799468994 179
2.27095103263855 179
2.279667377471924 179
2.2888147830963135 179
2.2970218658447266 179
2.3056962490081787 179
2.31689190864563 179
2.325629949569702 179
2.3348119258880615 179
2.343762159347534 179
2.3528597354888916 179
2.362849473953247 179
2.3717517852783203 179
2.380952835083008 179
2.3896772861480713 179
2.3988373279571533 179
2.4074132442474365 179
2.417435646057129 179
2.4267654418945312 179
2.4355010986328125 179
2.444894790649414 179
2.4538326263427734 179
2.46388840675354 179
2.473104238510132 179
2.481790781021118 179
2.491109848022461 179
2.4999074935913086 179
2.508955717086792 179
2.5189340114593506 179
2.5285556316375732 179
2.5367727279663086 179
2.5455069541931152 179
2.5548055171966553 179
2.5692036151885986 179
2.578636407852173 179
2.5870063304901123 179
2.5956990718841553 179
2.605210781097412 179
2.615361213684082 179
2.6249914169311523 179
2.6339609622955322 179
2.6431729793548584 179
2.6518983840942383 179
2.6610546112060547 179
2.671189546585083 179
2.6800472736358643 179
2.6890501976013184 179
2.6983814239501953 179
2.7065927982330322 179
2.716017723083496 179
2.7256879806518555 179
2.735055446624756 179
2.7439866065979004 179
2.7531778812408447 179
2.761916160583496 179
2.7717907428741455 179
2.7825655937194824 179
2.791924476623535 179
2.801100969314575 179
2.8098583221435547 179
2.8199079036712646 179
2.8294734954833984 179
2.838655948638916 179
2.847019672393799 179
2.855715751647949 179
2.864997625350952 179
2.875033140182495 179
2.8839714527130127 179
2.893138885498047 179
2.901829719543457 179
2.9111239910125732 179
2.920928716659546 179
2.929600954055786 179
2.939194679260254 179
2.9484102725982666 179
2.95671010017395 179
2.9712271690368652 179
2.980555295944214 179
2.989431142807007 179
2.9985604286193848 179
3.006688356399536 179
3.015443801879883 179
3.02543044090271 179
3.035353422164917 179
3.0445914268493652 179
3.053473472595215 179
3.0625200271606445 179
3.0720362663269043 179
3.081272840499878 179
3.0905699729919434 179
3.0992279052734375 179
3.1083667278289795 179
3.116544485092163 179
3.1283531188964844 179
3.137495517730713 179
3.1458194255828857 179
3.155259847640991 179
3.1644575595855713 179
3.174468755722046 179
3.1834044456481934 179
3.1924753189086914 179
3.20131516456604 179
3.2106590270996094 179
3.219435691833496 179
3.229410171508789 179
3.2389795780181885 179
3.2474894523620605 179
3.2558343410491943 179
3.2650628089904785 179
3.2751212120056152 179
3.28429913520813 179
3.2943177223205566 179
3.303291082382202 179
3.312002420425415 179
3.3211569786071777 179
3.331207036972046 179
3.3408732414245605 179
3.34964656829834 179
3.358813762664795 179
3.3715498447418213 179
3.381635904312134 179
3.3909945487976074 179
3.3996963500976562 179
3.40883207321167 179
3.416992664337158 179
3.426882266998291 179
3.435575008392334 179
3.445253849029541 179
3.4546430110931396 179
3.4635865688323975 179
3.47270131111145 179
3.482853412628174 179
3.4916434288024902 179
3.5007803440093994 179
3.5095551013946533 179
3.5187063217163086 179
3.528698444366455 179
3.5369644165039062 179
3.5466485023498535 179
3.5599887371063232 179
3.569143533706665 179
3.5813827514648438 179
3.6012651920318604 179
3.6209847927093506 179
3.6387546062469482 179
3.6609675884246826 179
3.6697304248809814 179
3.678942918777466 179
3.69100022315979 179
3.71154522895813 179
3.7228684425354004 179
3.731747627258301 179
3.741072654724121 179
3.7516090869903564 179
3.760942220687866 179
3.773798942565918 179
3.7830681800842285 179
3.791912794113159 179
3.8040084838867188 179
3.813328504562378 179
3.8220038414001465 179
3.831143379211426 179
3.8399951457977295 179
3.8490490913391113 179
3.859524726867676 179
3.8688318729400635 179
3.877408742904663 179
3.8857972621917725 179
3.895001173019409 179
3.904914140701294 179
3.9175095558166504 179
3.930567979812622 179
3.942728281021118 179
3.9574756622314453 179
3.9699203968048096 179
3.9819653034210205 179
3.994457960128784 179
4.007405996322632 179
4.015766620635986 179
4.025062799453735 179
4.033958196640015 179
4.043153524398804 179
4.052022695541382 179
4.062801361083984 179
4.071629047393799 179
4.080811977386475 179
4.08946967124939 179
4.098633289337158 179
4.106935977935791 179
4.116938829421997 179
4.128778696060181 179
4.13701868057251 179
4.145763874053955 179
4.1549928188323975 179
4.170480489730835 179
4.180461406707764 179
4.189374208450317 179
4.198570966720581 179
4.2067344188690186 179
4.216717958450317 179
4.225476264953613 179
4.234809398651123 179
4.2456769943237305 179
4.254916191101074 179
4.265377998352051 179
4.274648904800415 179
4.283581495285034 179
4.292775392532349 179
4.301612138748169 179
4.310790777206421 179
4.3207783699035645 179
4.329456090927124 179
4.338671445846558 179
4.347009897232056 179
4.355756521224976 179
4.369218111038208 179
4.37838339805603 179
4.3867104053497314 179
4.395494222640991 179
4.404724836349487 179
4.414808988571167 179
4.424875020980835 179
4.433811187744141 179
4.442938804626465 179
4.451752185821533 179
4.460926294326782 179
4.471438407897949 179
4.481934309005737 179
4.491456985473633 179
4.500704288482666 179
4.509374618530273 179
4.519455671310425 179
4.528743267059326 179
4.536927223205566 179
4.545689582824707 179
4.559128761291504 179
4.573212623596191 179
4.5825583934783936 179
4.591642618179321 179
4.600922584533691 179
4.610998153686523 179
4.620917797088623 179
4.629651784896851 179
4.638819932937622 179
4.647517681121826 179
4.655876398086548 179
4.66511607170105 179
4.678524494171143 179
4.686710596084595 179
4.6954381465911865 179
4.704628944396973 179
4.713715314865112 179
4.723762273788452 179
4.732869625091553 179
4.7416770458221436 179
4.750906467437744 179
4.759640455245972 179
4.768943548202515 179
4.780340671539307 179
4.789125680923462 179
4.798041343688965 179
4.806012392044067 179
4.815207004547119 179
4.825143575668335 179
4.834463596343994 179
4.843418598175049 179
4.852461814880371 179
4.861312389373779 179
4.870600461959839 179
4.880577325820923 179
4.8893702030181885 179
4.898583173751831 179
4.906946420669556 179
4.9156458377838135 179
4.925651788711548 179
4.934884786605835 179
4.943832159042358 179
4.9531331062316895 179
4.961841344833374 179
4.975415468215942 179
4.985157489776611 179
4.994485139846802 179
5.003942489624023 179
5.013277292251587 179
5.0219597816467285 179
5.031886100769043 179
5.041213274002075 179
5.050273895263672 179
5.059091806411743 179
5.068429708480835 179
5.07842493057251 179
5.088524103164673 179
5.096723318099976 179
5.105446815490723 179
5.114770412445068 179
5.123775243759155 179
5.134776592254639 179
5.143746614456177 179
5.152874708175659 179
5.161649465560913 179
5.17099142074585 179
5.181889295578003 179
5.191199064254761 179
5.200287580490112 179
5.2091124057769775 179
5.218308210372925 179
5.22835898399353 179
5.236562490463257 179
5.2453436851501465 179
5.254711389541626 179
5.263709306716919 179
5.272851228713989 179
5.2827467918396 179
5.292357921600342 179
5.301432847976685 179
5.310767650604248 179
5.319430589675903 179
5.329264163970947 179
5.338450908660889 179
5.346663951873779 179
5.355409383773804 179
5.3646299839019775 179
5.378453969955444 179
5.388941526412964 179
5.3979692459106445 179
5.405895709991455 179
5.415766716003418 179
5.424992322921753 179
5.435118913650513 179
5.444369316101074 179
5.453336715698242 179
5.462001800537109 179
5.471247673034668 179
5.480314254760742 179
5.490307092666626 179
5.499109506607056 179
5.508045434951782 179
5.515957355499268 179
5.525160074234009 179
5.535178899765015 179
5.544343709945679 179
5.553382396697998 179
5.562602758407593 179
5.571451425552368 179
5.580775022506714 179
5.598790168762207 179
5.6074841022491455 179
5.615847826004028 179
5.625093936920166 179
5.635020732879639 179
5.64395546913147 179
5.653168201446533 179
5.663642883300781 179
5.67285680770874 179
5.681665658950806 179
5.693844795227051 179
5.703577995300293 179
5.712716341018677 179
5.721508026123047 179
5.730876684188843 179
5.740867614746094 179
5.749538421630859 179
5.7587480545043945 179
5.766930341720581 179
5.780809164047241 179
5.791016101837158 179
5.8006978034973145 179
5.809389352798462 179
5.818705797195435 179
5.826905012130737 179
5.835630655288696 179
5.8456408977508545 179
5.854990720748901 179
5.863934755325317 179
5.8731467723846436 179
5.881916046142578 179
5.89180588722229 179
5.901512622833252 179
5.91084885597229 179
5.919534683227539 179
5.928702116012573 179
5.9369118213653564 179
5.947031021118164 179
5.955760955810547 179
5.965011835098267 179
5.974329948425293 179
5.98324990272522 179
5.995568752288818 179
6.00938868522644 179
6.021493673324585 179
6.0337073802948 179
6.0468504428863525 179
6.059696674346924 179
6.071379899978638 179
6.080723524093628 179
6.089521408081055 179
6.099498510360718 179
6.109073877334595 179
6.118303537368774 179
6.129026651382446 179
6.137903690338135 179
6.148331880569458 179
6.156049013137817 179
6.166043519973755 179
6.1818084716796875 179
6.191142797470093 179
6.201155662536621 179
6.212936878204346 179
6.221759080886841 179
6.230989694595337 179
6.241405725479126 179
6.251656770706177 179
6.260818719863892 179
6.269596576690674 179
6.278808355331421 179
6.287015914916992 179
6.297394752502441 179
6.305767297744751 179
6.3155131340026855 179
6.3247363567352295 179
6.333807706832886 179
6.34313702583313 179
6.3531177043914795 179
6.361805200576782 179
6.371014356613159 179
6.379676342010498 179
6.388970613479614 179
6.398963451385498 179
6.407907724380493 179
6.422705173492432 179
6.440975666046143 179
6.460718631744385 179
6.470812082290649 179
6.479526042938232 179
6.488701581954956 179
6.496895790100098 179
6.507000207901001 179
6.52289605140686 179
6.539263010025024 179
6.555043458938599 179
6.565531969070435 179
6.579849004745483 179
6.589015245437622 179
6.59992527961731 179
6.610299825668335 179
6.619521379470825 179
6.628871202468872 179
6.637407541275024 179
6.6457812786102295 179
6.655754089355469 179
6.6650025844573975 179
6.675853729248047 179
6.6850855350494385 179
6.694389581680298 179
6.704336881637573 179
6.713363170623779 179
6.722926616668701 179
6.7319042682647705 179
6.741144895553589 179
6.750466585159302 179
6.7604780197143555 179
6.76924729347229 179
6.7784199714660645 179
6.786624431610107 179
6.795398712158203 179
6.80540132522583 179
6.814751386642456 179
6.8244733810424805 179
6.8334267139434814 179
6.842494249343872 179
6.8512983322143555 179
6.861443519592285 179
6.870777130126953 179
6.87947154045105 179
6.888669490814209 179
6.8968751430511475 179
6.906900882720947 179
6.915665864944458 179
6.9253830909729 179
6.934747695922852 179
6.943722724914551 179
6.95284104347229 179
6.962735891342163 179
6.975294828414917 179
6.984709739685059 179
6.993880271911621 179
7.003221750259399 179
7.0132341384887695 179
7.021959543228149 179
7.0316081047058105 179
7.04078221321106 179
7.049555778503418 179
7.0595691204071045 179
7.06874942779541 179
7.076931953430176 179
7.0856614112854 179
7.0949013233184814 179
7.103858232498169 179
7.1137988567352295 179
7.123150825500488 179
7.133622407913208 179
7.142734050750732 179
7.151540517807007 179
7.161419868469238 179
7.170766115188599 179
7.180724143981934 179
7.189571380615234 179
7.198785781860352 179
7.207019567489624 179
7.2169904708862305 179
7.225756406784058 179
7.2355334758758545 179
7.244751453399658 179
7.253845930099487 179
7.263834476470947 179
7.272948503494263 179
7.281750679016113 179
7.296540975570679 179
7.305336236953735 179
7.315268516540527 179
7.324605226516724 179
7.334006071090698 179
7.343242645263672 179
7.352613687515259 179
7.362606763839722 179
7.3714494705200195 179
7.384644031524658 179
7.393724203109741 179
7.402952194213867 179
7.413557767868042 179
7.422722339630127 179
7.431543588638306 179
7.441267013549805 179
7.450352191925049 179
7.459161996841431 179
7.4692113399505615 179
7.478358030319214 179
7.48644757270813 179
7.49530029296875 179
7.5045225620269775 179
7.515117168426514 179
7.524026393890381 179
7.533361434936523 179
7.54286527633667 179
7.5516626834869385 179
7.560876131057739 179
7.570908069610596 179
7.579884767532349 179
7.589128494262695 179
7.59803318977356 179
7.605998277664185 179
7.6160078048706055 179
7.625236511230469 179
7.634470462799072 179
7.644022464752197 179
7.653384685516357 179
7.66237998008728 179
7.672548770904541 179
7.681437015533447 179
7.691846609115601 179
7.701430559158325 179
7.71077299118042 179
7.720728635787964 179
7.729426622390747 179
7.738624095916748 179
7.747965335845947 179
7.755898714065552 179
7.765157222747803 179
7.779550790786743 179
7.788902521133423 179
7.797937393188477 179
7.805891275405884 179
7.815247535705566 179
7.825066328048706 179
7.834360361099243 179
7.8433263301849365 179
7.8529510498046875 179
7.861772298812866 179
7.8717360496521 179
7.88093900680542 179
7.889737367630005 179
7.899060249328613 179
7.9083147048950195 179
7.9160473346710205 179
7.925984859466553 179
7.935236692428589 179
7.944419860839844 179
7.959397554397583 179
7.968581438064575 179
7.9785168170928955 179
7.986769914627075 179
7.99551796913147 179
8.004740238189697 179
8.014815330505371 179
8.024796485900879 179
8.033850908279419 179
8.042956590652466 179
8.052671432495117 179
8.061476469039917 179
8.073896884918213 179
8.086447715759277 179
8.108346700668335 179
8.139217853546143 179
8.15095829963684 179
8.184364557266235 179
8.195804357528687 179
8.20517897605896 179
8.214463949203491 179
8.226550102233887 179
8.23675537109375 179
8.245939016342163 179
8.255724430084229 179
8.265289306640625 179
8.274488687515259 179
8.284811973571777 179
8.294942617416382 179
8.303946256637573 179
8.313256740570068 179
8.321963787078857 179
8.331974983215332 179
8.34112811088562 179
8.351526498794556 179
8.361502647399902 179
8.370838642120361 179
8.380814552307129 179
8.389504432678223 179
8.398688077926636 179
8.406923532485962 179
8.415611982345581 179
8.424945592880249 179
8.43498682975769 179
8.443943500518799 179
8.453101634979248 179
8.462696313858032 179
8.471531391143799 179
8.48152232170105 179
8.490827322006226 179
8.499530553817749 179
8.508710145950317 179
8.516929626464844 179
8.525692224502563 179
8.535691022872925 179
8.54491376876831 179
8.558586835861206 179
8.568050146102905 179
8.581615447998047 179
8.591024398803711 179
8.600016355514526 179
8.609591960906982 179
8.6187424659729 179
8.627440214157104 179
8.637456893920898 179
8.645792007446289 179
8.655031681060791 179
8.663990259170532 179
8.673791408538818 179
8.68396544456482 179
8.693170547485352 179
8.70189905166626 179
8.71103811264038 179
8.719738245010376 179
8.729049682617188 179
8.738921165466309 179
8.747515439987183 179
8.755895853042603 179
8.765111923217773 179
8.774801254272461 179
8.784826517105103 179
8.793875217437744 179
8.803042888641357 179
8.811918020248413 179
8.821094036102295 179
8.829888582229614 179
8.839736700057983 179
8.849005937576294 179
8.858653545379639 179
8.867988348007202 179
8.876930475234985 179
8.88686490058899 179
8.895622491836548 179
8.904816389083862 179
8.913842678070068 179
8.922940015792847 179
8.93176555633545 179
8.94188117980957 179
8.95111083984375 179
8.959923505783081 179
8.969105005264282 179
8.982367277145386 179
8.992544651031494 179
9.0014967918396 179
9.010857105255127 179
9.019570350646973 179
9.0288724899292 179
9.03873896598816 179
9.046975374221802 179
9.055721759796143 179
9.064963102340698 179
9.074837923049927 179
9.08374309539795 179
9.093693971633911 179
9.102843761444092 179
9.111645460128784 179
9.120814085006714 179
9.130777359008789 179
9.140727281570435 179
9.149551630020142 179
9.15875244140625 179
9.166966676712036 179
9.175687074661255 179
9.185384035110474 179
9.19547963142395 179
9.20482873916626 179
9.213862895965576 179
9.222954750061035 179
9.231753826141357 179
9.243139743804932 179
9.251850366592407 179
9.261029720306396 179
9.270460605621338 179
9.279635906219482 179
9.288830995559692 179
9.300652027130127 179
9.309325218200684 179
9.3185133934021 179
9.326800346374512 179
9.335573673248291 179
9.345556259155273 179
9.354768991470337 179
9.36374831199646 179
9.374916553497314 179
9.389162063598633 179
9.399297714233398 179
9.408614158630371 179
9.416833400726318 179
9.42553997039795 179
9.434739112854004 179
9.444756746292114 179
9.453800678253174 179
9.463083267211914 179
9.471791505813599 179
9.480967283248901 179
9.49067234992981 179
9.500723600387573 179
9.509538173675537 179
9.518709659576416 179
9.526968955993652 179
9.53569769859314 179
9.54569125175476 179
9.555060625076294 179
9.563966035842896 179
9.573278188705444 179
9.58246660232544 179
9.591883659362793 179
9.601873874664307 179
9.61103892326355 179
9.61990213394165 179
9.629088163375854 179
9.638309717178345 179
9.648022413253784 179
9.655997276306152 179
9.665239095687866 179
9.674444437026978 179
9.683390855789185 179
9.693179368972778 179
9.703083276748657 179
9.711781024932861 179
9.721075534820557 179
9.729881763458252 179
9.738983869552612 179
9.748042345046997 179
9.75796127319336 179
9.765934467315674 179
9.775168895721436 179
9.789028644561768 179
9.798800468444824 179
9.808982849121094 179
9.817964792251587 179
9.825891971588135 179
9.83510708808899 179
9.844281435012817 179
9.85439944267273 179
9.863331317901611 179
9.872507333755493 179
9.882558345794678 179
9.891373872756958 179
9.901832580566406 179
9.911083698272705 179
9.919890403747559 179
9.929091453552246 179
9.938270092010498 179
9.946544647216797 179
9.95643138885498 179
9.965254545211792 179
9.974433422088623 179
9.983449220657349 179
9.992684364318848 179
