0 0
0.008818387985229492 0
0.04026508331298828 2
0.05985426902770996 7
0.07942557334899902 12
0.0884559154510498 15
0.09761309623718262 20
0.10738921165466309 26
0.11639523506164551 36
0.1355733871459961 46
0.15029072761535645 55
0.16008853912353516 60
0.16931986808776855 68
0.1783463954925537 75
0.18857383728027344 82
0.19776010513305664 89
0.20685076713562012 95
0.2160942554473877 103
0.22493791580200195 114
0.2387065887451172 120
0.24818778038024902 127
0.2570068836212158 134
0.26623082160949707 142
0.28416013717651367 151
0.29410505294799805 156
0.30375242233276367 160
0.3135402202606201 164
0.321744441986084 168
0.3304908275604248 172
0.341754674911499 176
0.35051989555358887 178
0.359785795211792 181
0.36892056465148926 182
0.3781266212463379 184
0.38815855979919434 186
0.3990631103515625 187
0.40884900093078613 188
0.41811561584472656 188
0.426985502243042 189
0.436908483505249 189
0.4461503028869629 189
0.4553196430206299 189
0.4641265869140625 189
0.4733264446258545 188
0.48163533210754395 188
0.49169492721557617 188
0.5004785060882568 188
0.5102224349975586 187
0.5194754600524902 187
0.5284535884857178 186
0.5384855270385742 186
0.5477721691131592 186
0.5566291809082031 185
0.5658786296844482 185
0.5745773315429688 185
0.5837743282318115 184
0.5937771797180176 184
0.6024582386016846 184
0.6107826232910156 184
0.6204357147216797 184
0.6342692375183105 184
0.6442272663116455 184
0.6535983085632324 184
0.6619420051574707 184
0.6706638336181641 184
0.6799063682556152 184
0.6898643970489502 183
0.6988039016723633 183
0.7079148292541504 183
0.7175564765930176 183
0.7264823913574219 183
0.7356646060943604 183
0.7457180023193359 183
0.7545480728149414 183
0.7637407779693604 183
0.7719588279724121 183
0.7806928157806396 183
0.7907254695892334 183
0.7999868392944336 183
0.808901309967041 183
0.8186123371124268 183
0.8277561664581299 183
0.8365190029144287 183
0.8466103076934814 183
0.856560468673706 183
0.8658075332641602 183
0.8745424747467041 183
0.883864164352417 183
0.8938429355621338 183
0.9035537242889404 183
0.9124486446380615 183
0.9217348098754883 183
0.9308359622955322 183
0.9400637149810791 183
0.9500269889831543 183
0.9589674472808838 183
0.9682435989379883 183
0.9769728183746338 183
0.9861602783203125 183
0.9959723949432373 183
1.0046401023864746 183
1.0139508247375488 183
1.0236105918884277 183
1.0361523628234863 183
1.046241044998169 183
1.055567979812622 183
1.0643620491027832 183
1.0735785961151123 183
1.0819575786590576 183
1.090707540512085 183
1.1006946563720703 183
1.1098816394805908 183
1.118842363357544 183
1.128483533859253 183
1.1374707221984863 183
1.1475036144256592 183
1.1564836502075195 183
1.1657085418701172 183
1.174370527267456 183
1.1834821701049805 183
1.1916632652282715 183
1.2017357349395752 183
1.2105278968811035 183
1.219740629196167 183
1.2294061183929443 183
1.2383687496185303 183
1.2483148574829102 183
1.2570481300354004 183
1.2663929462432861 183
1.2769298553466797 183
1.288968563079834 183
1.3033440113067627 183
1.3153324127197266 183
1.3273694515228271 183
1.339817762374878 183
1.3540184497833252 183
1.366053819656372 183
1.3782594203948975 183
1.3890011310577393 183
1.398195743560791 183
1.4082715511322021 183
1.4192845821380615 183
1.4283277988433838 183
1.4418673515319824 183
1.4524204730987549 183
1.4607727527618408 183
1.4701011180877686 183
1.4790196418762207 183
1.4882001876831055 183
1.4969053268432617 183
1.5078449249267578 183
1.5166196823120117 183
1.5258166790008545 183
1.5356013774871826 183
1.544281244277954 183
1.5540859699249268 183
1.5634093284606934 183
1.5715830326080322 183
1.5803470611572266 183
1.5895171165466309 183
1.5984857082366943 183
1.608295202255249 183
1.6169934272766113 183
1.626265525817871 183
1.6353504657745361 183
1.644604206085205 183
1.6545393466949463 183
1.6639015674591064 183
1.67242431640625 183
1.6807427406311035 183
1.690122365951538 183
1.699051856994629 183
1.7089934349060059 183
1.7182371616363525 183
1.7269926071166992 183
1.7361407279968262 183
1.745957374572754 183
1.7546720504760742 183
1.7645859718322754 183
1.7737531661987305 183
1.7819273471832275 183
1.7906248569488525 183
1.7999317646026611 183
1.8100712299346924 183
1.8190007209777832 183
1.8281886577606201 183
1.8410165309906006 183
1.8510403633117676 183
1.8618547916412354 183
1.8705949783325195 183
1.8797786235809326 183
1.8887529373168945 183
1.897904396057129 183
1.9066786766052246 183
1.9170734882354736 183
1.927673578262329 183
1.9364778995513916 183
1.9461312294006348 183
1.9549109935760498 183
1.9646990299224854 183
1.9738757610321045 183
1.98292875289917 183
1.9909255504608154 183
2.0001673698425293 183
2.009974718093872 183
2.0189685821533203 183
2.0280935764312744 183
2.03684139251709 183
2.046557664871216 183
2.0559136867523193 183
2.0659303665161133 183
2.0746123790740967 183
2.0837576389312744 183
2.091938018798828 183
2.1006600856781006 183
2.109992027282715 183
2.119955539703369 183
2.129610300064087 183
2.1385390758514404 183
2.148671865463257 183
2.1577675342559814 183
2.167664051055908 183
2.176494836807251 183
2.1857991218566895 183
2.1944704055786133 183
2.203611373901367 183
2.2117955684661865 183
2.2217495441436768 183
2.2304651737213135 183
2.2442283630371094 183
2.253948450088501 183
2.262949228286743 183
2.2729620933532715 183
2.2808778285980225 183
2.2902023792266846 183
2.299417495727539 183
2.3084733486175537 183
2.3185980319976807 183
2.3277857303619385 183
2.3365936279296875 183
2.3459272384643555 183
2.355448007583618 183
2.364166498184204 183
2.3741023540496826 183
2.383065700531006 183
2.3909518718719482 183
2.400190830230713 183
2.409449815750122 183
2.419447422027588 183
2.4284346103668213 183
2.439488172531128 183
2.4486594200134277 183
2.4582741260528564 183
2.468388557434082 183
2.4775753021240234 183
2.486363649368286 183
2.4956040382385254 183
2.504286766052246 183
2.5134520530700684 183
2.523482084274292 183
2.5316662788391113 183
2.5404326915740967 183
2.549649238586426 183
2.559072732925415 183
2.5689733028411865 183
2.5783238410949707 183
2.5875227451324463 183
2.5963289737701416 183
2.6055831909179688 183
2.614313840866089 183
2.624206304550171 183
2.633496046066284 183
2.6464290618896484 183
2.6557788848876953 183
2.6655983924865723 183
2.675586223602295 183
2.684328079223633 183
2.693450450897217 183
2.7018094062805176 183
2.7105295658111572 183
2.719749689102173 183
2.7297489643096924 183
2.73868727684021 183
2.7477686405181885 183
2.7565572261810303 183
2.766317129135132 183
2.7762770652770996 183
2.785346269607544 183
2.7941198348999023 183
2.8030266761779785 183
2.81095552444458 183
2.820181369781494 183
2.8301868438720703 183
2.8394675254821777 183
2.848430633544922 183
2.8583428859710693 183
2.8678739070892334 183
2.8778140544891357 183
2.886719226837158 183
2.8958775997161865 183
2.904566526412964 183
2.913780689239502 183
2.9219400882720947 183
2.9319491386413574 183
2.9406931400299072 183
2.950752019882202 183
2.959946870803833 183
2.969726085662842 183
2.9796671867370605 183
2.9886162281036377 183
2.997802734375 183
3.006722927093506 183
3.0159032344818115 183
3.0245871543884277 183
3.0344650745391846 183
3.0477871894836426 183
3.0567195415496826 183
3.0661065578460693 183
3.076657772064209 183
3.0859146118164062 183
3.094733476638794 183
3.103900909423828 183
3.1124143600463867 183
3.1207363605499268 183
3.1308341026306152 183
3.1400773525238037 183
3.1490139961242676 183
3.1581766605377197 183
3.1668503284454346 183
3.1764509677886963 183
3.1864607334136963 183
3.19572377204895 183
3.2043986320495605 183
3.2135417461395264 183
3.221834659576416 183
3.2318036556243896 183
3.2405147552490234 183
3.2498056888580322 183
3.258749485015869 183
3.267915964126587 183
3.289900302886963 183
3.3097264766693115 183
3.3250696659088135 183
3.3466289043426514 183
3.3600971698760986 183
3.3725197315216064 183
3.3857014179229736 183
3.409511089324951 183
3.4298102855682373 183
3.4475536346435547 183
3.460034132003784 183
3.4693620204925537 183
3.478440999984741 183
3.488246440887451 183
3.4969370365142822 183
3.506960391998291 183
3.516104221343994 183
3.5248889923095703 183
3.5339581966400146 183
3.54295015335083 183
3.550868511199951 183
3.5607264041900635 183
3.5763864517211914 183
3.586088180541992 183
3.5949366092681885 183
3.6048693656921387 183
3.6141014099121094 183
3.6232974529266357 183
3.631030559539795 183
3.6402695178985596 183
3.649505138397217 183
3.6595678329467773 183
3.668638229370117 183
3.677797317504883 183
3.6875274181365967 183
3.696363687515259 183
3.7063376903533936 183
3.7155940532684326 183
3.724459648132324 183
3.733686923980713 183
3.742450714111328 183
3.7508156299591064 183
3.760816812515259 183
3.7700753211975098 183
3.779331684112549 183
3.7889301776885986 183
3.7981948852539062 183
3.8082399368286133 183
3.8170247077941895 183
3.826272964477539 183
3.8354415893554688 183
3.848222017288208 183
3.8590457439422607 183
3.868398904800415 183
3.8777692317962646 183
3.8866121768951416 183
3.8963000774383545 183
3.905635118484497 183
3.915682315826416 183
3.924375534057617 183
3.933528184890747 183
3.9417459964752197 183
3.9504947662353516 183
3.9604382514953613 183
3.970529556274414 183
3.979763984680176 183
3.988762617111206 183
3.9984753131866455 183
4.007681131362915 183
4.017664909362793 183
4.026613712310791 183
4.035796880722046 183
4.044481992721558 183
4.053660869598389 183
4.063622236251831 183
4.071831464767456 183
4.0805840492248535 183
4.090106248855591 183
4.099040746688843 183
4.108324289321899 183
4.1183388233184814 183
4.127065181732178 183
4.136446475982666 183
4.145798444747925 183
4.1545209884643555 183
4.164520978927612 183
4.1737518310546875 183
4.18194580078125 183
4.190691709518433 183
4.200444221496582 183
4.209801435470581 183
4.219646692276001 183
4.228595972061157 183
4.2377848625183105 183
4.2503416538238525 183
4.259681940078735 183
4.269795656204224 183
4.278856992721558 183
4.287975549697876 183
4.296806335449219 183
4.306598424911499 183
4.3165459632873535 183
4.325932741165161 183
4.334640741348267 183
4.343807935714722 183
4.352022171020508 183
4.3607847690582275 183
4.370830297470093 183
4.380096197128296 183
4.389418601989746 183
4.398466110229492 183
4.408130168914795 183
4.418063163757324 183
4.426851987838745 183
4.436061382293701 183
4.445285797119141 183
4.454086065292358 183
4.4630067348480225 183
4.473819732666016 183
4.484204292297363 183
4.493450880050659 183
4.50177788734436 183
4.510953426361084 183
4.520941972732544 183
4.530566453933716 183
4.539783239364624 183
4.54879093170166 183
4.558076620101929 183
4.566900730133057 183
4.576887130737305 183
4.586103200912476 183
4.5949201583862305 183
4.604016065597534 183
4.613743305206299 183
4.623816728591919 183
4.632023334503174 183
4.640765905380249 183
4.654645204544067 183
4.6639604568481445 183
4.674047470092773 183
4.683382987976074 183
4.691621541976929 183
4.700410842895508 183
4.710081577301025 183
4.719072580337524 183
4.728912591934204 183
4.738101482391357 183
4.746955156326294 183
4.756170749664307 183
4.765026330947876 183
4.7750244140625 183
4.784156799316406 183
4.793350458145142 183
4.8010413646698 183
4.810444593429565 183
4.820183277130127 183
4.830171823501587 183
4.839384317398071 183
4.848337650299072 183
4.858306169509888 183
4.86749792098999 183
4.876945495605469 183
4.886101245880127 183
4.894930124282837 183
4.904012203216553 183
4.913790941238403 183
4.923787832260132 183
4.932048320770264 183
4.940765857696533 183
4.95002293586731 183
4.959004640579224 183
4.968210935592651 183
4.978238105773926 183
4.98832106590271 183
4.997034311294556 183
5.006230592727661 183
5.015836238861084 183
5.0258378982543945 183
5.034539222717285 183
5.047635555267334 183
5.05660605430603 183
5.065962314605713 183
5.075918674468994 183
5.084684133529663 183
5.093890428543091 183
5.102957010269165 183
5.110899209976196 183
5.120613098144531 183
5.130634784698486 183
5.139839172363281 183
5.148785352706909 183
5.15792179107666 183
5.166835784912109 183
5.176147937774658 183
5.186178922653198 183
5.1952900886535645 183
5.204166650772095 183
5.213388442993164 183
5.221703052520752 183
5.2316672801971436 183
5.240466833114624 183
5.24971604347229 183
5.25864315032959 183
5.267781972885132 183
5.280510425567627 183
5.290570020675659 183
5.2998106479644775 183
5.309011220932007 183
5.318333625793457 183
5.327919244766235 183
5.339939117431641 183
5.349055767059326 183
5.35823130607605 183
5.366939067840576 183
5.37616229057312 183
5.386180877685547 183
5.396216154098511 183
5.405597925186157 183
5.414358139038086 183
5.4235312938690186 183
5.434404611587524 183
5.450716495513916 183
5.464218616485596 183
5.4761271476745605 183
5.488647937774658 183
5.500316858291626 183
5.5129241943359375 183
5.522473096847534 183
5.531689405441284 183
5.541738510131836 183
5.550527334213257 183
5.559766530990601 183
5.568864107131958 183
5.579543828964233 183
5.589644193649292 183
5.5986340045928955 183
5.607742786407471 183
5.616542816162109 183
5.625783443450928 183
5.635488748550415 183
5.645683765411377 183
5.65436863899231 183
5.663547515869141 183
5.671743631362915 183
5.680556058883667 183
5.6906068325042725 183
5.699955940246582 183
5.70907187461853 183
5.71826696395874 183
5.727639436721802 183
5.73686146736145 183
5.746803522109985 183
5.756032943725586 183
5.764923810958862 183
5.7740185260772705 183
5.782927989959717 183
5.792525291442871 183
5.800900459289551 183
5.810193300247192 183
5.819370746612549 183
5.828474998474121 183
5.851762056350708 183
5.860550403594971 183
5.8699071407318115 183
5.879050970077515 183
5.888383865356445 183
5.898413419723511 183
5.909531116485596 183
5.9185121059417725 183
5.9275853633880615 183
5.936420679092407 183
5.946922063827515 183
5.956254720687866 183
5.965472221374512 183
5.974204778671265 183
5.983426570892334 183
5.993056058883667 183
6.001014709472656 183
6.01038670539856 183
6.019619703292847 183
6.028615474700928 183
6.037697076797485 183
6.0481321811676025 183
6.056848764419556 183
6.066154956817627 183
6.074942588806152 183
6.0841310024261475 183
6.093332529067993 183
6.103306770324707 183
6.111053705215454 183
6.12029242515564 183
6.129675388336182 183
6.138662099838257 183
6.148955821990967 183
6.1581292152404785 183
6.166861534118652 183
6.176084280014038 183
6.185304164886475 183
6.194101095199585 183
6.204053640365601 183
6.213371276855469 183
6.221065282821655 183
6.23030424118042 183
6.239600419998169 183
6.25470495223999 183
6.263998746871948 183
6.273285627365112 183
6.281021595001221 183
6.290284156799316 183
6.300380229949951 183
6.309770822525024 183
6.318759202957153 183
6.3278868198394775 183
6.336709022521973 183
6.3460633754730225 183
6.356415271759033 183
6.3657755851745605 183
6.374474287033081 183
6.383652687072754 183
6.392045974731445 183
6.402430295944214 183
6.410776376724243 183
6.42081880569458 183
6.430178880691528 183
6.439384698867798 183
6.448399066925049 183
6.45881199836731 183
6.467919588088989 183
6.476838827133179 183
6.486215353012085 183
6.495070934295654 183
6.50505518913269 183
6.514157295227051 183
6.52337908744812 183
6.531615257263184 183
6.540400743484497 183
6.549781799316406 183
6.560189247131348 183
6.569401264190674 183
6.578397274017334 183
6.587495803833008 183
6.59632420539856 183
6.606328248977661 183
6.615573406219482 183
6.62430739402771 183
6.633610486984253 183
6.641824722290039 183
6.656821012496948 183
6.666280269622803 183
6.675616264343262 183
6.684334993362427 183
6.693544626235962 183
6.701759099960327 183
6.711717128753662 183
6.720522880554199 183
6.729910612106323 183
6.738975524902344 183
6.748194694519043 183
6.758642911911011 183
6.767787933349609 183
6.776636362075806 183
6.7860071659088135 183
6.794715166091919 183
6.80388617515564 183
6.813868999481201 183
6.822417974472046 183
6.830777168273926 183
6.8400492668151855 183
6.849374532699585 183
6.860479831695557 183
6.869813919067383 183
6.878770589828491 183
6.887871980667114 183
6.896693468093872 183
6.9060022830963135 183
6.915921926498413 183
6.926056623458862 183
6.9360878467559814 183
6.9449005126953125 183
6.954015254974365 183
6.964520692825317 183
6.973728656768799 183
6.981945753097534 183
6.990689277648926 183
7.000010013580322 183
7.008991241455078 183
7.019014358520508 183
7.028320789337158 183
7.0370190143585205 183
7.046279668807983 183
7.058898687362671 183
7.069674253463745 183
7.078806638717651 183
7.088231325149536 183
7.103431463241577 183
7.111697196960449 183
7.121054172515869 183
7.130445718765259 183
7.139646768569946 183
7.148766040802002 183
7.1579132080078125 183
7.168512344360352 183
7.1775782108306885 183
7.186449766159058 183
7.195669174194336 183
7.204448938369751 183
7.213639736175537 183
7.223639965057373 183
7.231796741485596 183
7.240553617477417 183
7.249784708023071 183
7.2589240074157715 183
7.269755125045776 183
7.2869873046875 183
7.29634428024292 183
7.305807828903198 183
7.314503908157349 183
7.324657678604126 183
7.334603309631348 183
7.343849182128906 183
7.352502107620239 183
7.3608763217926025 183
7.3718836307525635 183
7.380630254745483 183
7.389968156814575 183
7.40082573890686 183
7.410032272338867 183
7.419963359832764 183
7.428902626037598 183
7.438076496124268 183
7.446938753128052 183
7.459860324859619 183
7.4698896408081055 183
7.479769706726074 183
7.488855838775635 183
7.497973918914795 183
7.506893634796143 183
7.517948150634766 183
7.530976057052612 183
7.544640302658081 183
7.557057857513428 183
7.571686744689941 183
7.586740732192993 183
7.598909616470337 183
7.610907077789307 183
7.6250221729278564 183
7.634053945541382 183
7.643377304077148 183
7.651432752609253 183
7.660353183746338 183
7.669580459594727 183
7.680051326751709 183
7.689419984817505 183
7.698435068130493 183
7.707531213760376 183
7.716352701187134 183
7.726198673248291 183
7.735297441482544 183
7.744213819503784 183
7.753417491912842 183
7.761571645736694 183
7.770355701446533 183
7.780880451202393 183
7.790171384811401 183
7.799423933029175 183
7.808521747589111 183
7.817588567733765 183
7.82763934135437 183
7.836499929428101 183
7.845725059509277 183
7.858942270278931 183
7.868377685546875 183
7.878462791442871 183
7.888201475143433 183
7.896895408630371 183
7.90697169303894 183
7.916168928146362 183
7.926108360290527 183
7.935287952423096 183
7.944113731384277 183
7.953279733657837 183
7.979902982711792 183
7.998841047286987 183
8.020518779754639 183
8.030855417251587 183
8.040299415588379 183
8.049735069274902 183
8.058688879013062 183
8.067837238311768 183
8.079672574996948 183
8.089059591293335 183
8.098318815231323 183
8.107531785964966 183
8.116382837295532 183
8.125975131988525 183
8.137689113616943 183
8.146899938583374 183
8.156097888946533 183
8.165328025817871 183
8.174152135848999 183
8.184119462966919 183
8.193901300430298 183
8.203479290008545 183
8.211667537689209 183
8.220420598983765 183
8.230533599853516 183
8.239790201187134 183
8.248769760131836 183
8.2617347240448 183
8.270525693893433 183
8.29030990600586 183
8.310272216796875 183
8.329920768737793 183
8.347903490066528 183
8.3609299659729 183
8.370184659957886 183
8.379390001296997 183
8.38833236694336 183
8.40795111656189 183
8.423889636993408 183
8.433586359024048 183
8.441826581954956 183
8.450581312179565 183
8.460600137710571 183
8.469798803329468 183
8.478863716125488 183
8.488080739974976 183
8.496784210205078 183
8.506017446517944 183
8.51602840423584 183
8.524734020233154 183
8.534045457839966 183
8.543412208557129 183
8.551712989807129 183
8.561856508255005 183
8.570605754852295 183
8.579821109771729 183
8.588762044906616 183
8.598064661026001 183
8.607725381851196 183
8.617663860321045 183
8.626486539840698 183
8.635721206665039 183
8.644411563873291 183
8.653725624084473 183
8.667768478393555 183
8.676681756973267 183
8.686056137084961 183
8.694914102554321 183
8.705668210983276 183
8.716647624969482 183
8.725797653198242 183
8.734479904174805 183
8.743728399276733 183
8.751934051513672 183
8.760693311691284 183
8.770499229431152 183
8.779842138290405 183
8.788804292678833 183
8.797903776168823 183
8.807593822479248 183
8.817569732666016 183
8.826401710510254 183
8.835790157318115 183
8.844459772109985 183
8.854395627975464 183
8.864287614822388 183
8.873557567596436 183
8.881743431091309 183
8.890533685684204 183
8.899892568588257 183
8.909666299819946 183
8.919673442840576 183
8.928612232208252 183
8.937739849090576 183
8.946661710739136 183
8.955938816070557 183
8.964652299880981 183
8.974536895751953 183
8.983764410018921 183
8.99196481704712 183
9.000702381134033 183
9.010419368743896 183
9.020556688308716 183
9.029789447784424 183
9.038797855377197 183
9.047911405563354 183
9.06041407585144 183
9.07242202758789 183
9.080751895904541 183
9.090508222579956 183
9.10008454322815 183
9.110454082489014 183
9.121647357940674 183
9.130416631698608 183
9.140533447265625 183
9.149822473526001 183
9.159447431564331 183
9.169762134552002 183
9.178786277770996 183
9.1887047290802 183
9.198241472244263 183
9.207474946975708 183
9.217933893203735 183
9.227976322174072 183
9.236790895462036 183
9.245990753173828 183
9.254883766174316 183
9.263996362686157 183
9.273998737335205 183
9.282954692840576 183
9.290945053100586 183
9.300158977508545 183
9.309476137161255 183
9.319021701812744 183
9.329049825668335 183
9.33839750289917 183
9.347467422485352 183
9.356486797332764 183
9.365717887878418 183
9.375869750976562 183
9.384538173675537 183
9.393740177154541 183
9.40195631980896 183
9.41072154045105 183
9.420408725738525 183
9.430382013320923 183
9.43975043296814 183
9.448747873306274 183
9.461055517196655 183
9.470534324645996 183
9.480631828308105 183
9.489974975585938 183
9.499008655548096 183
9.508187055587769 183
9.516886949539185 183
9.527693033218384 183
9.536516904830933 183
9.54578685760498 183
9.554657697677612 183
9.563847541809082 183
9.572016716003418 183
9.582416296005249 183
9.590764284133911 183
9.604034423828125 183
9.616228342056274 183
9.630032300949097 183
9.643438339233398 183
9.655590534210205 183
9.66755723953247 183
9.680441856384277 183
9.692503213882446 183
9.700889587402344 183
9.710135698318481 183
9.719061851501465 183
9.730953216552734 183
9.740293979644775 183
9.749519348144531 183
9.75848913192749 183
9.767580509185791 183
9.776424407958984 183
9.78641963005066 183
9.795768022537231 183
9.804483890533447 183
9.813745975494385 183
9.821944236755371 183
9.83334469795227 183
9.841468334197998 183
9.851656198501587 183
9.865476846694946 183
9.874355792999268 183
9.884475231170654 183
9.893672704696655 183
9.901870727539062 183
9.910620927810669 183
9.919955253601074 183
9.928934812545776 183
9.939619779586792 183
9.948589324951172 183
9.957740306854248 183
9.966499090194702 183
9.97580075263977 183
9.98585033416748 183
9.994531631469727 183
