0 0
0.008313179016113281 0
0.023391246795654297 1
0.0324244499206543 1
0.0409998893737793 4
0.05058431625366211 7
0.06080985069274902 10
0.07034635543823242 14
0.0799717903137207 19
0.08956265449523926 25
0.09899163246154785 31
0.1099550724029541 37
0.11954808235168457 43
0.1288166046142578 50
0.13840508460998535 56
0.14784860610961914 63
0.15749669075012207 73
0.1717987060546875 81
0.18093132972717285 89
0.19059991836547852 97
0.20029830932617188 105
0.2117598056793213 113
0.22089171409606934 121
0.23048877716064453 129
0.24007415771484375 135
0.24963831901550293 143
0.2589592933654785 151
0.2695918083190918 159
0.2790184020996094 167
0.2885279655456543 174
0.2981727123260498 182
0.307586669921875 191
0.3184018135070801 196
0.3278465270996094 201
0.3375520706176758 205
0.34670352935791016 209
0.3563411235809326 211
0.3666205406188965 212
0.3762657642364502 212
0.3858606815338135 211
0.3955411911010742 209
0.4046289920806885 206
0.41576600074768066 203
0.42548179626464844 198
0.43656015396118164 193
0.44613003730773926 189
0.45585012435913086 183
0.4661569595336914 178
0.47575998306274414 173
0.48654890060424805 169
0.4964790344238281 167
0.506030797958374 164
0.5174336433410645 163
0.5265517234802246 163
0.5360739231109619 165
0.5463569164276123 166
0.5559978485107422 171
0.5705044269561768 174
0.5802421569824219 177
0.5899081230163574 180
0.5995380878448486 183
0.6088345050811768 186
0.6198999881744385 187
0.6294736862182617 189
0.6389241218566895 190
0.6484785079956055 190
0.6580331325531006 190
0.6674342155456543 189
0.6778063774108887 187
0.6939043998718262 182
0.7145516872406006 177
0.7382872104644775 173
0.7636744976043701 171
0.7865462303161621 172
0.8084020614624023 175
0.8332574367523193 180
0.8545353412628174 182
0.8736016750335693 185
0.8938031196594238 187
0.9143655300140381 186
0.9378807544708252 183
0.9585373401641846 180
0.986037015914917 178
0.9958336353302002 176
1.0054643154144287 175
1.0146992206573486 175
1.0255627632141113 175
1.035705327987671 175
1.0448293685913086 176
1.0543537139892578 176
1.0638389587402344 177
1.0734686851501465 178
1.0837104320526123 179
1.093008041381836 180
1.101712942123413 181
1.110720157623291 181
1.1203467845916748 182
1.1315879821777344 182
1.1406259536743164 182
1.1501460075378418 182
1.1596832275390625 182
1.1689558029174805 181
1.1796817779541016 181
1.1889264583587646 181
1.1984295845031738 181
1.2080652713775635 180
1.2174413204193115 180
1.2266309261322021 180
1.2376487255096436 179
1.2466559410095215 179
1.2561779022216797 179
1.2656950950622559 180
1.274655818939209 180
1.2853014469146729 180
1.2943699359893799 180
1.3038160800933838 180
1.3138926029205322 180
1.3245408535003662 180
1.3358302116394043 180
1.3449583053588867 180
1.3543281555175781 180
1.363781452178955 180
1.3768012523651123 180
1.3875610828399658 180
1.396761178970337 180
1.4061708450317383 180
1.415766716003418 180
1.424833059310913 180
1.4359838962554932 180
1.4459025859832764 180
1.4550025463104248 180
1.464346170425415 180
1.473912239074707 180
1.4841110706329346 180
1.4939916133880615 180
1.5066583156585693 180
1.5194599628448486 180
1.5338630676269531 180
1.5469989776611328 180
1.5595402717590332 180
1.5718541145324707 180
1.5865576267242432 180
1.5966355800628662 180
1.6060895919799805 180
1.6154613494873047 180
1.6244056224822998 180
1.6345477104187012 180
1.645240306854248 180
1.6543505191802979 180
1.663771152496338 180
1.6729938983917236 180
1.6816999912261963 180
1.6919186115264893 180
1.7008755207061768 180
1.710688591003418 180
1.7202255725860596 180
1.729820728302002 180
1.7400436401367188 180
1.7499897480010986 180
1.7594144344329834 180
1.7736337184906006 180
1.782921552658081 180
1.7935280799865723 180
1.801966905593872 180
1.8108925819396973 180
1.8204028606414795 180
1.8306427001953125 180
1.840984582901001 180
1.8524727821350098 180
1.8613948822021484 180
1.8705036640167236 180
1.8799879550933838 180
1.890260934829712 180
1.9000723361968994 180
1.90958833694458 180
1.9187681674957275 180
1.9282708168029785 180
1.937628984451294 180
1.9478487968444824 180
1.964221715927124 180
1.9745116233825684 180
1.9840326309204102 180
1.9941492080688477 180
2.0040738582611084 180
2.0148191452026367 180
2.0241451263427734 180
2.0335958003997803 180
2.043836832046509 180
2.0536787509918213 180
2.0636367797851562 180
2.0735607147216797 180
2.081995725631714 180
2.0929360389709473 180
2.1015613079071045 180
2.110563278198242 180
2.120145797729492 180
2.1295721530914307 180
2.1388895511627197 180
2.150247097015381 180
2.1601552963256836 180
2.174234628677368 180
2.183758497238159 180
2.1940951347351074 180
2.2036020755767822 180
2.2123961448669434 180
2.22096586227417 180
2.230473518371582 180
2.2399237155914307 180
2.250276565551758 180
2.260347604751587 180
2.2697865962982178 180
2.278980016708374 180
2.288428783416748 180
2.298596143722534 180
2.3084030151367188 180
2.3187026977539062 180
2.32812762260437 180
2.337533712387085 180
2.347668170928955 180
2.356712579727173 180
2.3666179180145264 180
2.3762564659118652 180
2.385697364807129 180
2.394608497619629 180
2.405012607574463 180
2.414205312728882 180
2.423600196838379 180
2.433863878250122 180
2.4432411193847656 180
2.45353102684021 180
2.4634718894958496 180
2.4719362258911133 180
2.480903148651123 180
2.490373134613037 180
2.500657320022583 180
2.510223150253296 180
2.519697427749634 180
2.5289218425750732 180
2.538447380065918 180
2.5478665828704834 180
2.558274745941162 180
2.5730111598968506 180
2.584050416946411 180
2.593596935272217 180
2.6038169860839844 180
2.6133761405944824 180
2.6217970848083496 180
2.630800724029541 180
2.6403696537017822 180
2.6505331993103027 180
2.660017251968384 180
2.669957160949707 180
2.6795201301574707 180
2.6887075901031494 180
2.698256731033325 180
2.7084970474243164 180
2.717883348464966 180
2.726884603500366 180
2.736407995223999 180
2.745884895324707 180
2.7560689449310303 180
2.7656149864196777 180
2.7755799293518066 180
2.784501552581787 180
2.793994188308716 180
2.804216146469116 180
2.813666343688965 180
2.8224260807037354 180
2.831416130065918 180
2.8404533863067627 180
2.8499596118927 180
2.8638079166412354 180
2.8737010955810547 180
2.883009910583496 180
2.8917808532714844 180
2.9007363319396973 180
2.9117751121520996 180
2.920785427093506 180
2.9302096366882324 180
2.9396471977233887 180
2.948876142501831 180
2.959287643432617 180
2.9684877395629883 180
2.9833145141601562 180
2.991851329803467 180
3.0008866786956787 180
3.0116617679595947 180
3.020634174346924 180
3.0302376747131348 180
3.039813756942749 180
3.0489702224731445 180
3.0594124794006348 180
3.068633794784546 180
3.078559160232544 180
3.0888679027557373 180
3.0984277725219727 180
3.1086418628692627 180
3.118119239807129 180
3.1274235248565674 180
3.136493444442749 180
3.145965576171875 180
3.1555299758911133 180
3.165799617767334 180
3.1748499870300293 180
3.1845948696136475 180
3.193979024887085 180
3.2034354209899902 180
3.2137062549591064 180
3.222867488861084 180
3.231560230255127 180
3.2405970096588135 180
3.2500319480895996 180
3.2602152824401855 180
3.2697198390960693 180
3.278980255126953 180
3.2896032333374023 180
3.2988078594207764 180
3.3082847595214844 180
3.3186917304992676 180
3.3281333446502686 180
3.337552070617676 180
3.3483312129974365 180
3.3581161499023438 180
3.3684027194976807 180
3.3815715312957764 180
3.390902280807495 180
3.400573968887329 180
3.4133293628692627 180
3.421811819076538 180
3.433803081512451 180
3.4429590702056885 180
3.4517440795898438 180
3.460731029510498 180
3.4709179401397705 180
3.480386257171631 180
3.4932355880737305 180
3.5016541481018066 180
3.510657548904419 180
3.5209522247314453 180
3.530410051345825 180
3.539846181869507 180
3.550175428390503 180
3.55962872505188 180
3.569826602935791 180
3.585646390914917 180
3.5983450412750244 180
3.6108198165893555 180
3.6256895065307617 180
3.6383121013641357 180
3.6515543460845947 180
3.6642308235168457 180
3.678107738494873 180
3.68735933303833 180
3.6973679065704346 180
3.7076966762542725 180
3.7181100845336914 180
3.727421522140503 180
3.7364885807037354 180
3.7459514141082764 180
3.7555229663848877 180
3.7644166946411133 180
3.7785837650299072 180
3.795285701751709 180
3.8045430183410645 180
3.814120054244995 180
3.824214220046997 180
3.833674907684326 180
3.842925548553467 180
3.8515543937683105 180
3.864718198776245 180
3.8754348754882812 180
3.8845338821411133 180
3.8939623832702637 180
3.9045660495758057 180
3.914876937866211 180
3.9262824058532715 180
3.9358396530151367 180
3.944985866546631 180
3.9542148113250732 180
3.96364688873291 180
3.974672555923462 180
3.984142303466797 180
3.9936952590942383 180
4.002447605133057 180
4.01097846031189 180
4.021681308746338 180
4.030683755874634 180
4.0401434898376465 180
4.049623727798462 180
4.05898642539978 180
4.068500280380249 180
4.0787200927734375 180
4.088179588317871 180
4.097541093826294 180
4.107360363006592 180
4.116903305053711 180
4.127365589141846 180
4.136477947235107 180
4.145955562591553 180
4.1553990840911865 180
4.1643195152282715 180
4.1782612800598145 180
4.187748908996582 180
4.19699501991272 180
4.206910133361816 180
4.216333866119385 180
4.226546287536621 180
4.236115217208862 180
4.245555639266968 180
4.254496335983276 180
4.263916015625 180
4.273382902145386 180
4.28368353843689 180
4.293232679367065 180
4.301667928695679 180
4.311547040939331 180
4.320521116256714 180
4.330796003341675 180
4.340248107910156 180
4.3496668338775635 180
4.358980655670166 180
4.368436574935913 180
4.3786914348602295 180
4.38816237449646 180
4.397422790527344 180
4.406944990158081 180
4.416536808013916 180
4.425974607467651 180
4.436969518661499 180
4.446448564529419 180
4.455980539321899 180
4.465284585952759 180
4.47444748878479 180
4.4859559535980225 180
4.496217250823975 180
4.505728244781494 180
4.515690326690674 180
4.524602174758911 180
4.535397291183472 180
4.544346332550049 180
4.553734540939331 180
4.562894105911255 180
4.571542501449585 180
4.586341381072998 180
4.596009016036987 180
4.60556960105896 180
4.6153998374938965 180
4.624353647232056 180
4.634573221206665 180
4.643995046615601 180
4.653572082519531 180
4.662400960922241 180
4.670987367630005 180
4.681647777557373 180
4.690607070922852 180
4.700102806091309 180
4.709518194198608 180
4.719587087631226 180
4.72881555557251 180
4.738966703414917 180
4.748468399047852 180
4.757855415344238 180
4.766868829727173 180
4.776486158370972 180
4.786632776260376 180
4.7961015701293945 180
4.80548882484436 180
4.814468860626221 180
4.82436990737915 180
4.834680795669556 180
4.844255685806274 180
4.853666067123413 180
4.862450838088989 180
4.871381998062134 180
4.880585432052612 180
4.890859365463257 180
4.900450944900513 180
4.909940481185913 180
4.919845104217529 180
4.929014444351196 180
4.939445734024048 180
4.948659420013428 180
4.958202123641968 180
4.967554569244385 180
4.980355501174927 180
4.990731477737427 180
5.001616954803467 180
5.0106000900268555 180
5.020205020904541 180
5.030136346817017 180
5.040361166000366 180
5.049789905548096 180
5.0589752197265625 180
5.0684428215026855 180
5.078052043914795 180
5.088202476501465 180
5.097555637359619 180
5.106721639633179 180
5.11613392829895 180
5.126041412353516 180
5.1356260776519775 180
5.145848989486694 180
5.154966115951538 180
5.164243698120117 180
5.173640251159668 180
5.182441711425781 180
5.193413496017456 180
5.20185112953186 180
5.210832118988037 180
5.220318794250488 180
5.23027491569519 180
5.240617990493774 180
5.250122308731079 180
5.259655952453613 180
5.268857002258301 180
5.278306722640991 180
5.2876222133636475 180
5.2978761196136475 180
5.306921720504761 180
5.316468954086304 180
5.325907468795776 180
5.335882186889648 180
5.346094369888306 180
5.355550765991211 180
5.364595174789429 180
5.374147891998291 180
5.3875157833099365 180
5.397809267044067 180
5.406947135925293 180
5.416394233703613 180
5.425855875015259 180
5.436559677124023 180
5.44673752784729 180
5.456183910369873 180
5.465631484985352 180
5.474560260772705 180
5.484018564224243 180
5.493607044219971 180
5.50437068939209 180
5.515499591827393 180
5.524418830871582 180
5.534188985824585 180
5.54366135597229 180
5.554005861282349 180
5.563466310501099 180
5.571927547454834 180
5.580889940261841 180
5.590340852737427 180
5.600470066070557 180
5.609972238540649 180
5.619517803192139 180
5.6288721561431885 180
5.638794898986816 180
5.649310827255249 180
5.660930633544922 180
5.6743268966674805 180
5.6869330406188965 180
5.70031213760376 180
5.7139732837677 180
5.726206064224243 180
5.738648176193237 180
5.748924970626831 180
5.758509159088135 180
5.767857551574707 180
5.776965379714966 180
5.790026426315308 180
5.8024139404296875 180
5.811020135879517 180
5.820571660995483 180
5.830039739608765 180
5.839466333389282 180
5.849414110183716 180
5.868630886077881 180
5.878201961517334 180
5.888024091720581 180
5.896978855133057 180
5.907528877258301 180
5.917903184890747 180
5.9269208908081055 180
5.936337471008301 180
5.946203231811523 180
5.95630955696106 180
5.965796947479248 180
5.976272821426392 180
5.986489772796631 180
5.995969295501709 180
6.006138324737549 180
6.015796422958374 180
6.0248730182647705 180
6.034273862838745 180
6.043684959411621 180
6.054307222366333 180
6.06381368637085 180
6.072982549667358 180
6.081645488739014 180
6.090620040893555 180
6.100247383117676 180
6.110578775405884 180
6.120003700256348 180
6.129386901855469 180
6.138613700866699 180
6.148614168167114 180
6.159305810928345 180
6.168494939804077 180
6.177872896194458 180
6.190888404846191 180
6.200518369674683 180
6.210883617401123 180
6.220533847808838 180
6.230004549026489 180
6.239403963088989 180
6.248586416244507 180
6.259587049484253 180
6.268832445144653 180
6.278435945510864 180
6.2877960205078125 180
6.296837329864502 180
6.3062663078308105 180
6.316539764404297 180
6.325984001159668 180
6.3356194496154785 180
6.344559192657471 180
6.354365825653076 180
6.364562273025513 180
6.3765130043029785 180
6.390447378158569 180
6.4000561237335205 180
6.410349607467651 180
6.419811487197876 180
6.429298400878906 180
6.439474582672119 180
6.448686599731445 180
6.458693742752075 180
6.468806505203247 180
6.478260278701782 180
6.48856258392334 180
6.497907876968384 180
6.506948232650757 180
6.518139123916626 180
6.527367830276489 180
6.53662633895874 180
6.546102523803711 180
6.555510520935059 180
6.566143035888672 180
6.575755834579468 180
6.588480234146118 180
6.598052501678467 180
6.607525825500488 180
6.617766857147217 180
6.626785039901733 180
6.636335134506226 180
6.645797252655029 180
6.654963493347168 180
6.6660261154174805 180
6.675421714782715 180
6.684346437454224 180
6.693952322006226 180
6.703404664993286 180
6.711857080459595 180
6.722898721694946 180
6.73149847984314 180
6.740490674972534 180
6.749960899353027 180
6.759509325027466 180
6.770135164260864 180
6.779641151428223 180
6.788846254348755 180
6.798423767089844 180
6.807774305343628 180
6.818069219589233 180
6.827007293701172 180
6.836450576782227 180
6.845917463302612 180
6.85544753074646 180
6.865236282348633 180
6.875759840011597 180
6.8849780559539795 180
6.894232511520386 180
6.903609752655029 180
6.912372350692749 180
6.923417091369629 180
6.934018611907959 180
6.951898813247681 180
6.960882663726807 180
6.972362279891968 180
6.9809794425964355 180
6.9965856075286865 180
7.006916046142578 180
7.016460418701172 180
7.026679992675781 180
7.036107301712036 180
7.045550584793091 180
7.054605722427368 180
7.063989877700806 180
7.074519157409668 180
7.083939790725708 180
7.093418598175049 180
7.101880073547363 180
7.110854148864746 180
7.12173867225647 180
7.130708456039429 180
7.140176057815552 180
7.1497156620025635 180
7.158930778503418 180
7.168341875076294 180
7.1790149211883545 180
7.188587188720703 180
7.19791841506958 180
7.206966876983643 180
7.216455459594727 180
7.226480722427368 180
7.236067056655884 180
7.245440721511841 180
7.254396438598633 180
7.2638256549835205 180
7.274362564086914 180
7.283837080001831 180
7.293482303619385 180
7.301952362060547 180
7.310920000076294 180
7.32048225402832 180
7.330745458602905 180
7.340205430984497 180
7.349632263183594 180
7.358944892883301 180
7.368417263031006 180
7.379365682601929 180
7.393542528152466 180
7.402442693710327 180
7.411729574203491 180
7.420709609985352 180
7.432894229888916 180
7.441671848297119 180
7.450633525848389 180
7.4663331508636475 180
7.476735591888428 180
7.486726999282837 180
7.496152639389038 180
7.506415605545044 180
7.515887022018433 180
7.525292873382568 180
7.535748720169067 180
7.544705152511597 180
7.554196357727051 180
7.563596248626709 180
7.5728771686553955 180
7.583849668502808 180
7.593397617340088 180
7.6018548011779785 180
7.6108558177948 180
7.620335340499878 180
7.6305766105651855 180
7.640078783035278 180
7.64948034286499 180
7.658808708190918 180
7.66826319694519 180
7.677552938461304 180
7.688406229019165 180
7.697754621505737 180
7.706909894943237 180
7.716462850570679 180
7.72592568397522 180
7.737835884094238 180
7.749839544296265 180
7.762455940246582 180
7.775630235671997 180
7.795549392700195 180
7.807868003845215 180
7.819997072219849 180
7.834352970123291 180
7.846222400665283 180
7.859523057937622 180
7.868667840957642 180
7.878137588500977 180
7.899713516235352 180
7.919574022293091 180
7.944268465042114 180
7.953823566436768 180
7.9633800983428955 180
7.971810340881348 180
7.980799198150635 180
7.990251541137695 180
8.014070510864258 180
8.029257774353027 180
8.03843092918396 180
8.048569440841675 180
8.058031558990479 180
8.06699514389038 180
8.076537847518921 180
8.085986614227295 180
8.095906496047974 180
8.106130599975586 180
8.115621089935303 180
8.124597311019897 180
8.134103059768677 180
8.143588542938232 180
8.153818845748901 180
8.163019180297852 180
8.171684503555298 180
8.180655717849731 180
8.194969177246094 180
8.206126928329468 180
8.215709686279297 180
8.224839687347412 180
8.234182357788086 180
8.24360990524292 180
8.25392460823059 180
8.263412237167358 180
8.27188777923584 180
8.28085970878601 180
8.290365934371948 180
8.301660299301147 180
8.310621500015259 180
8.320223569869995 180
8.329687118530273 180
8.338888883590698 180
8.348370790481567 180
8.360121250152588 180
8.370417356491089 180
8.38075304031372 180
8.391749620437622 180
8.403459548950195 180
8.413360357284546 180
8.421854496002197 180
8.43355655670166 180
8.441988706588745 180
8.453724145889282 180
8.463932037353516 180
8.473379611968994 180
8.481961965560913 180
8.490943193435669 180
8.500479459762573 180
8.51167345046997 180
8.5217924118042 180
8.530761241912842 180
8.540235757827759 180
8.549692392349243 180
8.560045003890991 180
8.569491863250732 180
8.58065414428711 180
8.594671726226807 180
8.604262351989746 180
8.615516185760498 180
8.624454498291016 180
8.63386344909668 180
8.643319606781006 180
8.651738166809082 180
8.66236162185669 180
8.670965433120728 180
8.68054723739624 180
8.6900053024292 180
8.69948410987854 180
8.710190773010254 180
8.719664335250854 180
8.728922128677368 180
8.738441705703735 180
8.748043298721313 180
8.757020235061646 180
8.767595767974854 180
8.776644468307495 180
8.786107778549194 180
8.795716762542725 180
8.804680109024048 180
8.815885305404663 180
8.824981212615967 180
8.834218263626099 180
8.843605041503906 180
8.852967977523804 180
8.863438606262207 180
8.872368097305298 180
8.881545066833496 180
8.890555143356323 180
8.900000810623169 180
8.909473180770874 180
8.920545816421509 180
8.930021286010742 180
8.939619541168213 180
8.948793172836304 180
8.958207845687866 180
8.968455791473389 180
8.977924346923828 180
8.986936330795288 180
9.000005960464478 180
9.00970196723938 180
9.02046823501587 180
9.030006408691406 180
9.039579391479492 180
9.048813819885254 180
9.058265686035156 180
9.068356990814209 180
9.077733755111694 180
9.088128328323364 180
9.097593784332275 180
9.10664987564087 180
9.11766529083252 180
9.126771450042725 180
9.136412620544434 180
9.145857334136963 180
9.155402421951294 180
9.165542602539062 180
9.174561738967896 180
9.183950185775757 180
9.193429708480835 180
9.201872110366821 180
9.210856676101685 180
9.222481966018677 180
9.231544494628906 180
9.240574359893799 180
9.250063180923462 180
9.2594633102417 180
9.269825458526611 180
9.279409408569336 180
9.288606882095337 180
9.298051595687866 180
9.307015180587769 180
9.317570686340332 180
9.327447652816772 180
9.336646318435669 180
9.34612774848938 180
9.355565547943115 180
9.364467859268188 180
9.374582767486572 180
9.383992910385132 180
9.3973388671875 180
9.406572580337524 180
9.416135311126709 180
9.426945209503174 180
9.437422513961792 180
9.4464852809906 180
9.456106424331665 180
9.466718673706055 180
9.476872682571411 180
9.486276865005493 180
9.495740175247192 180
9.504650115966797 180
9.514216184616089 180
9.524604558944702 180
9.534490585327148 180
9.543917417526245 180
9.553339958190918 180
9.56181287765503 180
9.572924613952637 180
9.581526041030884 180
9.590574026107788 180
9.602964401245117 180
9.61160659790039 180
9.620582342147827 180
9.631744861602783 180
9.640729188919067 180
9.650187015533447 180
9.65982174873352 180
9.669005155563354 180
9.679335355758667 180
9.688588380813599 180
9.698159456253052 180
9.707442998886108 180
9.716551542282104 180
9.726714611053467 180
9.736576080322266 180
9.745994567871094 180
9.755582332611084 180
9.764508485794067 180
9.773925542831421 180
9.784226417541504 180
9.796993970870972 180
9.806611061096191 180
9.818320512771606 180
9.832841634750366 180
9.846244096755981 180
9.858589172363281 180
9.870713472366333 180
9.885847330093384 180
9.89854645729065 180
9.910232782363892 180
9.919852018356323 180
9.930121660232544 180
9.940218925476074 180
9.94972276687622 180
9.95929765701294 180
9.968490839004517 180
9.978652000427246 180
9.988132953643799 180
9.997580766677856 180
