0 0
0.005227088928222656 0
0.019953250885009766 0
0.02935934066772461 1
0.03878951072692871 3
0.04941987991333008 6
0.05889415740966797 10
0.06793808937072754 14
0.07709479331970215 19
0.08624720573425293 24
0.09580445289611816 30
0.10614156723022461 37
0.11574125289916992 42
0.12529444694519043 49
0.1351170539855957 56
0.14443182945251465 65
0.15548324584960938 71
0.16511297225952148 78
0.1744537353515625 86
0.18398094177246094 92
0.19362378120422363 102
0.2039051055908203 108
0.21338415145874023 116
0.22289586067199707 124
0.2321643829345703 132
0.24172282218933105 138
0.25306248664855957 148
0.26233386993408203 156
0.2718946933746338 163
0.2813904285430908 171
0.2907869815826416 179
0.29982876777648926 186
0.3104233741760254 193
0.3197901248931885 197
0.32928967475891113 202
0.33889293670654297 205
0.34782958030700684 208
0.3592498302459717 209
0.36891674995422363 209
0.3778414726257324 208
0.38722944259643555 206
0.40198302268981934 202
0.412431001663208 199
0.42208290100097656 194
0.43177342414855957 190
0.44290733337402344 185
0.4523918628692627 180
0.4638960361480713 176
0.47330355644226074 173
0.4827854633331299 170
0.4921302795410156 168
0.501600980758667 166
0.5118422508239746 166
0.5214531421661377 166
0.5309178829193115 167
0.5399277210235596 168
0.5494840145111084 170
0.5601656436920166 172
0.5696620941162109 174
0.5791802406311035 176
0.5884287357330322 178
0.5971834659576416 181
0.6061873435974121 182
0.6164572238922119 184
0.626011848449707 185
0.6355242729187012 186
0.6450562477111816 186
0.6547460556030273 186
0.6655490398406982 186
0.6752099990844727 185
0.6847386360168457 184
0.6940388679504395 184
0.7035493850708008 182
0.713937520980835 182
0.723487377166748 181
0.7329845428466797 180
0.7420628070831299 179
0.7515208721160889 179
0.7616991996765137 178
0.7717289924621582 178
0.7820606231689453 178
0.7916164398193359 178
0.8054676055908203 178
0.8158447742462158 179
0.8254520893096924 179
0.834944486618042 180
0.8441462516784668 180
0.8537321090698242 180
0.8639178276062012 180
0.8739058971405029 180
0.8832321166992188 180
0.8922824859619141 180
0.9016878604888916 180
0.9112706184387207 180
0.9214692115783691 180
0.9308514595031738 180
0.9397308826446533 180
0.9498622417449951 180
0.959296464920044 180
0.970001220703125 180
0.9794607162475586 180
0.9888598918914795 180
0.9972798824310303 180
1.006298542022705 180
1.0164599418640137 180
1.0258674621582031 180
1.03544282913208 180
1.045036792755127 180
1.0541839599609375 180
1.063628911972046 180
1.0741956233978271 180
1.0835537910461426 180
1.0929932594299316 180
1.1020097732543945 180
1.111433982849121 180
1.121635913848877 180
1.1310579776763916 180
1.1399893760681152 180
1.1495411396026611 180
1.1591284275054932 180
1.169466495513916 180
1.179286241531372 180
1.188481330871582 180
1.2041215896606445 180
1.213780403137207 180
1.2249488830566406 180
1.2343637943267822 180
1.2437753677368164 180
1.2530834674835205 180
1.2642388343811035 180
1.274458885192871 180
1.28434419631958 180
1.293755054473877 180
1.303189992904663 180
1.3122105598449707 180
1.3236808776855469 180
1.333144187927246 180
1.3422207832336426 180
1.3515849113464355 180
1.3610763549804688 180
1.3712186813354492 180
1.3810794353485107 180
1.3901126384735107 180
1.3995389938354492 180
1.40895414352417 180
1.4174072742462158 180
1.4287896156311035 180
1.4374144077301025 180
1.451188564300537 180
1.4633657932281494 180
1.4770607948303223 180
1.490992546081543 180
1.503169059753418 180
1.5155315399169922 180
1.5301377773284912 180
1.5409212112426758 180
1.5498325824737549 180
1.5593113899230957 180
1.5688483715057373 180
1.579045057296753 180
1.588883876800537 180
1.6017160415649414 180
1.6112558841705322 180
1.6204679012298584 180
1.6312525272369385 180
1.6401619911193848 180
1.6495428085327148 180
1.6591987609863281 180
1.6683497428894043 180
1.6787731647491455 180
1.6888995170593262 180
1.697281837463379 180
1.706212043762207 180
1.7156555652618408 180
1.7251930236816406 180
1.7354161739349365 180
1.744809865951538 180
1.754093885421753 180
1.7634785175323486 180
1.7723686695098877 180
1.783656120300293 180
1.7933354377746582 180
1.8023121356964111 180
1.8118700981140137 180
1.821392297744751 180
1.833261251449585 180
1.8429811000823975 180
1.851994276046753 180
1.8614161014556885 180
1.8709118366241455 180
1.8810944557189941 180
1.8910093307495117 180
1.8999264240264893 180
1.9092857837677002 180
1.9186887741088867 180
1.9272363185882568 180
1.9378371238708496 180
1.946427822113037 180
1.958448886871338 180
1.9670326709747314 180
1.9760234355926514 180
1.9861836433410645 180
1.9961473941802979 180
2.010932683944702 180
2.019984722137451 180
2.029500722885132 180
2.0396788120269775 180
2.0491750240325928 180
2.057935953140259 180
2.066854238510132 180
2.075918197631836 180
2.086207389831543 180
2.096139907836914 180
2.105593681335449 180
2.1151466369628906 180
2.124356985092163 180
2.134380578994751 180
2.143787145614624 180
2.1531686782836914 180
2.1622140407562256 180
2.171856164932251 180
2.1812734603881836 180
2.1914238929748535 180
2.2013015747070312 180
2.2107551097869873 180
2.2197036743164062 180
2.229296922683716 180
2.2395107746124268 180
2.2489099502563477 180
2.2573516368865967 180
2.26633358001709 180
2.275829792022705 180
2.2859907150268555 180
2.295592784881592 180
2.3055310249328613 180
2.314922571182251 180
2.324087142944336 180
2.3335201740264893 180
2.3449063301086426 180
2.3542728424072266 180
2.3637125492095947 180
2.373018503189087 180
2.382063388824463 180
2.3922953605651855 180
2.4056355953216553 180
2.4152755737304688 180
2.4248147010803223 180
2.4340436458587646 180
2.4441421031951904 180
2.4535715579986572 180
2.4624786376953125 180
2.4720816612243652 180
2.481478214263916 180
2.4915006160736084 180
2.500941276550293 180
2.510451316833496 180
2.5196692943573 180
2.529176950454712 180
2.5379374027252197 180
2.548729181289673 180
2.5571799278259277 180
2.566155195236206 180
2.575582504272461 180
2.5850772857666016 180
2.595471143722534 180
2.605062961578369 180
2.6149544715881348 180
2.624096393585205 180
2.6333823204040527 180
2.643662929534912 180
2.653148889541626 180
2.6621460914611816 180
2.6715621948242188 180
2.680999279022217 180
2.6898982524871826 180
2.7000744342803955 180
2.7100436687469482 180
2.7194557189941406 180
2.72902250289917 180
2.737457275390625 180
2.748415470123291 180
2.75697922706604 180
2.7659506797790527 180
2.7773945331573486 180
2.7864153385162354 180
2.7970399856567383 180
2.8107047080993652 180
2.8198225498199463 180
2.8303205966949463 180
2.840935468673706 180
2.8511857986450195 180
2.8609232902526855 180
2.8698525428771973 180
2.8792150020599365 180
2.8891749382019043 180
2.899744749069214 180
2.9090843200683594 180
2.9174628257751465 180
2.926408290863037 180
2.9358253479003906 180
2.945981502532959 180
2.9556169509887695 180
2.9650657176971436 180
2.9742588996887207 180
2.9836668968200684 180
2.993154287338257 180
3.003387928009033 180
3.012474536895752 180
3.022320032119751 180
3.0317530632019043 180
3.0412330627441406 180
3.051391839981079 180
3.060448169708252 180
3.0698065757751465 180
3.0792312622070312 180
3.0884103775024414 180
3.096978187561035 180
3.1072144508361816 180
3.1161420345306396 180
3.129255771636963 180
3.138483762741089 180
3.1472091674804688 180
3.1574153900146484 180
3.166388988494873 180
3.175830364227295 180
3.187929630279541 180
3.1964340209960938 180
3.2199816703796387 180
3.230100631713867 180
3.2408909797668457 180
3.2499542236328125 180
3.2601356506347656 180
3.269526481628418 180
3.278904438018799 180
3.287365198135376 180
3.29630184173584 180
3.307077646255493 180
3.3160390853881836 180
3.3259055614471436 180
3.3352913856506348 180
3.344430446624756 180
3.354907751083374 180
3.364067316055298 180
3.373589515686035 180
3.383042573928833 180
3.3920881748199463 180
3.401488780975342 180
3.4116764068603516 180
3.4210805892944336 180
3.43570876121521 180
3.460129499435425 180
3.480761766433716 180
3.497241735458374 180
3.5084214210510254 180
3.5173070430755615 180
3.531176805496216 180
3.5432982444763184 180
3.559194564819336 180
3.571373224258423 180
3.58355975151062 180
3.595651388168335 180
3.6149487495422363 180
3.6359758377075195 180
3.6457014083862305 180
3.655141830444336 180
3.6651952266693115 180
3.6744370460510254 180
3.6838908195495605 180
3.69327449798584 180
3.7022926807403564 180
3.712393045425415 180
3.7219011783599854 180
3.731449604034424 180
3.741314172744751 180
3.7504186630249023 180
3.760930061340332 180
3.7699782848358154 180
3.7813875675201416 180
3.7908759117126465 180
3.799828290939331 180
3.809230327606201 180
3.8194384574890137 180
3.8292763233184814 180
3.840885877609253 180
3.8499245643615723 180
3.8593008518218994 180
3.8714518547058105 180
3.8807497024536133 180
3.891113042831421 180
3.9001412391662598 180
3.909691572189331 180
3.919847011566162 180
3.9292678833007812 180
3.9390323162078857 180
3.9478485584259033 180
3.956413984298706 180
3.967167854309082 180
3.9761736392974854 180
3.985657215118408 180
3.9950788021087646 180
4.009161710739136 180
4.01945686340332 180
4.02915358543396 180
4.037905693054199 180
4.046442270278931 180
4.055828332901001 180
4.066221237182617 180
4.07565975189209 180
4.085049629211426 180
4.094377040863037 180
4.103774547576904 180
4.113060235977173 180
4.123359680175781 180
4.132394790649414 180
4.141792058944702 180
4.15181040763855 180
4.161370515823364 180
4.17153263092041 180
4.180910348892212 180
4.189835786819458 180
4.203001260757446 180
4.212197303771973 180
4.229595899581909 180
4.2497336864471436 180
4.271807432174683 180
4.289577484130859 180
4.299072980880737 180
4.307821035385132 180
4.316346168518066 180
4.325901746749878 180
4.347388982772827 180
4.361825466156006 180
4.371520757675171 180
4.380944728851318 180
4.39129900932312 180
4.4016571044921875 180
4.415460586547852 180
4.425104379653931 180
4.434386730194092 180
4.444878816604614 180
4.454912185668945 180
4.464101076126099 180
4.473504543304443 180
4.48241925239563 180
4.492987155914307 180
4.502013921737671 180
4.511566400527954 180
4.521043300628662 180
4.529941082000732 180
4.539294481277466 180
4.54960823059082 180
4.559537887573242 180
4.569079637527466 180
4.577892541885376 180
4.586454153060913 180
4.5971760749816895 180
4.60623025894165 180
4.615652799606323 180
4.625056743621826 180
4.63437557220459 180
4.644836664199829 180
4.654017448425293 180
4.663915395736694 180
4.673283576965332 180
4.682458877563477 180
4.693174600601196 180
4.7022013664245605 180
4.7115983963012695 180
4.721208572387695 180
4.73008918762207 180
4.73951268196106 180
4.749831199645996 180
4.759660243988037 180
4.769042491912842 180
4.7799293994903564 180
4.789320707321167 180
4.799595355987549 180
4.812994956970215 180
4.8221025466918945 180
4.832381725311279 180
4.841885805130005 180
4.85207724571228 180
4.862289905548096 180
4.872212886810303 180
4.881582736968994 180
4.895584583282471 180
4.905038118362427 180
4.914221286773682 180
4.923619985580444 180
4.933084011077881 180
4.9422290325164795 180
4.9523961544036865 180
4.961861848831177 180
4.971751689910889 180
4.981202602386475 180
4.991710901260376 180
5.001931190490723 180
5.011377573013306 180
5.020448446273804 180
5.02968692779541 180
5.039085388183594 180
5.049195051193237 180
5.058377027511597 180
5.068354845046997 180
5.0770180225372314 180
5.086015224456787 180
5.095468997955322 180
5.105550289154053 180
5.115102291107178 180
5.124335289001465 180
5.133745431900024 180
5.143021821975708 180
5.153282642364502 180
5.162341356277466 180
5.17229700088501 180
5.181716203689575 180
5.1911396980285645 180
5.2014501094818115 180
5.214303493499756 180
5.223846435546875 180
5.233623266220093 180
5.24303126335144 180
5.253216743469238 180
5.2624733448028564 180
5.27234411239624 180
5.281729221343994 180
5.291310548782349 180
5.30031943321228 180
5.310921669006348 180
5.319835901260376 180
5.3293843269348145 180
5.338764190673828 180
5.3473241329193115 180
5.358338117599487 180
5.366867542266846 180
5.376324892044067 180
5.385936737060547 180
5.395364999771118 180
5.406349420547485 180
5.4159462451934814 180
5.425414323806763 180
5.434856414794922 180
5.4440553188323975 180
5.4541449546813965 180
5.463836908340454 180
5.47328782081604 180
5.483206510543823 180
5.492220401763916 180
5.501595497131348 180
5.511868953704834 180
5.529576301574707 180
5.539013624191284 180
5.547431468963623 180
5.558339595794678 180
5.566974639892578 180
5.576446533203125 180
5.585914134979248 180
5.595473527908325 180
5.614421367645264 180
5.6271398067474365 180
5.641921281814575 180
5.654828786849976 180
5.6690168380737305 180
5.681767225265503 180
5.694096326828003 180
5.70350980758667 180
5.713693380355835 180
5.723114728927612 180
5.732141733169556 180
5.741569519042969 180
5.751081705093384 180
5.761296272277832 180
5.770745754241943 180
5.78145694732666 180
5.790917158126831 180
5.799893379211426 180
5.809285640716553 180
5.819512844085693 180
5.829035997390747 180
5.8374621868133545 180
5.846386432647705 180
5.855900526046753 180
5.866032123565674 180
5.875453472137451 180
5.885326862335205 180
5.894894123077393 180
5.904102325439453 180
5.916178226470947 180
5.925662040710449 180
5.935084819793701 180
5.944264888763428 180
5.95375919342041 180
5.963946580886841 180
5.973294734954834 180
5.982463121414185 180
5.992372035980225 180
6.001895189285278 180
6.015927791595459 180
6.025458335876465 180
6.034959554672241 180
6.0442798137664795 180
6.0536792278289795 180
6.063013553619385 180
6.07331395149231 180
6.082353353500366 180
6.092108488082886 180
6.101518154144287 180
6.111050605773926 180
6.121248245239258 180
6.130474805831909 180
6.139700174331665 180
6.14912748336792 180
6.157878875732422 180
6.168440580368042 180
6.177060127258301 180
6.185994625091553 180
6.196044206619263 180
6.205466270446777 180
6.214866638183594 180
6.225116014480591 180
6.234385251998901 180
6.243911027908325 180
6.253476619720459 180
6.262373685836792 180
6.2729973793029785 180
6.2821033000946045 180
6.291517734527588 180
6.301373720169067 180
6.310924291610718 180
6.321007251739502 180
6.32994270324707 180
6.339395046234131 180
6.348795175552368 180
6.357236623764038 180
6.366254806518555 180
6.376400947570801 180
6.385838747024536 180
6.395273685455322 180
6.405199289321899 180
6.421044111251831 180
6.430307626724243 180
6.439668655395508 180
6.449077129364014 180
6.457867383956909 180
6.46640419960022 180
6.477119207382202 180
6.486050367355347 180
6.495608568191528 180
6.505540370941162 180
6.514943838119507 180
6.525040864944458 180
6.5342206954956055 180
6.5436179637908936 180
6.553056240081787 180
6.562089681625366 180
6.5722973346710205 180
6.581727743148804 180
6.591177940368652 180
6.600944519042969 180
6.610000133514404 180
6.619433879852295 180
6.629812479019165 180
6.639228343963623 180
6.648393154144287 180
6.65700888633728 180
6.665972948074341 180
6.676197052001953 180
6.685656309127808 180
6.695079326629639 180
6.704968214035034 180
6.7141335010528564 180
6.724267244338989 180
6.733935832977295 180
6.7432944774627686 180
6.752305269241333 180
6.76181697845459 180
6.771280288696289 180
6.782216310501099 180
6.7917187213897705 180
6.8013856410980225 180
6.81115460395813 180
6.824238061904907 180
6.834825277328491 180
6.844098091125488 180
6.853597402572632 180
6.862881422042847 180
6.871957302093506 180
6.882213830947876 180
6.891764879226685 180
6.9012134075164795 180
6.911159038543701 180
6.920059680938721 180
6.931614398956299 180
6.941812992095947 180
6.951297998428345 180
6.9603307247161865 180
6.969783067703247 180
6.979854583740234 180
6.989293098449707 180
6.998484134674072 180
7.007122039794922 180
7.01715874671936 180
7.026075601577759 180
7.036389112472534 180
7.045854330062866 180
7.0552732944488525 180
7.064464092254639 180
7.073891878128052 180
7.0840373039245605 180
7.093580961227417 180
7.102820158004761 180
7.111903190612793 180
7.121809482574463 180
7.132017374038696 180
7.141447067260742 180
7.151066303253174 180
7.159987688064575 180
7.1694111824035645 180
7.178852081298828 180
7.189039468765259 180
7.197824001312256 180
7.2064080238342285 180
7.221450567245483 180
7.231143474578857 180
7.2414515018463135 180
7.250728368759155 180
7.259728670120239 180
7.269219398498535 180
7.278759002685547 180
7.288946628570557 180
7.29738974571228 180
7.306374788284302 180
7.315792798995972 180
7.325666427612305 180
7.342240810394287 180
7.3517165184021 180
7.3611626625061035 180
7.370068550109863 180
7.379460096359253 180
7.38972544670105 180
7.399134159088135 180
7.408412218093872 180
7.417022466659546 180
7.426417589187622 180
7.437166690826416 180
7.4473795890808105 180
7.456293344497681 180
7.465795278549194 180
7.475239038467407 180
7.484406471252441 180
7.495011568069458 180
7.504160165786743 180
7.513716220855713 180
7.523593902587891 180
7.53279709815979 180
7.543212890625 180
7.552242994308472 180
7.561673164367676 180
7.571216344833374 180
7.580105304718018 180
7.5903120040893555 180
7.59964656829834 180
7.608999252319336 180
7.621588230133057 180
7.631726264953613 180
7.641949653625488 180
7.651527166366577 180
7.660907506942749 180
7.669964551925659 180
7.6798694133758545 180
7.693868160247803 180
7.705920696258545 180
7.71952748298645 180
7.732056617736816 180
7.745737075805664 180
7.759448766708374 180
7.771672010421753 180
7.782827138900757 180
7.7929699420928955 180
7.802135229110718 180
7.811696529388428 180
7.821138143539429 180
7.835657835006714 180
7.864427089691162 180
7.88131046295166 180
7.899596452713013 180
7.909097671508789 180
7.917894601821899 180
7.9264326095581055 180
7.9368736743927 180
7.94741678237915 180
7.9574408531188965 180
7.96635365486145 180
7.975847482681274 180
7.985253095626831 180
7.994781494140625 180
8.005012035369873 180
8.01418948173523 180
8.02787971496582 180
8.039192199707031 180
8.049596309661865 180
8.059185028076172 180
8.068365335464478 180
8.076993465423584 180
8.08598780632019 180
8.099442720413208 180
8.108976602554321 180
8.117435216903687 180
8.126373529434204 180
8.135846853256226 180
8.145717144012451 180
8.157068967819214 180
8.166067838668823 180
8.175649642944336 180
8.185068607330322 180
8.194398641586304 180
8.207073450088501 180
8.217299938201904 180
8.226392984390259 180
8.235943078994751 180
8.245823383331299 180
8.256067514419556 180
8.268444299697876 180
8.277075290679932 180
8.286040544509888 180
8.296090364456177 180
8.306269645690918 180
8.315720558166504 180
8.326074600219727 180
8.335476636886597 180
8.345352172851562 180
8.355714321136475 180
8.365182876586914 180
8.3743417263031 180
8.383794069290161 180
8.393105268478394 180
8.403255701065063 180
8.412414789199829 180
8.425495862960815 180
8.435044288635254 180
8.445068836212158 180
8.455419778823853 180
8.464840412139893 180
8.474148750305176 180
8.483540058135986 180
8.49244999885559 180
8.501870393753052 180
8.51204538345337 180
8.521432876586914 180
8.531029462814331 180
8.53994870185852 180
8.549820184707642 180
8.559977769851685 180
8.56938648223877 180
8.57902216911316 180
8.587967157363892 180
8.596988439559937 180
8.607085227966309 180
8.616077661514282 180
8.625481367111206 180
8.634865283966064 180
8.644059658050537 180
8.654022693634033 180
8.664281845092773 180
8.673713684082031 180
8.682994365692139 180
8.692037105560303 180
8.701454162597656 180
8.711873531341553 180
8.721301317214966 180
8.730324506759644 180
8.739672660827637 180
8.749072790145874 180
8.759650945663452 180
8.769182443618774 180
8.780115127563477 180
8.789513111114502 180
8.800026416778564 180
8.810057878494263 180
8.8228018283844 180
8.833823680877686 180
8.843870639801025 180
8.853759050369263 180
8.864219427108765 180
8.873615503311157 180
8.88303828239441 180
8.893320083618164 180
8.90233588218689 180
8.912792921066284 180
8.92193055152893 180
8.93135952949524 180
8.9404776096344 180
8.949815273284912 180
8.959197044372559 180
8.969493627548218 180
8.978922128677368 180
8.987384557723999 180
8.996294975280762 180
9.005749702453613 180
9.016103029251099 180
9.02554988861084 180
9.034918069839478 180
9.04431939125061 180
9.053730249404907 180
9.066040515899658 180
9.075627326965332 180
9.085055351257324 180
9.094202518463135 180
9.103787660598755 180
9.113990306854248 180
9.125437259674072 180
9.13492465019226 180
9.144095420837402 180
9.153519868850708 180
9.163218259811401 180
9.173476934432983 180
9.183760166168213 180
9.193231344223022 180
9.20615530014038 180
9.225095748901367 180
9.245313167572021 180
9.265255451202393 180
9.283557891845703 180
9.299041032791138 180
9.3079354763031 180
9.31647539138794 180
9.325941324234009 180
9.335423469543457 180
9.356290817260742 180
9.37197756767273 180
9.381715059280396 180
9.391146183013916 180
9.401356220245361 180
9.410478591918945 180
9.419697999954224 180
9.429207801818848 180
9.438393831253052 180
9.448780536651611 180
9.457213163375854 180
9.466172695159912 180
9.476023197174072 180
9.485467195510864 180
9.495060920715332 180
9.505285739898682 180
9.514459371566772 180
9.523916482925415 180
9.53327989578247 180
9.542295694351196 180
9.553035497665405 180
9.562094688415527 180
9.571856260299683 180
9.581321239471436 180
9.590421199798584 180
9.600784301757812 180
9.609902381896973 180
9.61944055557251 180
9.632453203201294 180
9.64197325706482 180
9.652230978012085 180
9.661606550216675 180
9.671211004257202 180
9.681113481521606 180
9.691838502883911 180
9.702460765838623 180
9.711896419525146 180
9.721354246139526 180
9.730849266052246 180
9.739829063415527 180
9.749433279037476 180
9.761056423187256 180
9.773824453353882 180
9.78907823562622 180
9.80299973487854 180
9.815652132034302 180
9.829071998596191 180
9.841908931732178 180
9.855936527252197 180
9.869420051574707 180
9.879313230514526 180
9.888713121414185 180
9.897112846374512 180
9.907395839691162 180
9.916368007659912 180
9.925781488418579 180
9.9352548122406 180
9.944436311721802 180
9.95554780960083 180
9.964949607849121 180
9.974852800369263 180
9.984715700149536 180
9.993892431259155 180
