00
8.106231689453125e-050
0.0204577445983886720
0.032612562179565432
0.040489196777343754
0.0526590347290039066
0.0605547428131103510
0.0703029632568359412
0.0753896236419677714
0.0802578926086425815
0.0848360061645507818
0.0899169445037841820
0.094420671463012721
0.0995564460754394523
0.1040263175964355526
0.1093156337738037128
0.1136493682861328131
0.1197171211242675834
0.124130249023437536
0.1293697357177734438
0.134001255035400441
0.1392607688903808643
0.1436569690704345746
0.1483700275421142648
0.1533465385437011750
0.1577208042144775454
0.1628060340881347756
0.167464494705200260
0.1734366416931152362
0.1778078079223632865
0.1828258037567138768
0.1874818801879882871
0.1927106380462646573
0.1973507404327392676
0.2023978233337402379
0.2067518234252929781
0.2120544910430908285
0.216413974761962988
0.2225537300109863391
0.2271473407745361394
0.2322263717651367297
0.2365851402282714899
0.2417299747467041102
0.2462940216064453105
0.25145626068115234109
0.25615978240966797111
0.2611873149871826115
0.26605653762817383118
0.2721974849700928120
0.2765946388244629123
0.28174877166748047126
0.28630733489990234129
0.2914602756500244133
0.29602980613708496135
0.30079197883605957138
0.30573034286499023141
0.31051182746887207144
0.31557703018188477147
0.32034778594970703151
0.32608842849731445153
0.3308441638946533156
0.3357841968536377160
0.340548038482666162
0.34537649154663086166
0.3502166271209717168
0.3548004627227783172
0.35988354682922363174
0.36447858810424805176
0.36957263946533203180
0.37528061866760254184
0.3801441192626953188
0.3860938549041748190
0.39240574836730957194
0.396803617477417196
0.40214014053344727200
0.40654516220092773202
0.41166210174560547206
0.41627955436706543208
0.4213292598724365212
0.42679548263549805216
0.43268823623657227218
0.4373466968536377222
0.44242191314697266224
0.4467916488647461226
0.4521040916442871230
0.4564650058746338233
0.46157336235046387236
0.46614575386047363239
0.471189022064209242
0.4767029285430908245
0.4820067882537842248
0.48644375801086426251
0.49156761169433594255
0.4963071346282959257
0.5014522075653076261
0.506030797958374264
0.5111715793609619266
0.5158450603485107270
0.5205934047698975273
0.5264143943786621276
0.5322005748748779279
0.5365591049194336282
0.5416760444641113286
0.5462551116943359288
0.5512938499450684292
0.556135892868042294
0.5611677169799805296
0.5658571720123291300
0.5705997943878174302
0.5762712955474854306
0.5814235210418701310
0.5860366821289062312
0.590792179107666315
0.5956976413726807318
0.6004407405853271321
0.6052677631378174324
0.6100988388061523327
0.6148583889007568331
0.6199672222137451333
0.6245386600494385337
0.6304502487182617339
0.6353332996368408343
0.6401896476745605345
0.6448020935058594349
0.6498942375183105352
0.65464186668396354
0.6597146987915039358
0.6641466617584229360
0.6693942546844482362
0.6739852428436279367
0.6800520420074463370
0.6846530437469482372
0.6897039413452148376
0.6941208839416504378
0.6993553638458252381
0.7036879062652588384
0.7087802886962891387
0.7133026123046875389
0.7176928520202637393
0.7227151393890381395
0.7287540435791016399
0.7334182262420654402
0.7377886772155762405
0.7427768707275391408
0.7474203109741211411
0.7524549961090088420
0.7660477161407471422
0.7708055973052979425
0.7759006023406982428
0.7822957038879395432
0.7866878509521484434
0.7921350002288818438
0.7965338230133057440
0.8016700744628906444
0.8062307834625244446
0.8112478256225586450
0.8166470527648926453
0.8219587802886963456
0.8263404369354248460
0.8324580192565918462
0.8368124961853027466
0.8421592712402344468
0.8465211391448975471
0.851668119430542475
0.8564038276672363477
0.8615388870239258481
0.8660826683044434483
0.870856523513794486
0.875769853591919489
0.8816602230072021493
0.8862497806549072496
0.8913204669952393499
0.8972151279449463503
0.9022932052612305505
0.9067132472991943509
0.9125494956970215511
0.9171559810638428515
0.9223170280456543517
0.9266624450683594521
0.9327802658081055524
0.937420129776001527
0.9424569606781006530
0.9467999935150146532
0.9521262645721436536
0.9565255641937256538
0.9616680145263672542
0.9662699699401855544
0.9713122844696045548
0.9761667251586914550
0.9812071323394775554
0.9866664409637451556
0.9919588565826416560
0.9963357448577881562
