00
8.153915405273438e-050
0.0288937091827392581
0.0332999229431152342
0.045101404190063484
0.055239439010620127
0.0633127689361572311
0.0745823383331298815
0.0825517177581787122
0.0938901901245117229
0.1059498786926269534
0.1164631843566894540
0.1267819404602050848
0.1408314704895019558
0.151991844177246163
0.1598739624023437570
0.1725862026214599679
0.1851449012756347784
0.195206165313720796
0.2060987949371338102
0.21681952476501465112
0.2307896614074707120
0.24141454696655273130
0.25282883644104004140
0.27254414558410645159
0.2892334461212158167
0.3033912181854248181
0.3188767433166504192
0.33689165115356445206
0.3498260974884033233
0.38894128799438477244
0.3994152545928955252
0.4096813201904297255
0.41477274894714355260
0.41954898834228516263
0.4245140552520752268
0.42937731742858887271
0.43474483489990234276
0.4394865036010742278
0.4444117546081543283
0.450026273727417286
0.4551253318786621291
0.45989418029785156294
0.46504759788513184299
0.4697763919830322302
0.4745919704437256306
0.4794199466705322310
0.48406219482421875314
0.4891669750213623318
0.4939594268798828321
0.5005266666412354327
0.5052611827850342330
0.5100016593933105333
0.5149035453796387338
0.5196657180786133341
0.5244505405426025346
0.5292923450469971349
0.5338761806488037352
0.5389561653137207356
0.5434255599975586360
0.548668384552002364
0.5544180870056152369
0.5592365264892578372
0.5638105869293213375
0.5688798427581787380
0.5732874870300293383
0.5785388946533203386
0.5828719139099121391
0.5875978469848633394
0.5925843715667725397
0.5969498157501221402
0.6031136512756348406
0.6083629131317139410
0.612886905670166414
0.6179940700531006418
0.6224861145019531420
0.6268711090087891425
0.6318507194519043428
0.6365439891815186433
0.6416046619415283439
0.6506507396697998444
0.6561024188995361448
0.661555290222168452
0.665916919708252455
0.6714777946472168460
0.6758661270141602463
0.6809999942779541468
0.6855509281158447470
0.6905534267425537475
0.6952559947967529478
0.7000164985656738485
0.707993745803833488
0.712418794631958491
0.7168099880218506496
0.722003698348999498
0.7267715930938721503
0.7319345474243164506
0.7365803718566895511
0.7416119575500488514
0.7459723949432373517
0.751223087310791522
0.7566757202148438527
0.7617819309234619530
0.766124963760376534
0.771397590637207538
0.7757465839385986541
0.7808961868286133546
0.7854971885681152548
0.7905545234680176553
0.7953693866729736556
0.8003888130187988561
0.8057901859283447566
0.8115756511688232569
0.8159172534942627572
0.8212299346923828577
0.8256158828735352580
0.8307380676269531584
0.8352818489074707588
0.84004807472229591
0.8449907302856445596
0.849757194519043598
0.8556821346282959604
0.860858678817749608
0.8665471076965332613
0.8716030120849609616
0.8759860992431641619
0.8812391757965088624
0.8856046199798584627
0.8907294273376465632
0.8952882289886475634
0.9000420570373535638
0.9050116539001465642
0.9116969108581543647
0.9160594940185547652
0.9215519428253174655
0.9259190559387207658
0.9312317371368408663
0.9356184005737305666
0.940751314163208670
0.9453489780426025674
0.950117826461792677
0.9550299644470215682
0.9609696865081787686
0.9655196666717529689
0.9705491065979004694
0.9753639698028564697
0.9803738594055176702
0.9852156639099121705
0.9899780750274658708
0.9949076175689697712
0.9996707439422607716
