00
8.034706115722656e-050
0.0181109905242919921
0.032484769821166991
0.040852785110473633
0.052116632461547854
0.06291127204895025
0.070956230163574227
0.075657844543457037
0.081240653991699229
0.0874896049499511710
0.0921049118041992211
0.0971801280975341812
0.1016967296600341813
0.1068487167358398415
0.1114456653594970715
0.1166670322418212916
0.1219666004180908218
0.127077102661132819
0.1314909458160400421
0.137190103530883822
0.1416823863983154323
0.14683413505554224
0.1512014865875244126
0.1564381122589111327
0.1606647968292236328
0.1650564670562744129
0.1704375743865966831
0.1766605377197265632
0.180967569351196334
0.1860463619232177735
0.190489530563354536
0.1948652267456054738
0.1998562812805175839
0.2042028903961181641
0.2094776630401611342
0.2138729095458984443
0.2189559936523437545
0.2244973182678222747
0.2296810150146484448
0.234024524688720749
0.2394328117370605551
0.2438395023345947352
0.2489674091339111353
0.253526449203491255
0.258497238159179756
0.26310372352600157
0.267885208129882859
0.2735087871551513761
0.2785887718200683662
0.283246278762817463
0.28794980049133365
0.293047189712524466
0.297762632369995167
0.302595138549804769
0.307389736175537171
0.311946868896484472
0.316970825195312573
0.321352243423461975
0.3274326324462890677
0.332079410552978578
0.3371684551239013779
0.342102527618408281
0.347198724746704182
0.351930618286132883
0.35700631141662685
0.3613524436950683686
0.3665981292724609487
0.371169090270996190
0.3772037029266357491
0.3816905021667480592
0.3868603706359863393
0.391265153884887795
0.39652657508850197
0.400728940963745197
0.4050817489624023499
0.41048598289489746101
0.4148557186126709102
0.41988492012023926103
0.4244716167449951105
0.4304373264312744107
0.4348275661468506108
0.4398186206817627109
0.44498729705810547111
0.45000696182250977113
0.4589509963989258115
0.46365904808044434117
0.46997714042663574118
0.4745802879333496120
0.480867862701416121
0.4855508804321289123
0.49013471603393555124
0.49476099014282227126
0.4999725818634033127
0.5047423839569092129
0.5097880363464355130
0.5151002407073975132
0.520082950592041133
0.5247294902801514135
0.5311706066131592137
0.5362033843994141138
0.5406270027160645139
0.5450105667114258141
0.5508556365966797142
0.5555930137634277144
0.5601770877838135145
0.5647897720336914147
0.5698673725128174148
0.5741963386535645150
0.5805144309997559151
0.5849123001098633153
0.5905153751373291154
0.59661865234375155
0.600933313369751157
0.605623722076416159
0.6101877689361572160
0.6148166656494141161
0.6198067665100098163
0.6241400241851807165
0.6304843425750732166
0.634868860244751167
0.6399731636047363169
0.6445963382720947171
0.6504271030426025171
0.6548435688018799173
0.659844160079956175
0.6641597747802734176
0.6695241928100586177
0.6738650798797607179
0.6789910793304443181
0.6844978332519531182
0.6895287036895752183
0.6938741207122803185
0.6989879608154297186
0.7035336494445801187
0.7085535526275635189
0.713374137878418191
0.7181084156036377191
0.7230234146118164193
0.7277505397796631195
0.7334771156311035196
0.7384827136993408197
0.7431049346923828199
0.747830867767334201
0.7526860237121582202
0.7575075626373291203
0.7624518871307373205
0.7673375606536865207
0.7720601558685303208
0.7771902084350586209
0.7828829288482666211
0.7876276969909668213
0.792168378829956214
0.7972190380096436215
0.8017215728759766217
0.8068461418151855218
0.8112678527832031219
0.8165140151977539221
0.8207528591156006222
0.8251140117645264223
0.830477237701416225
0.8366849422454834226
0.8410191535949707228
0.8460879325866699229
0.8505070209503174231
0.8564069271087646232
0.8606314659118652233
0.8650045394897461235
0.8700251579284668237
0.8746426105499268238
0.879657506942749239
0.8849637508392334241
0.8901612758636475243
0.8947815895080566244
0.8998420238494873245
0.9041662216186523247
0.9094564914703369248
0.9138031005859375249
0.9189362525939941251
0.9234631061553955252
0.9284811019897461253
0.9339029788970947255
0.9390602111816406257
0.9435904026031494258
0.9486100673675537260
0.9534640312194824261
0.9584560394287109262
0.9631052017211914264
0.967836856842041266
0.9740793704986572267
0.9809379577636719270
0.9887502193450928272
0.9948146343231201274
