00
7.82012939453125e-050
0.0205786228179931640
0.032992362976074221
0.043046951293945311
0.0509407520294189452
0.063084363937377933
0.073461771011352543
0.083568096160888675
0.095987081527709965
0.103936672210693367
0.116102933883666997
0.121511220932006848
0.126142263412475599
0.13085818290710459
0.1357245445251464810
0.1404519081115722710
0.145036220550537111
0.150102376937866211
0.156080245971679712
0.1624979972839355513
0.1707520484924316414
0.1767845153808593815
0.1838288307189941416
0.190337419509887717
0.1962854862213134817
0.202652931213378918
0.2096898555755615219
0.21586728096008320
0.223875284194946321
0.2303102016448974622
0.2362315654754638723
0.2426240444183349624
0.2496910095214843825
0.2557582855224609425
0.262345075607299826
0.267992734909057627
0.2739307880401611328
0.2790439128875732428
0.2834541797637939529
0.2878477573394775429
0.292844057083129930
0.2974631786346435531
0.3024971485137939531
0.3068327903747558632
0.311920642852783233
0.316483974456787133
0.3225617408752441434
0.326907157897949235
0.331984996795654335
0.3366954326629638736
0.3418180942535400437
0.346371412277221737
0.3513579368591308638
0.356219291687011739
0.3609876632690429739
0.365875005722045940
0.371722221374511741
0.376738071441650441
0.381896734237670942
0.386431455612182643
0.3914253711700439543
0.396251440048217844
0.4009625911712646545
0.4058749675750732445
0.410645246505737346
0.415401458740234447
0.421003103256225647
0.4259097576141357448
0.4306421279907226649
0.435424327850341849
0.440258502960205150
0.4447712898254394551
0.449847459793090851
0.454434633255004952
0.4596664905548095753
0.4639666080474853553
0.46908569335937554
0.474624395370483455
0.4802019596099853555
0.484936952590942456
0.4900262355804443457
0.494443178176879957
0.499742269515991258
0.504092931747436559
0.509322166442871159
0.513806104660034260
0.518450260162353561
0.52492809295654362
0.530281305313110462
0.53481340408325263
0.539857864379882863
0.544267654418945364
0.549519538879394565
0.553818702697753965
0.558519124984741266
0.563066482543945367
0.567798137664794967
0.57418107986450268
0.579441547393798869
0.584340810775756869
0.58955025672912670
0.593856096267700271
0.598540067672729571
0.603092670440673872
0.607741594314575273
0.612884998321533273
0.617536067962646574
0.622582435607910275
0.627882480621337975
0.633043527603149476
0.637708187103271577
0.642729043960571377
0.647051572799682678
0.652325391769409279
0.656666040420532279
0.661790370941162180
0.666356325149536181
0.671087265014648481
0.676719188690185582
0.681859254837036183
0.686942338943481483
0.692345619201660284
0.69673514366149985
0.701860427856445385
0.706398725509643686
0.71139049530029387
0.7161042690277187
0.720843791961669988
0.726475954055786189
0.731508493423461989
0.736154079437255990
0.740874528884887791
0.74593877792358491
0.750711917877197392
0.755729913711547993
0.760442972183227593
0.764985322952270594
0.770055532455444395
0.774433135986328195
0.780431985855102596
0.784973859786987397
0.790456295013427797
0.795041322708129998
0.800094366073608499
0.80458188056945899
0.8097641468048096100
0.8143138885498047101
0.8195285797119141101
0.8238592147827148102
0.8299894332885742103
0.8344271183013916103
0.8396813869476318104
0.8440792560577393105
0.8493194580078125105
0.8535380363464355106
0.8578982353210449107
0.8629133701324463107
0.8675479888916016108
0.8727595806121826110
0.8867805004119873111
0.8927102088928223111
0.8970499038696289112
0.9025394916534424113
0.906902551651001113
0.9119877815246582114
0.9165713787078857115
0.9216799736022949115
0.9262380599975586116
0.930978536605835117
0.9377889633178711117
0.9428055286407471118
0.947441577911377119
0.9526736736297607119
0.9570841789245605120
0.9623928070068359121
0.9667484760284424121
0.9718711376190186122
0.9764683246612549123
0.9814646244049072123
0.9868733882904053124
0.9927771091461182125
0.9973602294921875126
