00
7.200241088867188e-050
0.01857018470764160
0.0284099578857421880
0.0404653549194335942
0.0483818054199218754
0.06065320968627936
0.067950487136840827
0.07226657867431649
0.0772480964660644510
0.081603050231933611
0.0859541893005371113
0.0908894538879394514
0.0952067375183105516
0.100495338439941418
0.104811668395996119
0.109878540039062522
0.1151378154754638723
0.1205489635467529325
0.1248502731323242226
0.1299216747283935529
0.1343877315521240230
0.1391336917877197332
0.144011974334716834
0.1487009525299072336
0.1532063484191894538
0.1582620143890380940
0.1629431247711181643
0.169203758239746144
0.1741077899932861347
0.178787231445312548
0.1837406158447265651
0.1885340213775634853
0.193055629730224654
0.1980667114257812557
0.202422380447387759
0.2076165676116943461
0.2119650840759277363
0.218047380447387766
0.222395896911621168
0.227584123611450270
0.2317416667938232471
0.236069202423095774
0.2419185638427734476
0.2481482028961181679
0.252607107162475681
0.25778436660766683
0.262070178985595786
0.268139600753784288
0.27308535575866790
0.278108119964599693
0.2824358940124511794
0.2876534461975097796
0.292086601257324299
0.2967386245727539101
0.3016510009765625102
0.30598998069763184105
0.31096315383911133107
0.3155083656311035110
0.32149815559387207112
0.32583117485046387114
0.3308236598968506116
0.3351154327392578118
0.3404989242553711120
0.34482574462890625122
0.3498880863189697125
0.35445237159729004127
0.35912609100341797129
0.3641800880432129131
0.3699045181274414134
0.3748288154602051136
0.37991833686828613138
0.384462833404541140
0.3891479969024658142
0.3940243721008301145
0.3987154960632324147
0.4032268524169922150
0.4082605838775635151
0.4127223491668701153
0.4185647964477539156
0.4235846996307373158
0.42837071418762207160
0.43290209770202637162
0.4379112720489502164
0.44223690032958984167
0.44719600677490234168
0.451580286026001170
0.45589542388916016173
0.46090245246887207175
0.46520185470581055178
0.47125816345214844180
0.4771277904510498182
0.48170948028564453184
0.48604917526245117187
0.49101805686950684188
0.4956066608428955191
0.500720739364624193
0.5050063133239746195
0.5100810527801514198
0.5145754814147949199
0.5206327438354492202
0.5249392986297607204
0.5300145149230957206
0.5345046520233154208
0.5392332077026367210
0.5442342758178711213
0.5489223003387451215
0.553978443145752218
0.5586791038513184219
0.5631709098815918222
0.5682346820831299224
0.5738661289215088226
0.5789120197296143228
0.5839540958404541231
0.5886430740356445233
0.5931758880615234236
0.5982260704040527238
0.6029043197631836239
0.6079165935516357242
0.6127481460571289245
0.6189429759979248248
0.625849723815918250
0.6308634281158447252
0.6351473331451416254
0.641047477722168256
0.6459915637969971259
0.6515741348266602261
0.6559362411499023264
0.6615941524505615266
0.6659471988677979268
0.6709496974945068271
0.6770968437194824273
0.6822378635406494276
0.6872072219848633277
0.6915616989135742279
0.6959023475646973282
0.7008774280548096284
0.7051854133605957285
0.710728645324707288
0.715907096862793291
0.7210314273834229294
0.7272450923919678295
0.7316288948059082297
0.735973596572876300
0.7409183979034424302
0.7451822757720947304
0.7504291534423828306
0.7547447681427002308
0.7597880363464355311
0.7643411159515381312
0.7690091133117676315
0.7761564254760742318
0.7824611663818359320
0.7876577377319336322
0.7919020652770996324
0.7961070537567139327
0.8010902404785156329
0.8056662082672119332
0.810847282409668333
0.8151500225067139335
0.8203856945037842340
0.829780101776123342
0.8344495296478271344
0.8391382694244385346
0.8442623615264893348
0.8489537239074707350
0.8540277481079102353
0.8587489128112793355
0.8635008335113525358
0.8683068752288818360
0.8727655410766602362
0.8786478042602539364
0.8831696510314941367
0.889641284942627368
0.8943252563476562371
0.8990092277526855373
0.9040396213531494376
0.9087507724761963378
0.9135231971740723380
0.9183018207550049382
0.9227216243743896385
0.9286017417907715386
0.9331228733062744388
0.9381465911865234391
0.9427788257598877393
0.9478781223297119395
0.9521350860595703398
0.9571683406829834399
0.9617090225219727401
0.9660372734069824404
0.9710278511047363406
0.9755911827087402408
0.9812426567077637410
0.9858191013336182413
0.9911348819732666414
0.9956879615783691417
